3.6312056737588646e-7	4.434408985236418e19
3.5555555555555553e-7	1.193278082199648e19
3.482993197278911e-7	2.0402140641437258e19
3.413333333333333e-7	2.8438172940157046e18
3.34640522875817e-7	1.3106103078103994e19
3.282051282051282e-7	7.82998894055803e18
3.2201257861635214e-7	5.825861558673372e18
3.160493827160493e-7	6.907698607405617e18
3.1030303030303027e-7	6.582306939194043e18
3.047619047619047e-7	4.5237089097884657e18
2.9941520467836257e-7	4.1383082221607747e18
2.942528735632184e-7	3.5828441612486584e18
2.892655367231638e-7	1.748395324504849e18
2.844444444444444e-7	3.4817955053651666e18
2.797814207650273e-7	1.9606101311224576e17
2.7526881720430106e-7	5.151031359498825e18
2.7089947089947086e-7	6.260291961072817e17
2.666666666666666e-7	1.3235659181596582e19
2.6256410256410255e-7	6.985282637931506e18
2.585858585858586e-7	2.551486698704383e19
2.54726368159204e-7	1.3502632699658707e19
2.5098039215686275e-7	2.3928019886579e19
2.4734299516908207e-7	9.288763259818555e18
2.4380952380952376e-7	7.023985618336313e18
2.4037558685446006e-7	1.5397222387867822e18
2.37037037037037e-7	1.9713746842574678e17
2.3378995433789952e-7	1.826575456319017e18
2.3063063063063062e-7	4.0198323296114975e18
2.2755555555555555e-7	2.928219596188485e18
2.245614035087719e-7	4.624757699075285e18
2.2164502164502162e-7	1.865404850860801e18
2.1880341880341878e-7	2.167504278340378e18
2.160337552742616e-7	5.85684422111322e17
2.133333333333333e-7	5.632347745961109e17
2.1069958847736624e-7	1.1208528033665702e17
2.08130081300813e-7	1.0378842018321051e17
2.0562248995983933e-7	1.3312496206347742e17
2.0317460317460317e-7	5.180193027313412e16
2.0078431372549018e-7	1.4933301746809878e17
1.9844961240310076e-7	6.568412502619642e16
1.961685823754789e-7	7.842712274115338e16
1.939393939393939e-7	2.5329433938876148e16
1.9176029962546815e-7	1.712191495288289e16
1.896296296296296e-7	1.0690913759576279e15
1.8754578754578753e-7	1.2484956289330725e14
1.8550724637681157e-7	3.4930140305026628e16
1.8351254480286738e-7	1.3680737270727796e16
1.8156028368794323e-7	5.280162489388302e16
1.7964912280701754e-7	2.1206623239242084e16
1.7777777777777776e-7	2.613859832453665e16
1.7594501718213055e-7	9.457369016380516e15
1.7414965986394556e-7	2.886413634929012e15
1.7239057239057235e-7	6.753577706935126e14
1.7066666666666666e-7	7.061860864994492e15
1.6897689768976896e-7	7.638037613409833e15
1.673202614379085e-7	1.3681328191072084e16
1.656957928802589e-7	1.1988697378307798e16
1.641025641025641e-7	7.541960948367685e15
1.6253968253968253e-7	6.010943970676714e15
1.6100628930817607e-7	6.154616744247364e14
1.5950155763239874e-7	2.7569257793705205e15
1.5802469135802466e-7	3.0366124342290335e15
1.565749235474006e-7	5.579932259741774e15
1.5515151515151514e-7	6.606489996259428e15
1.5375375375375375e-7	4.373501618609777e15
1.5238095238095236e-7	5.286470917956232e15
1.510324483775811e-7	4.693692182353171e14
1.4970760233918129e-7	3.434077393061114e15
1.4840579710144926e-7	4.929256111665097e15
1.471264367816092e-7	4.736195999655499e15
1.4586894586894585e-7	1.1527770894241352e16
1.446327683615819e-7	7.034733582913047e15
1.434173669467787e-7	8.609037570636266e15
1.422222222222222e-7	5.114627527458424e15
1.4104683195592285e-7	4.560247618863002e15
1.3989071038251365e-7	7.50849175511495e14
1.3875338753387534e-7	6.546031869031266e15
1.3763440860215053e-7	5.112664200753178e14
1.3653333333333334e-7	7.363665123645149e15
1.3544973544973543e-7	1.798351848893766e15
1.3438320209973753e-7	3.734896469043648e15
1.333333333333333e-7	6.504141458652044e14
1.3229974160206715e-7	7.659212822367928e14
1.3128205128205127e-7	1.6880489913584572e14
1.302798982188295e-7	1.071837397975805e15
1.292929292929293e-7	1.2312051498151042e15
1.2832080200501253e-7	1.6197880792216512e15
1.27363184079602e-7	1.1533065050407885e15
1.2641975308641975e-7	7.4548034373106e14
1.2549019607843138e-7	4.647245230263026e14
1.2457420924574208e-7	4.208461667493561e14
1.2367149758454104e-7	7.03150282197655e14
1.2278177458033572e-7	7.508345919081719e14
1.2190476190476188e-7	6.980577039491865e14
1.210401891252955e-7	3.2229695490066075e14
1.2018779342723003e-7	1.1128001539410075e14
1.1934731934731933e-7	1.4591919640392516e14
1.185185185185185e-7	4.126168242809046e14
1.1770114942528734e-7	7.505274931728516e14
1.1689497716894976e-7	7.960163561069399e14
1.1609977324263038e-7	5.1830238997667744e14
1.1531531531531531e-7	1.7405416425839597e14
1.1454138702460848e-7	5.432824319584253e12
1.1377777777777777e-7	1.390376311561529e14
1.1302428256070639e-7	3.9014356497436644e14
1.1228070175438595e-7	4.236460934151879e14
1.1154684095860565e-7	2.1678691156681506e14
1.1082251082251081e-7	1.2527404586700492e13
1.1010752688172043e-7	9.903260325749747e13
1.0940170940170939e-7	4.118348923169945e14
1.0870488322717621e-7	6.206321862191155e14
1.080168776371308e-7	4.2884740697066194e14
1.0733752620545073e-7	1.5775774966332012e14
1.0666666666666666e-7	1.7423506782493575e14
1.0600414078674947e-7	4.6154547578176644e14
1.0534979423868312e-7	5.982020412771634e14
1.0470347648261758e-7	4.336905887957935e14
1.040650406504065e-7	2.8964651632537975e14
1.0343434343434342e-7	5.891849934551505e14
1.0281124497991966e-7	1.0245332205036155e15
1.0219560878243514e-7	1.0118041701371888e15
1.0158730158730159e-7	7.224782262837074e14
1.009861932938856e-7	9.631926964540644e14
1.0039215686274509e-7	1.6716035549247642e15
9.980506822612084e-8	2.153648360880095e15
