3.6312056737588646e-7	7.399268856234631e18
3.5555555555555553e-7	9.590375560005937e18
3.482993197278911e-7	3.001548882696202e18
3.413333333333333e-7	3.997640004289402e18
3.34640522875817e-7	3.166800105898871e18
3.282051282051282e-7	4.016579236873084e18
3.2201257861635214e-7	3.1129069336285276e18
3.160493827160493e-7	2.953222147874773e18
3.1030303030303027e-7	2.2240020824316436e18
3.047619047619047e-7	1.7002924379231368e18
2.9941520467836257e-7	1.8683121918729226e18
2.942528735632184e-7	1.1192042842128675e18
2.892655367231638e-7	7.672431369925951e17
2.844444444444444e-7	1.2306750440683448e18
2.797814207650273e-7	4.7344018078479245e17
2.7526881720430106e-7	2.306391223463071e18
2.7089947089947086e-7	1.0032875931706129e18
2.666666666666666e-7	4.69289638831448e18
2.6256410256410255e-7	3.670424469249161e18
2.585858585858586e-7	6.574407465327426e18
2.54726368159204e-7	6.124035565728016e18
2.5098039215686275e-7	6.211522233294557e18
2.4734299516908207e-7	5.749532793331208e18
2.4380952380952376e-7	4.2750675991338117e18
2.4037558685446006e-7	3.0753491086388756e18
2.37037037037037e-7	8.66754948091789e17
2.3378995433789952e-7	1.1140553794716678e18
2.3063063063063062e-7	4.120009371004293e17
2.2755555555555555e-7	6.730435824456964e17
2.245614035087719e-7	1.0345649871245626e18
2.2164502164502162e-7	3.9350423633909184e17
2.1880341880341878e-7	6.49865513415755e17
2.160337552742616e-7	7.19397439016004e16
2.133333333333333e-7	1.4823913305826048e17
2.1069958847736624e-7	7.17068094555939e16
2.08130081300813e-7	4.547589760952479e16
2.0562248995983933e-7	9.662323119284997e16
2.0317460317460317e-7	1.9494493684791668e16
2.0078431372549018e-7	1.8107559771266064e16
1.9844961240310076e-7	1.96240573280314e16
1.961685823754789e-7	3.1383102476052144e16
1.939393939393939e-7	4.855860912309083e16
1.9176029962546815e-7	2.6850487035434176e16
1.896296296296296e-7	5.971151173252024e15
1.8754578754578753e-7	1.2702967853730425e15
1.8550724637681157e-7	1.5202761506593626e16
1.8351254480286738e-7	1.258362623263626e16
1.8156028368794323e-7	1.238343073008124e16
1.7964912280701754e-7	5.242264200383173e14
1.7777777777777776e-7	5.654837049775166e15
1.7594501718213055e-7	1.38271125394479e16
1.7414965986394556e-7	1.0168460321866536e16
1.7239057239057235e-7	2.607812102902423e15
1.7066666666666666e-7	1.0494868240405261e15
1.6897689768976896e-7	4.176034003523676e15
1.673202614379085e-7	3.7139109172472295e15
1.656957928802589e-7	8.767495034254394e13
1.641025641025641e-7	1.7710294327148725e15
1.6253968253968253e-7	4.884555911060871e15
1.6100628930817607e-7	1.3005648909071122e15
1.5950155763239874e-7	7.11629588312108e14
1.5802469135802466e-7	1.925376511202578e15
1.565749235474006e-7	3.011417445022262e15
1.5515151515151514e-7	1.2562784118826219e14
1.5375375375375375e-7	1.476196477472434e15
1.5238095238095236e-7	2.6563491835118475e14
1.510324483775811e-7	7.843538365852697e13
1.4970760233918129e-7	1.2044139841089235e15
1.4840579710144926e-7	2.255350624556062e14
1.471264367816092e-7	6.865808793424816e14
1.4586894586894585e-7	1.2454962316175342e15
1.446327683615819e-7	9.904000326767702e13
1.434173669467787e-7	3.984855115875726e14
1.422222222222222e-7	6.406881728333792e13
1.4104683195592285e-7	2.419645187931006e14
1.3989071038251365e-7	1.8003428132425914e13
1.3875338753387534e-7	3.974142481942371e14
1.3763440860215053e-7	5.506447684791518e12
1.3653333333333334e-7	4.227086741124025e14
1.3544973544973543e-7	4.6219720192557266e13
1.3438320209973753e-7	2.5805418187111794e14
1.333333333333333e-7	2.1577691330013994e14
1.3229974160206715e-7	2.4426453698078438e12
1.3128205128205127e-7	9.56852121421894e13
1.302798982188295e-7	1.1087215193418916e14
1.292929292929293e-7	6.1895252704994234e13
1.2832080200501253e-7	2.3577655378892934e13
1.27363184079602e-7	1.5160968604649468e12
1.2641975308641975e-7	1.5703396889963056e14
1.2549019607843138e-7	3.8199241730751594e14
1.2457420924574208e-7	2.0974358169306616e14
1.2367149758454104e-7	1.3656557401298103e14
1.2278177458033572e-7	4.65856278419238e13
1.2190476190476188e-7	1.595308141246076e13
1.210401891252955e-7	6.134529502371035e13
1.2018779342723003e-7	2.9315446498647812e13
1.1934731934731933e-7	4.366093009250808e13
1.185185185185185e-7	4.131102893555127e13
1.1770114942528734e-7	4.482300645363166e13
1.1689497716894976e-7	1.009948769613095e13
1.1609977324263038e-7	8.304277688850931e12
1.1531531531531531e-7	9.57858920073335e12
1.1454138702460848e-7	6.551862517025222e12
1.1377777777777777e-7	1.7284404769933709e13
1.1302428256070639e-7	2.798197246616004e12
1.1228070175438595e-7	2.69884484716493e13
1.1154684095860565e-7	1.1913606481943193e13
1.1082251082251081e-7	1.2061307353119926e13
1.1010752688172043e-7	3.590999530864328e13
1.0940170940170939e-7	4.1705728285687656e12
1.0870488322717621e-7	1.4415547157851853e12
1.080168776371308e-7	5.347090082831865e13
1.0733752620545073e-7	1.526386532541989e13
1.0666666666666666e-7	5.3687296091783417e11
1.0600414078674947e-7	4.1189648075374484e13
1.0534979423868312e-7	8.850295849192511e11
1.0470347648261758e-7	2.182326357094804e13
1.040650406504065e-7	6.900959829452177e13
1.0343434343434342e-7	6.010893581778192e13
1.0281124497991966e-7	2.974696966379652e13
1.0219560878243514e-7	5.510411944665824e12
1.0158730158730159e-7	1.714277312653672e13
1.009861932938856e-7	2.5600949430500414e13
1.0039215686274509e-7	2.2973567913494543e13
9.980506822612084e-8	2.21702694926755e13
