3.6312056737588646e-7	3.4055738124134605e18
3.5555555555555553e-7	3.021638630480634e18
3.482993197278911e-7	5.009277919385011e18
3.413333333333333e-7	3.8525700798980797e18
3.34640522875817e-7	4.0530752915050383e18
3.282051282051282e-7	2.2517420420346524e18
3.2201257861635214e-7	3.111808999822218e18
3.160493827160493e-7	2.4187263860285937e18
3.1030303030303027e-7	2.449410783769774e18
3.047619047619047e-7	1.480436233935995e18
2.9941520467836257e-7	1.306024162050352e18
2.942528735632184e-7	8.165135112128223e17
2.892655367231638e-7	4.3692600358483866e17
2.844444444444444e-7	1.5515320462477443e18
2.797814207650273e-7	1.219187069831514e17
2.7526881720430106e-7	3.305031578761724e18
2.7089947089947086e-7	4.544416873912588e16
2.666666666666666e-7	3.929571117027163e18
2.6256410256410255e-7	1.8153065110114056e18
2.585858585858586e-7	1.0718597433502775e19
2.54726368159204e-7	6.460150389819877e18
2.5098039215686275e-7	1.586907232611521e19
2.4734299516908207e-7	8.527982222720449e18
2.4380952380952376e-7	1.1612518952633709e19
2.4037558685446006e-7	7.210001362579323e18
2.37037037037037e-7	5.183353835598742e18
2.3378995433789952e-7	3.203324869314706e18
2.3063063063063062e-7	6.166640790454897e17
2.2755555555555555e-7	8.44766556612226e17
2.245614035087719e-7	4.4625026670505466e17
2.2164502164502162e-7	9.06801853271718e16
2.1880341880341878e-7	4.428950531000772e16
2.160337552742616e-7	4.594543612722044e17
2.133333333333333e-7	1.8356851712661027e17
2.1069958847736624e-7	1.103069868905374e16
2.08130081300813e-7	1.1597769293774256e17
2.0562248995983933e-7	2.7404117623450268e16
2.0317460317460317e-7	5.35674381304924e16
2.0078431372549018e-7	9.10261355129406e16
1.9844961240310076e-7	3.4888066437191196e16
1.961685823754789e-7	2.1314504060606496e16
1.939393939393939e-7	5.123689908079628e16
1.9176029962546815e-7	8.017019226141426e15
1.896296296296296e-7	2.7829934160422716e16
1.8754578754578753e-7	1.8205020134501364e16
1.8550724637681157e-7	1.212581295119499e16
1.8351254480286738e-7	2.3561573202028904e16
1.8156028368794323e-7	4.477851226455973e15
1.7964912280701754e-7	2.359711123218691e16
1.7777777777777776e-7	4.2562553967343905e15
1.7594501718213055e-7	1.921497565980673e16
1.7414965986394556e-7	3.247114195799595e15
1.7239057239057235e-7	1.2804598013068354e16
1.7066666666666666e-7	1.5794754122944185e15
1.6897689768976896e-7	7.587215708779028e15
1.673202614379085e-7	4.799888558590814e15
1.656957928802589e-7	2.952273718235749e15
1.641025641025641e-7	9.167342273048264e15
1.6253968253968253e-7	1.6565431365489965e15
1.6100628930817607e-7	5.382942689981376e15
1.5950155763239874e-7	5.08353726779012e15
1.5802469135802466e-7	1.4306158390237245e15
1.565749235474006e-7	4.72377929589848e14
1.5515151515151514e-7	3.9729174479746865e15
1.5375375375375375e-7	2.481195259030109e15
1.5238095238095236e-7	1.8901419120346692e15
1.510324483775811e-7	9.787547763976771e14
1.4970760233918129e-7	5.767621202127878e14
1.4840579710144926e-7	5.1653470745468975e14
1.471264367816092e-7	9.839426568252346e14
1.4586894586894585e-7	7.188297040420182e14
1.446327683615819e-7	6.77491804254088e14
1.434173669467787e-7	5.228153719454861e14
1.422222222222222e-7	4.297362144402849e14
1.4104683195592285e-7	3.5506516411399925e14
1.3989071038251365e-7	4.9181105253211325e14
1.3875338753387534e-7	3.6984397935715075e14
1.3763440860215053e-7	4.52215385332787e14
1.3653333333333334e-7	3.582035045243499e14
1.3544973544973543e-7	3.637631049474265e14
1.3438320209973753e-7	2.4896508645753528e14
1.333333333333333e-7	2.4201349170514588e14
1.3229974160206715e-7	1.646612705583675e14
1.3128205128205127e-7	1.6535616934071478e14
1.302798982188295e-7	1.4368575283738997e14
1.292929292929293e-7	1.3811885426110233e14
1.2832080200501253e-7	1.3462893384284603e14
1.27363184079602e-7	1.2839165899050788e14
1.2641975308641975e-7	1.2316742396716344e14
1.2549019607843138e-7	1.098057447907612e14
1.2457420924574208e-7	9.374025799446267e13
1.2367149758454104e-7	7.899011588207512e13
1.2278177458033572e-7	6.752180147371595e13
1.2190476190476188e-7	5.12563446705547e13
1.210401891252955e-7	4.112593400561089e13
1.2018779342723003e-7	3.396398827065414e13
1.1934731934731933e-7	3.6132142489219914e13
1.185185185185185e-7	4.049051133535902e13
1.1770114942528734e-7	4.140496990883115e13
1.1689497716894976e-7	4.041366881843738e13
1.1609977324263038e-7	2.810293180159495e13
1.1531531531531531e-7	2.7611703629007336e13
1.1454138702460848e-7	1.658105557396557e13
1.1377777777777777e-7	1.723666221225005e13
1.1302428256070639e-7	8.4329304599378125e12
1.1228070175438595e-7	9.038152341555562e12
1.1154684095860565e-7	1.4772353901029568e13
1.1082251082251081e-7	1.0479873369036814e13
1.1010752688172043e-7	1.0224347423275156e13
1.0940170940170939e-7	1.2369722209925771e13
1.0870488322717621e-7	1.1075506500856643e13
1.080168776371308e-7	7.239429451987498e12
1.0733752620545073e-7	2.574849655239103e12
1.0666666666666666e-7	4.46680928178048e12
1.0600414078674947e-7	4.791010015789878e12
1.0534979423868312e-7	2.8990218073957646e12
1.0470347648261758e-7	1.4946737589438315e12
1.040650406504065e-7	4.013774809714359e12
1.0343434343434342e-7	5.707685534334599e12
1.0281124497991966e-7	1.7654526184906807e12
1.0219560878243514e-7	5.73622195633717e11
1.0158730158730159e-7	3.4356266159723086e12
1.009861932938856e-7	9.566305937869863e11
1.0039215686274509e-7	2.150824613502562e12
9.980506822612084e-8	3.640183666750668e10
