3.6312056737588646e-7	1.4777455789273894e20
3.5555555555555553e-7	1.6555040031163236e20
3.482993197278911e-7	5.186013379432889e19
3.413333333333333e-7	2.2985990641588827e20
3.34640522875817e-7	7.86566434302674e19
3.282051282051282e-7	3.0388850308815946e20
3.2201257861635214e-7	1.1131420688424568e20
3.160493827160493e-7	1.2768666714747304e20
3.1030303030303027e-7	2.4690288506964607e20
3.047619047619047e-7	3.064948187600519e20
2.9941520467836257e-7	2.0880819642630082e20
2.942528735632184e-7	5.99412335664582e20
2.892655367231638e-7	9.45582754546511e20
2.844444444444444e-7	3.230544640400627e20
2.797814207650273e-7	1.6016313820053792e21
2.7526881720430106e-7	1.5064990502920493e21
2.7089947089947086e-7	1.5804099503006136e21
2.666666666666666e-7	2.1644634265598092e21
2.6256410256410255e-7	2.456985941935808e21
2.585858585858586e-7	2.181187522858937e21
2.54726368159204e-7	3.08202034670539e21
2.5098039215686275e-7	4.4743639648922297e21
2.4734299516908207e-7	2.9023994009364783e21
2.4380952380952376e-7	3.744321468979938e21
2.4037558685446006e-7	3.5107294792288767e21
2.37037037037037e-7	1.9530302258185448e21
2.3378995433789952e-7	1.8490659924721703e21
2.3063063063063062e-7	1.4443222505869313e21
2.2755555555555555e-7	8.049135977894338e20
2.245614035087719e-7	9.222546690911218e20
2.2164502164502162e-7	1.672625776841654e21
2.1880341880341878e-7	6.948655296560183e20
2.160337552742616e-7	1.1220178766788474e21
2.133333333333333e-7	6.768297407705235e20
2.1069958847736624e-7	2.4205277404995807e20
2.08130081300813e-7	1.8011042766603367e20
2.0562248995983933e-7	2.6479624858933307e20
2.0317460317460317e-7	1.818596543891114e20
2.0078431372549018e-7	4.2393654172604255e20
1.9844961240310076e-7	7.353727606422809e20
1.961685823754789e-7	3.844620299663159e20
1.939393939393939e-7	7.78779290135177e20
1.9176029962546815e-7	5.408371807328523e20
1.896296296296296e-7	4.169191276932264e20
1.8754578754578753e-7	5.697681223747581e20
1.8550724637681157e-7	3.32189131659162e20
1.8351254480286738e-7	2.9812293620933657e20
1.8156028368794323e-7	3.4859660898635737e20
1.7964912280701754e-7	1.1518260247957437e20
1.7777777777777776e-7	1.7205654419040217e20
1.7594501718213055e-7	9.439809634451741e19
1.7414965986394556e-7	2.677701077582571e19
1.7239057239057235e-7	4.137565113194476e19
1.7066666666666666e-7	1.4847797371435934e19
1.6897689768976896e-7	3.619711435678819e18
1.673202614379085e-7	1.4819217107705508e18
1.656957928802589e-7	2.76887684668915e18
1.641025641025641e-7	4.328234197659229e18
1.6253968253968253e-7	3.871415600308735e18
1.6100628930817607e-7	9.171531353523794e17
1.5950155763239874e-7	6.018976071480476e18
1.5802469135802466e-7	1.0021209421698273e19
1.565749235474006e-7	9.230413189383336e18
1.5515151515151514e-7	1.3883273788585718e19
1.5375375375375375e-7	1.8205788428695687e19
1.5238095238095236e-7	3.714260124876818e19
1.510324483775811e-7	2.0151126842964484e19
1.4970760233918129e-7	2.9220796781703987e19
1.4840579710144926e-7	1.490900854391775e19
1.471264367816092e-7	1.8351107240530178e19
1.4586894586894585e-7	2.5473526325589427e18
1.446327683615819e-7	1.941311349200825e18
1.434173669467787e-7	1.2378169149779636e19
1.422222222222222e-7	2.069128839881551e19
1.4104683195592285e-7	3.300890867545043e19
1.3989071038251365e-7	1.1141252565082837e19
1.3875338753387534e-7	3.1529579235310633e18
1.3763440860215053e-7	5.1552484090292134e17
1.3653333333333334e-7	6.586794754653182e18
1.3544973544973543e-7	1.386788059221528e19
1.3438320209973753e-7	1.3771105685132685e19
1.333333333333333e-7	2.1015253831177395e18
1.3229974160206715e-7	2.2654384602186886e17
1.3128205128205127e-7	2.3695194519921536e18
1.302798982188295e-7	3.6679620840721423e18
1.292929292929293e-7	3.9290979335314857e18
1.2832080200501253e-7	3.58032442128358e17
1.27363184079602e-7	2.261954985493266e18
1.2641975308641975e-7	1.224810059135754e18
1.2549019607843138e-7	8.099872674652735e17
1.2457420924574208e-7	6.45333291897997e17
1.2367149758454104e-7	1.4486773667313257e18
1.2278177458033572e-7	1.0570466543633574e17
1.2190476190476188e-7	7.003445085362292e17
1.210401891252955e-7	1.8724517479217114e17
1.2018779342723003e-7	3.2611593871650125e17
1.1934731934731933e-7	1.1166302854124238e17
1.185185185185185e-7	7.164723849951189e16
1.1770114942528734e-7	1.1150369020056147e17
1.1689497716894976e-7	6.775446803052878e16
1.1609977324263038e-7	3.3790849444813606e17
1.1531531531531531e-7	3.0406166018016224e16
1.1454138702460848e-7	4.6264084288363046e17
1.1377777777777777e-7	2.10150692970904e16
1.1302428256070639e-7	3.447415549935507e17
1.1228070175438595e-7	1.717029811734886e16
1.1154684095860565e-7	2.0224862800787744e17
1.1082251082251081e-7	3.034509363334156e15
1.1010752688172043e-7	6.656898128083473e16
1.0940170940170939e-7	7.532986317722535e15
1.0870488322717621e-7	1.6897070351944026e16
1.080168776371308e-7	1.165655449411802e16
1.0733752620545073e-7	9.295188567810314e15
1.0666666666666666e-7	1.308000746399375e16
1.0600414078674947e-7	1.3242166294776748e16
1.0534979423868312e-7	9.364394304767016e15
1.0470347648261758e-7	1.80866936839895e16
1.040650406504065e-7	2.5215319704796065e15
1.0343434343434342e-7	1.709236830267822e16
1.0281124497991966e-7	1.483970301097944e15
1.0219560878243514e-7	8.216077372659908e15
1.0158730158730159e-7	2.5076265080554595e15
1.009861932938856e-7	1.413646264003892e15
1.0039215686274509e-7	3.4084122589610885e15
9.980506822612084e-8	2.0709875055304466e14
