3.6312056737588646e-7	3.058885846341705e20
3.5555555555555553e-7	4.8672401183627516e20
3.482993197278911e-7	2.0369117818487816e20
3.413333333333333e-7	1.0208922066510928e20
3.34640522875817e-7	1.7311715697208564e20
3.282051282051282e-7	1.7733238904679278e20
3.2201257861635214e-7	4.690443619934104e19
3.160493827160493e-7	2.054709483522272e20
3.1030303030303027e-7	4.15592193124554e20
3.047619047619047e-7	4.1554090245572585e20
2.9941520467836257e-7	1.9697369329207188e20
2.942528735632184e-7	1.030827354231134e21
2.892655367231638e-7	4.905525481913818e20
2.844444444444444e-7	5.74397907057885e20
2.797814207650273e-7	1.1134104594500337e21
2.7526881720430106e-7	8.37964633519705e20
2.7089947089947086e-7	7.997846539004231e20
2.666666666666666e-7	8.02353594520627e20
2.6256410256410255e-7	8.244716593116435e20
2.585858585858586e-7	1.2902068558057288e20
2.54726368159204e-7	5.720156760714855e20
2.5098039215686275e-7	8.95918514195972e20
2.4734299516908207e-7	3.586820625108796e20
2.4380952380952376e-7	2.4766206705372948e20
2.4037558685446006e-7	3.8774118211480774e20
2.37037037037037e-7	7.239017262424253e20
2.3378995433789952e-7	4.923962966154023e20
2.3063063063063062e-7	1.0022378114994346e21
2.2755555555555555e-7	1.7345254540235778e21
2.245614035087719e-7	1.126611679764862e21
2.2164502164502162e-7	1.7491832415111873e21
2.1880341880341878e-7	1.3437611252073276e21
2.160337552742616e-7	7.8774430773072e20
2.133333333333333e-7	8.262748774851311e20
2.1069958847736624e-7	7.866532719086119e20
2.08130081300813e-7	2.491342583918372e20
2.0562248995983933e-7	4.820308215866884e20
2.0317460317460317e-7	2.0366122470507554e20
2.0078431372549018e-7	5.035231833600169e19
1.9844961240310076e-7	7.403445021007566e19
1.961685823754789e-7	2.5900097263202347e20
1.939393939393939e-7	2.3784037748244778e20
1.9176029962546815e-7	3.5065621313521674e20
1.896296296296296e-7	5.586581481136521e20
1.8754578754578753e-7	3.189809221940266e20
1.8550724637681157e-7	3.5139424823814016e20
1.8351254480286738e-7	3.7839465671410464e20
1.8156028368794323e-7	1.6963216207539097e20
1.7964912280701754e-7	2.2708334237105317e20
1.7777777777777776e-7	2.3753897542797974e20
1.7594501718213055e-7	1.1671539326376349e20
1.7414965986394556e-7	1.2394029703173276e20
1.7239057239057235e-7	1.313166835523399e20
1.7066666666666666e-7	3.798625653016129e19
1.6897689768976896e-7	2.0941939434290057e19
1.673202614379085e-7	2.2087980891792237e19
1.656957928802589e-7	1.083664282510065e19
1.641025641025641e-7	7.756743873697794e18
1.6253968253968253e-7	1.4635941406270042e18
1.6100628930817607e-7	5.983424545873103e18
1.5950155763239874e-7	6.407636162215366e17
1.5802469135802466e-7	3.6110785002920637e18
1.565749235474006e-7	1.2366491504877e19
1.5515151515151514e-7	2.514110841430286e18
1.5375375375375375e-7	4.3813345154831165e18
1.5238095238095236e-7	6.329003428660503e17
1.510324483775811e-7	1.1670449950705462e18
1.4970760233918129e-7	6.046792402828679e18
1.4840579710144926e-7	5.570822177854306e18
1.471264367816092e-7	7.124101743133528e18
1.4586894586894585e-7	2.2544361787328404e18
1.446327683615819e-7	1.8478197022491205e18
1.434173669467787e-7	5.704557409064891e18
1.422222222222222e-7	8.584505921742974e18
1.4104683195592285e-7	3.939599766340558e18
1.3989071038251365e-7	1.5044112527508854e18
1.3875338753387534e-7	1.2885630703286327e19
1.3763440860215053e-7	7.292270246802387e18
1.3653333333333334e-7	9.045807851805709e17
1.3544973544973543e-7	5.670229234044834e18
1.3438320209973753e-7	8.400258940940502e18
1.333333333333333e-7	5.1653592023926394e17
1.3229974160206715e-7	1.5032879381444818e18
1.3128205128205127e-7	5.440761665942282e18
1.302798982188295e-7	1.9392504274376755e17
1.292929292929293e-7	4.5742704089644365e18
1.2832080200501253e-7	1.0703148937776748e18
1.27363184079602e-7	1.8257601316911027e18
1.2641975308641975e-7	8.659983261767818e17
1.2549019607843138e-7	7.489039175805748e17
1.2457420924574208e-7	3.8588741004835584e17
1.2367149758454104e-7	1.1472799022039923e18
1.2278177458033572e-7	9.431996097908568e17
1.2190476190476188e-7	7.722417512636026e17
1.210401891252955e-7	1.4242266936948722e17
1.2018779342723003e-7	7.287446221328276e17
1.1934731934731933e-7	8.696749784622742e16
1.185185185185185e-7	2.6074303527807706e17
1.1770114942528734e-7	6.164939427784164e16
1.1689497716894976e-7	1.0739514099258886e17
1.1609977324263038e-7	3.689703901198245e16
1.1531531531531531e-7	5.3793160757719496e16
1.1454138702460848e-7	5.549792006440182e16
1.1377777777777777e-7	3.929928993585141e16
1.1302428256070639e-7	8.248723021200693e16
1.1228070175438595e-7	3.751929640003638e16
1.1154684095860565e-7	8.698597155109973e16
1.1082251082251081e-7	3.467508646989286e16
1.1010752688172043e-7	6.718892661823923e16
1.0940170940170939e-7	1.2990460745856376e16
1.0870488322717621e-7	3.327444996026021e16
1.080168776371308e-7	2.2530968602986315e15
1.0733752620545073e-7	1.2227964298852428e16
1.0666666666666666e-7	7.002216458076616e13
1.0600414078674947e-7	4.829183172997002e15
1.0534979423868312e-7	6.36235300054349e14
1.0470347648261758e-7	3.2860184801869415e15
1.040650406504065e-7	5.393881393862109e14
1.0343434343434342e-7	2.647611991468562e15
1.0281124497991966e-7	4.1751455363782056e14
1.0219560878243514e-7	2.291153303123349e15
1.0158730158730159e-7	5.448851700601983e14
1.009861932938856e-7	3.089151906911438e14
1.0039215686274509e-7	1.4235443273584762e15
9.980506822612084e-8	1.4568534621353222e15
