3.6312056737588646e-7	3.80966721317456e20
3.5555555555555553e-7	1.698872849448663e21
3.482993197278911e-7	4.828521259604109e20
3.413333333333333e-7	9.661990466007387e20
3.34640522875817e-7	8.342636735454131e20
3.282051282051282e-7	3.329269633653008e20
3.2201257861635214e-7	4.479509620298411e20
3.160493827160493e-7	5.624466863570616e20
3.1030303030303027e-7	3.834772062300179e19
3.047619047619047e-7	3.765681653394099e20
2.9941520467836257e-7	2.096605086194517e20
2.942528735632184e-7	1.878920460548559e20
2.892655367231638e-7	6.312838323969764e20
2.844444444444444e-7	7.111097046626625e20
2.797814207650273e-7	5.992557041862194e20
2.7526881720430106e-7	1.4818713658019425e21
2.7089947089947086e-7	2.018998654470444e21
2.666666666666666e-7	1.7389910777619709e21
2.6256410256410255e-7	2.443344241509649e21
2.585858585858586e-7	2.3294293826688482e21
2.54726368159204e-7	1.81626090260675e21
2.5098039215686275e-7	1.1463507825176847e21
2.4734299516908207e-7	8.391392336912181e20
2.4380952380952376e-7	3.375392606255105e20
2.4037558685446006e-7	8.29377730189572e19
2.37037037037037e-7	7.158357619406689e19
2.3378995433789952e-7	1.5512950523644586e20
2.3063063063063062e-7	6.660527383150925e20
2.2755555555555555e-7	8.146462740803174e20
2.245614035087719e-7	1.4580394569119063e21
2.2164502164502162e-7	1.5542554559756055e21
2.1880341880341878e-7	9.564713253661817e20
2.160337552742616e-7	1.0123732947435081e21
2.133333333333333e-7	7.395438251902012e20
2.1069958847736624e-7	1.5108404134619018e20
2.08130081300813e-7	1.1730489540858393e20
2.0562248995983933e-7	1.5128015496144614e20
2.0317460317460317e-7	1.3280783087161164e20
2.0078431372549018e-7	4.13268663166556e19
1.9844961240310076e-7	4.545241070832712e19
1.961685823754789e-7	6.532388071986119e19
1.939393939393939e-7	6.408354634604388e19
1.9176029962546815e-7	3.986772830207571e19
1.896296296296296e-7	4.27808858162254e19
1.8754578754578753e-7	1.624586274478768e20
1.8550724637681157e-7	1.85918727954062e20
1.8351254480286738e-7	1.303509069974081e20
1.8156028368794323e-7	1.1579981238082332e20
1.7964912280701754e-7	2.1344044491560216e20
1.7777777777777776e-7	1.9704869863681307e20
1.7594501718213055e-7	1.4674319731935237e20
1.7414965986394556e-7	1.3253925366158166e20
1.7239057239057235e-7	1.3985190682255868e20
1.7066666666666666e-7	7.737903633531263e19
1.6897689768976896e-7	3.3120583458181968e19
1.673202614379085e-7	1.892355310923201e19
1.656957928802589e-7	2.8999563635522626e19
1.641025641025641e-7	2.9655359814076555e19
1.6253968253968253e-7	2.6915739737610174e19
1.6100628930817607e-7	2.0154374693778612e19
1.5950155763239874e-7	9.36443686182819e18
1.5802469135802466e-7	2.2863801440158907e18
1.565749235474006e-7	1.1715024947336503e19
1.5515151515151514e-7	1.7532996740753285e19
1.5375375375375375e-7	1.2423583997864303e19
1.5238095238095236e-7	4.2288279951718676e18
1.510324483775811e-7	1.6683050833603482e19
1.4970760233918129e-7	1.029709682623062e19
1.4840579710144926e-7	1.7600725671095662e18
1.471264367816092e-7	7.193190119550622e18
1.4586894586894585e-7	7.607199904047535e18
1.446327683615819e-7	3.103816780395207e18
1.434173669467787e-7	1.0900258742328838e19
1.422222222222222e-7	5.532256583733762e17
1.4104683195592285e-7	6.524031623869508e18
1.3989071038251365e-7	1.6735614766438666e17
1.3875338753387534e-7	2.5549464587888763e18
1.3763440860215053e-7	1.7976703927054707e17
1.3653333333333334e-7	3.063275339446671e18
1.3544973544973543e-7	2.8692218988213658e17
1.3438320209973753e-7	9.230295553372014e17
1.333333333333333e-7	1.0401342853395787e17
1.3229974160206715e-7	9.737118619121043e17
1.3128205128205127e-7	6.773939145838337e15
1.302798982188295e-7	4.045806513039826e17
1.292929292929293e-7	5.056299391220276e15
1.2832080200501253e-7	6.970323541571131e16
1.27363184079602e-7	4.6214068845786104e16
1.2641975308641975e-7	5.050764781602008e16
1.2549019607843138e-7	2.0255841778425344e17
1.2457420924574208e-7	2.1599570159337142e17
1.2367149758454104e-7	3.9936870320880154e17
1.2278177458033572e-7	3.0599193772409754e17
1.2190476190476188e-7	4.169960503009719e17
1.210401891252955e-7	2.7959514085964278e17
1.2018779342723003e-7	3.078116661256842e17
1.1934731934731933e-7	1.698258881062044e17
1.185185185185185e-7	1.5637040469790893e17
1.1770114942528734e-7	5.984547919405729e16
1.1689497716894976e-7	5.952573913624176e16
1.1609977324263038e-7	9.611130952934328e15
1.1531531531531531e-7	1.1178128727970964e16
1.1454138702460848e-7	3.308295707131791e14
1.1377777777777777e-7	4.86921390046114e14
1.1302428256070639e-7	2.5245833596880995e15
1.1228070175438595e-7	5.604339268915921e14
1.1154684095860565e-7	4.303342749205411e15
1.1082251082251081e-7	3.823597496457937e14
1.1010752688172043e-7	2.902091953751694e15
1.0940170940170939e-7	1.0890516679640856e14
1.0870488322717621e-7	8.478970819357775e14
1.080168776371308e-7	1.1671792814976665e15
1.0733752620545073e-7	2.2405079636672382e15
1.0666666666666666e-7	4.0233449728759475e15
1.0600414078674947e-7	2.820397766520018e15
1.0534979423868312e-7	6.739395438839024e15
1.0470347648261758e-7	3.0918928670133855e15
1.040650406504065e-7	3.0070804047450925e15
1.0343434343434342e-7	2.58189470977656e15
1.0281124497991966e-7	1.3714477729089915e15
1.0219560878243514e-7	6.764065903125405e14
1.0158730158730159e-7	8.006220211688288e13
1.009861932938856e-7	3.9848042593986125e13
1.0039215686274509e-7	2.667877003440838e15
9.980506822612084e-8	1.6305464818393802e15
