3.6312056737588646e-7	4.582851600072928e20
3.5555555555555553e-7	2.2309629483200946e19
3.482993197278911e-7	3.477997189986927e20
3.413333333333333e-7	1.5639859337281761e19
3.34640522875817e-7	1.4963925946166238e20
3.282051282051282e-7	7.183672647954974e19
3.2201257861635214e-7	6.001952402403323e19
3.160493827160493e-7	4.0905776509773046e19
3.1030303030303027e-7	1.2263495181951466e20
3.047619047619047e-7	4.802911415198411e19
2.9941520467836257e-7	9.888298588983543e19
2.942528735632184e-7	4.4809962922220585e20
2.892655367231638e-7	1.4537096993201327e20
2.844444444444444e-7	4.336731150445867e20
2.797814207650273e-7	5.46586001498966e20
2.7526881720430106e-7	6.516963755714819e20
2.7089947089947086e-7	5.906664847257032e20
2.666666666666666e-7	9.009515769349719e20
2.6256410256410255e-7	9.366653065540251e20
2.585858585858586e-7	3.25707383198014e20
2.54726368159204e-7	1.205986472206869e21
2.5098039215686275e-7	1.529868573335897e21
2.4734299516908207e-7	1.3796274755832997e21
2.4380952380952376e-7	1.308970851953443e21
2.4037558685446006e-7	1.2559663215665668e21
2.37037037037037e-7	5.508416342157199e20
2.3378995433789952e-7	1.1146692434342792e20
2.3063063063063062e-7	4.798517977006358e20
2.2755555555555555e-7	3.690145396389997e20
2.245614035087719e-7	1.8654554854518653e20
2.2164502164502162e-7	2.350553495330798e20
2.1880341880341878e-7	3.695004055980536e20
2.160337552742616e-7	3.7291027420240144e20
2.133333333333333e-7	1.5229286284032203e20
2.1069958847736624e-7	3.708160913742631e20
2.08130081300813e-7	2.315356264854599e20
2.0562248995983933e-7	1.7074334193897118e20
2.0317460317460317e-7	4.4982047746738926e20
2.0078431372549018e-7	3.1245875423622804e20
1.9844961240310076e-7	1.3141518108878732e20
1.961685823754789e-7	1.7942338175766734e20
1.939393939393939e-7	1.6513038506439662e20
1.9176029962546815e-7	2.453660984240044e19
1.896296296296296e-7	1.787467815874202e20
1.8754578754578753e-7	1.557038024731959e20
1.8550724637681157e-7	2.4238676959149244e19
1.8351254480286738e-7	2.877291354665909e19
1.8156028368794323e-7	8.204367614047302e19
1.7964912280701754e-7	1.1212442711481142e20
1.7777777777777776e-7	7.796714845263697e19
1.7594501718213055e-7	3.0199937380430106e20
1.7414965986394556e-7	9.468676903936457e19
1.7239057239057235e-7	6.755145474859617e19
1.7066666666666666e-7	6.677081920918625e19
1.6897689768976896e-7	7.722164217969186e19
1.673202614379085e-7	4.071374182716648e19
1.656957928802589e-7	2.3765979619354414e20
1.641025641025641e-7	3.194696789010426e20
1.6253968253968253e-7	2.1179690354953965e20
1.6100628930817607e-7	3.3726078198302455e20
1.5950155763239874e-7	2.9623908813705924e20
1.5802469135802466e-7	1.31641441730193e20
1.565749235474006e-7	2.7725344965922993e20
1.5515151515151514e-7	1.3235970386294586e20
1.5375375375375375e-7	9.769457826871247e19
1.5238095238095236e-7	1.2727659930988924e20
1.510324483775811e-7	6.641009736920908e19
1.4970760233918129e-7	7.82435062467533e18
1.4840579710144926e-7	3.2109977000776835e19
1.471264367816092e-7	1.188246480571473e19
1.4586894586894585e-7	1.869521379796822e18
1.446327683615819e-7	5.025644626200982e18
1.434173669467787e-7	2.2898639989941507e18
1.422222222222222e-7	9.69603657561686e18
1.4104683195592285e-7	1.9117396432692974e19
1.3989071038251365e-7	4.118630479927516e18
1.3875338753387534e-7	3.0176996651341306e17
1.3763440860215053e-7	5.342327756138371e18
1.3653333333333334e-7	5.732309035672284e18
1.3544973544973543e-7	3.483329669878974e18
1.3438320209973753e-7	2.560104158095909e18
1.333333333333333e-7	9.690810761010304e17
1.3229974160206715e-7	3.710719392445354e18
1.3128205128205127e-7	7.601475004103615e18
1.302798982188295e-7	1.1055971604646956e18
1.292929292929293e-7	1.6819176791998935e18
1.2832080200501253e-7	3.345302194263535e18
1.27363184079602e-7	3.110231902778288e17
1.2641975308641975e-7	2.722875835747777e18
1.2549019607843138e-7	3.6674637247516867e18
1.2457420924574208e-7	9.973269186163895e17
1.2367149758454104e-7	1.4206277083422697e18
1.2278177458033572e-7	7.595217438467702e17
1.2190476190476188e-7	5.015521287780225e17
1.210401891252955e-7	1.6107628760337544e18
1.2018779342723003e-7	4.2367452031379366e17
1.1934731934731933e-7	1.2798323912985748e18
1.185185185185185e-7	2.0310834803781637e18
1.1770114942528734e-7	5.239937096614132e17
1.1689497716894976e-7	9.981509606722486e17
1.1609977324263038e-7	5.087117275180682e17
1.1531531531531531e-7	6.149734148791959e16
1.1454138702460848e-7	7.457065197758534e17
1.1377777777777777e-7	8.840777091229288e17
1.1302428256070639e-7	7.72606655031973e17
1.1228070175438595e-7	1.826668218748097e18
1.1154684095860565e-7	8.961445137522985e17
1.1082251082251081e-7	1.29860842617137e18
1.1010752688172043e-7	9.709246495786669e17
1.0940170940170939e-7	5.980487794704824e17
1.0870488322717621e-7	6.574437098723817e17
1.080168776371308e-7	2.6021849015529734e17
1.0733752620545073e-7	4.1390535823145786e17
1.0666666666666666e-7	2.1218926177849254e17
1.0600414078674947e-7	1.3001135880659493e17
1.0534979423868312e-7	1.5294521879796058e17
1.0470347648261758e-7	1.3200490315757642e17
1.040650406504065e-7	1.2026634701364677e17
1.0343434343434342e-7	1.05518898279623e17
1.0281124497991966e-7	2.2543563800370803e17
1.0219560878243514e-7	8.144960561281034e16
1.0158730158730159e-7	1.088743325606161e17
1.009861932938856e-7	7.366805674381878e16
1.0039215686274509e-7	3.280094816314089e16
9.980506822612084e-8	3.8093361398003496e16
