3.6312056737588646e-7	3.098950165856288e20
3.5555555555555553e-7	1.3822425449412385e20
3.482993197278911e-7	1.6032983565174335e20
3.413333333333333e-7	2.2509568664105583e20
3.34640522875817e-7	9.83574425123205e19
3.282051282051282e-7	2.9334173554907483e20
3.2201257861635214e-7	8.082926247340263e19
3.160493827160493e-7	6.982116890713503e19
3.1030303030303027e-7	1.2328729241846271e20
3.047619047619047e-7	8.304847800722214e19
2.9941520467836257e-7	2.3134891634531246e18
2.942528735632184e-7	2.0722801371954407e20
2.892655367231638e-7	2.991036238706077e20
2.844444444444444e-7	2.457519879274855e18
2.797814207650273e-7	4.9764288787295057e20
2.7526881720430106e-7	3.7197727210849265e20
2.7089947089947086e-7	2.7746819180754076e20
2.666666666666666e-7	6.535639539969361e20
2.6256410256410255e-7	7.468300895578579e20
2.585858585858586e-7	5.730396168211443e20
2.54726368159204e-7	6.831030203003922e20
2.5098039215686275e-7	1.8200862543654643e21
2.4734299516908207e-7	1.1271327879262824e21
2.4380952380952376e-7	1.7151197906777617e21
2.4037558685446006e-7	2.738912397871679e21
2.37037037037037e-7	1.1510204314185128e21
2.3378995433789952e-7	1.0743889084590252e21
2.3063063063063062e-7	1.6844322591276002e21
2.2755555555555555e-7	1.8575074874684846e21
2.245614035087719e-7	1.220752680848125e21
2.2164502164502162e-7	1.6934072044720213e21
2.1880341880341878e-7	6.718138659475455e20
2.160337552742616e-7	2.791595979184612e20
2.133333333333333e-7	9.00392084708023e20
2.1069958847736624e-7	4.3766100065273827e20
2.08130081300813e-7	3.0504809334933475e20
2.0562248995983933e-7	3.3357576644100044e20
2.0317460317460317e-7	2.5002555194389837e20
2.0078431372549018e-7	6.3175396539619795e19
1.9844961240310076e-7	4.848970145915098e20
1.961685823754789e-7	1.9594655309858613e20
1.939393939393939e-7	7.903067243214412e19
1.9176029962546815e-7	1.2669166491884048e20
1.896296296296296e-7	1.1510550784466728e20
1.8754578754578753e-7	8.250130597372584e19
1.8550724637681157e-7	3.548701053834245e20
1.8351254480286738e-7	3.465862996491127e20
1.8156028368794323e-7	1.2169146838473232e20
1.7964912280701754e-7	3.1317339298099836e20
1.7777777777777776e-7	4.070101952092421e19
1.7594501718213055e-7	3.0140402680574796e19
1.7414965986394556e-7	2.518695749774405e20
1.7239057239057235e-7	2.104460996827e20
1.7066666666666666e-7	2.729889297425176e20
1.6897689768976896e-7	5.6330434115799115e20
1.673202614379085e-7	2.745728526471461e20
1.656957928802589e-7	4.493476772795119e20
1.641025641025641e-7	3.5123660960903515e20
1.6253968253968253e-7	1.6302159525271185e20
1.6100628930817607e-7	2.62969357252178e20
1.5950155763239874e-7	7.424006308109117e19
1.5802469135802466e-7	7.523845621979462e19
1.565749235474006e-7	7.868914358437826e19
1.5515151515151514e-7	2.8277364031893576e18
1.5375375375375375e-7	2.5038221787379384e19
1.5238095238095236e-7	1.6400653247335477e19
1.510324483775811e-7	7.891434303626496e18
1.4970760233918129e-7	2.7939592145913492e16
1.4840579710144926e-7	6.929139567622399e18
1.471264367816092e-7	2.3651331043148775e19
1.4586894586894585e-7	1.5939025764756025e19
1.446327683615819e-7	7.914614471206605e18
1.434173669467787e-7	3.471011192597759e19
1.422222222222222e-7	6.922076347817094e18
1.4104683195592285e-7	3.429363871743361e18
1.3989071038251365e-7	5.826230045986715e18
1.3875338753387534e-7	9.38961064189596e18
1.3763440860215053e-7	4.06504082461197e18
1.3653333333333334e-7	2.922647943287459e18
1.3544973544973543e-7	5.126426068339382e18
1.3438320209973753e-7	6.634958850154075e18
1.333333333333333e-7	3.7373482812595446e18
1.3229974160206715e-7	1.3622788584782912e18
1.3128205128205127e-7	1.4753581902219604e19
1.302798982188295e-7	1.3241617817636258e19
1.292929292929293e-7	1.266594857620622e18
1.2832080200501253e-7	8.243124361546631e18
1.27363184079602e-7	5.185432375406151e18
1.2641975308641975e-7	1.8458549231931264e18
1.2549019607843138e-7	1.1315468812340733e18
1.2457420924574208e-7	3.590079193744782e18
1.2367149758454104e-7	3.043487537643108e18
1.2278177458033572e-7	9.907253768820842e17
1.2190476190476188e-7	1.3599925187972642e16
1.210401891252955e-7	3.9154041600076897e18
1.2018779342723003e-7	4.768304155630151e18
1.1934731934731933e-7	2.0544102461639622e17
1.185185185185185e-7	6.342812836788788e17
1.1770114942528734e-7	9.10175732759484e17
1.1689497716894976e-7	2.2509791611347082e18
1.1609977324263038e-7	1.9575647073644142e18
1.1531531531531531e-7	4.079864750671328e17
1.1454138702460848e-7	7.129502903741965e17
1.1377777777777777e-7	1.5852815055428608e18
1.1302428256070639e-7	1.689408110548542e18
1.1228070175438595e-7	8.166181436599352e17
1.1154684095860565e-7	1.476097256392203e17
1.1082251082251081e-7	6.551140989196436e17
1.1010752688172043e-7	1.576164630433481e18
1.0940170940170939e-7	8.961078192173276e17
1.0870488322717621e-7	3.376999914807628e17
1.080168776371308e-7	3.281428288153099e17
1.0733752620545073e-7	7.367248236956314e17
1.0666666666666666e-7	6.013408925805844e17
1.0600414078674947e-7	2.943371678065068e17
1.0534979423868312e-7	6.747811518456293e17
1.0470347648261758e-7	1.7957927737555418e17
1.040650406504065e-7	5.481740678388104e16
1.0343434343434342e-7	7.269410102139597e17
1.0281124497991966e-7	3.8648015782943674e17
1.0219560878243514e-7	1.752317880718485e17
1.0158730158730159e-7	9.356304252175095e17
1.009861932938856e-7	1.970875183412409e17
1.0039215686274509e-7	3.1686227014444806e17
9.980506822612084e-8	1.8095541841343424e17
