3.6312056737588646e-7	3.4869596019236694e20
3.5555555555555553e-7	2.3162799049790367e18
3.482993197278911e-7	8.503377908655241e20
3.413333333333333e-7	9.578253635349114e19
3.34640522875817e-7	9.759977799130717e20
3.282051282051282e-7	3.63657319031221e20
3.2201257861635214e-7	5.509211771961886e20
3.160493827160493e-7	3.8063369682313006e20
3.1030303030303027e-7	1.0763889268294744e20
3.047619047619047e-7	3.480477104455228e19
2.9941520467836257e-7	1.2301347254350425e20
2.942528735632184e-7	1.4326466792783744e20
2.892655367231638e-7	3.824233263184948e20
2.844444444444444e-7	9.62674509559718e20
2.797814207650273e-7	1.1741239420309032e21
2.7526881720430106e-7	1.699446495947065e21
2.7089947089947086e-7	1.2114729871546162e21
2.666666666666666e-7	5.791795358092969e20
2.6256410256410255e-7	2.066095809541612e20
2.585858585858586e-7	1.855309912025738e20
2.54726368159204e-7	2.813623438407292e20
2.5098039215686275e-7	5.297853719906174e20
2.4734299516908207e-7	6.03586496522237e20
2.4380952380952376e-7	7.824383071448206e20
2.4037558685446006e-7	4.683123803366402e20
2.37037037037037e-7	1.8936944804594306e20
2.3378995433789952e-7	2.6019866841200447e19
2.3063063063063062e-7	2.59846730424528e20
2.2755555555555555e-7	7.076870101940852e20
2.245614035087719e-7	8.846691126193344e20
2.2164502164502162e-7	5.676203613991383e20
2.1880341880341878e-7	3.457820602058523e20
2.160337552742616e-7	2.933566720455187e20
2.133333333333333e-7	2.1645763428486198e20
2.1069958847736624e-7	4.233200043680902e19
2.08130081300813e-7	1.8418241870580043e20
2.0562248995983933e-7	2.997543258856134e20
2.0317460317460317e-7	8.477203366734568e19
2.0078431372549018e-7	7.060634941550689e19
1.9844961240310076e-7	1.0120986097506612e20
1.961685823754789e-7	4.989694572344104e19
1.939393939393939e-7	6.472847417469092e19
1.9176029962546815e-7	1.6244640038702393e19
1.896296296296296e-7	2.787410873158221e19
1.8754578754578753e-7	1.1677501363197467e19
1.8550724637681157e-7	8.923573750156861e18
1.8351254480286738e-7	8.83169673885828e18
1.8156028368794323e-7	4.5767142959509955e18
1.7964912280701754e-7	5.05526877178964e18
1.7777777777777776e-7	6.335067765253087e18
1.7594501718213055e-7	9.548007210018204e18
1.7414965986394556e-7	1.2499057967990137e19
1.7239057239057235e-7	1.2107631213960565e19
1.7066666666666666e-7	6.926511756334248e18
1.6897689768976896e-7	8.224795747147061e18
1.673202614379085e-7	2.0161053556185664e18
1.656957928802589e-7	2.1288928325584092e18
1.641025641025641e-7	1.2021177982476613e18
1.6253968253968253e-7	1.732339070049255e18
1.6100628930817607e-7	1.5116618594228516e18
1.5950155763239874e-7	9.737833960394611e17
1.5802469135802466e-7	4.5210136419588026e17
1.565749235474006e-7	4.2268543535838984e16
1.5515151515151514e-7	1.2406541700028336e17
1.5375375375375375e-7	2.4050174887716707e17
1.5238095238095236e-7	7.111614445152837e17
1.510324483775811e-7	7.71239095321539e17
1.4970760233918129e-7	1.2211199200738778e18
1.4840579710144926e-7	8.177032849500928e17
1.471264367816092e-7	1.0485419538100083e18
1.4586894586894585e-7	4.95102088943212e17
1.446327683615819e-7	6.948488638074738e17
1.434173669467787e-7	2.3939877925946115e17
1.422222222222222e-7	3.442932435248767e17
1.4104683195592285e-7	4.834740687609619e16
1.3989071038251365e-7	9.692846683194922e16
1.3875338753387534e-7	1.0157123498669464e16
1.3763440860215053e-7	4.980503601690524e16
1.3653333333333334e-7	1.6163486053697848e16
1.3544973544973543e-7	4.5061731649163384e16
1.3438320209973753e-7	3.500622629759927e16
1.333333333333333e-7	7.625874024564413e16
1.3229974160206715e-7	3.5299880995986464e16
1.3128205128205127e-7	7.478321628536938e16
1.302798982188295e-7	2.3981230234007464e16
1.292929292929293e-7	5.642675920409291e16
1.2832080200501253e-7	8.814302593251819e15
1.27363184079602e-7	2.8871070640500876e16
1.2641975308641975e-7	7.196503389204148e14
1.2549019607843138e-7	8.281238740556602e15
1.2457420924574208e-7	1.9591005060155008e15
1.2367149758454104e-7	1.0382632872864242e15
1.2278177458033572e-7	3.652563788321415e15
1.2190476190476188e-7	4.632507928165481e14
1.210401891252955e-7	1.7199702012975362e15
1.2018779342723003e-7	1.2485934167875445e15
1.1934731934731933e-7	3.9522377151215925e14
1.185185185185185e-7	2.1740054840296425e15
1.1770114942528734e-7	3.40456283696983e14
1.1689497716894976e-7	2.1519573735571058e15
1.1609977324263038e-7	2.4305918465021906e14
1.1531531531531531e-7	1.2152001582648152e15
1.1454138702460848e-7	1.1438515402931705e14
1.1377777777777777e-7	2.5683528473846288e14
1.1302428256070639e-7	8.685313405532182e14
1.1228070175438595e-7	1.922796250389477e14
1.1154684095860565e-7	4.12198013034298e14
1.1082251082251081e-7	5.1967458472013025e14
1.1010752688172043e-7	7.533352230327365e14
1.0940170940170939e-7	4.15820740388149e14
1.0870488322717621e-7	1.9159643744410094e14
1.080168776371308e-7	4.2692462918980225e14
1.0733752620545073e-7	8.723441741573505e13
1.0666666666666666e-7	2.7726667305977484e14
1.0600414078674947e-7	9.506983996998134e13
1.0534979423868312e-7	9.936512517008034e13
1.0470347648261758e-7	1.5135880122036825e14
1.040650406504065e-7	3.939310897795452e14
1.0343434343434342e-7	4.993845416597089e14
1.0281124497991966e-7	4.700464521523395e14
1.0219560878243514e-7	5.163865377634153e13
1.0158730158730159e-7	9.548261229572178e12
1.009861932938856e-7	4.4766313749250994e14
1.0039215686274509e-7	5.2952482431662975e14
9.980506822612084e-8	1.51215765450583e14
