3.6312056737588646e-7	1.5145011238913763e20
3.5555555555555553e-7	7.437883748549517e19
3.482993197278911e-7	7.193621826070053e19
3.413333333333333e-7	2.0708057271555056e19
3.34640522875817e-7	5.299169784267934e19
3.282051282051282e-7	4.527259588818407e19
3.2201257861635214e-7	4.023009783267434e19
3.160493827160493e-7	5.024610078483461e19
3.1030303030303027e-7	4.832335539480889e19
3.047619047619047e-7	3.9307278376893284e19
2.9941520467836257e-7	3.767231110673516e19
2.942528735632184e-7	2.7448500352950727e19
2.892655367231638e-7	2.4099340538729075e19
2.844444444444444e-7	1.3975390664662917e19
2.797814207650273e-7	2.796303183279834e19
2.7526881720430106e-7	5.051115162449684e18
2.7089947089947086e-7	6.675555039547799e19
2.666666666666666e-7	1.0976459159787387e19
2.6256410256410255e-7	1.6154540893189312e20
2.585858585858586e-7	6.160079269976457e19
2.54726368159204e-7	2.953069888823991e20
2.5098039215686275e-7	1.8677784184705345e20
2.4734299516908207e-7	4.37055243023277e20
2.4380952380952376e-7	3.265516771385833e20
2.4037558685446006e-7	4.774415502792948e20
2.37037037037037e-7	2.3931921130872865e20
2.3378995433789952e-7	3.3789827615004806e20
2.3063063063063062e-7	1.0903912904010826e20
2.2755555555555555e-7	1.7954890141282068e20
2.245614035087719e-7	2.9006941922435404e19
2.2164502164502162e-7	7.3531305342149124e19
2.1880341880341878e-7	2.436597358852933e18
2.160337552742616e-7	2.486200137522579e19
2.133333333333333e-7	5.947077882435859e17
2.1069958847736624e-7	7.803788287906755e18
2.08130081300813e-7	2.3823433998468925e18
2.0562248995983933e-7	3.3671287154153646e18
2.0317460317460317e-7	3.8010744324523356e18
2.0078431372549018e-7	2.7458319275510994e18
1.9844961240310076e-7	4.260460406040174e18
1.961685823754789e-7	2.5098980527790223e18
1.939393939393939e-7	3.6208013822007096e18
1.9176029962546815e-7	1.5868405930900677e18
1.896296296296296e-7	2.425932508339243e18
1.8754578754578753e-7	8.131872396913516e17
1.8550724637681157e-7	1.591540770960958e18
1.8351254480286738e-7	7.545487751891826e17
1.8156028368794323e-7	1.4832211396998136e18
1.7964912280701754e-7	1.1066857756956344e18
1.7777777777777776e-7	1.5870782107874125e18
1.7594501718213055e-7	1.187979563424015e18
1.7414965986394556e-7	1.3322259165754268e18
1.7239057239057235e-7	8.901164464519208e17
1.7066666666666666e-7	7.807834157076015e17
1.6897689768976896e-7	5.1692168776041786e17
1.673202614379085e-7	4.327258659882115e17
1.656957928802589e-7	3.7279568523347245e17
1.641025641025641e-7	4.6064258608523923e17
1.6253968253968253e-7	4.073739888131294e17
1.6100628930817607e-7	6.442093632447895e17
1.5950155763239874e-7	3.694169959289555e17
1.5802469135802466e-7	7.245172287718493e17
1.565749235474006e-7	2.0907290269457696e17
1.5515151515151514e-7	7.04520954177131e17
1.5375375375375375e-7	9.539189165665491e16
1.5238095238095236e-7	8.262436492256585e17
1.510324483775811e-7	1.0707322773145178e17
1.4970760233918129e-7	1.2275455239060116e18
1.4840579710144926e-7	1.638710396450619e17
1.471264367816092e-7	1.6357979712674941e18
1.4586894586894585e-7	2.1873243128504957e17
1.446327683615819e-7	1.6191174943387653e18
1.434173669467787e-7	2.4087926059830934e17
1.422222222222222e-7	1.18039943876698e18
1.4104683195592285e-7	1.8671867337963277e17
1.3989071038251365e-7	6.993520073247621e17
1.3875338753387534e-7	8.4692687052763e16
1.3763440860215053e-7	3.966751384183923e17
1.3653333333333334e-7	2.566003016281311e16
1.3544973544973543e-7	2.3275587728537738e17
1.3438320209973753e-7	2.3788962919919932e16
1.333333333333333e-7	1.264442472269806e17
1.3229974160206715e-7	2.8507922460858936e16
1.3128205128205127e-7	5.346909190890897e16
1.302798982188295e-7	2.3415231958239936e16
1.292929292929293e-7	1.6852819600993314e16
1.2832080200501253e-7	2.1811393263987764e16
1.27363184079602e-7	1.085903673150352e16
1.2641975308641975e-7	2.547637746756811e16
1.2549019607843138e-7	1.4938339605906636e16
1.2457420924574208e-7	2.47628953481266e16
1.2367149758454104e-7	1.3273275204451594e16
1.2278177458033572e-7	1.6525353305120236e16
1.2190476190476188e-7	7.297406229572458e15
1.210401891252955e-7	7.647866361915388e15
1.2018779342723003e-7	4.746558651555586e15
1.1934731934731933e-7	4.569596368277146e15
1.185185185185185e-7	6.116618782275949e15
1.1770114942528734e-7	5.470748150182582e15
1.1689497716894976e-7	6.530144791796412e15
1.1609977324263038e-7	5.025960176838547e15
1.1531531531531531e-7	4.039196879809158e15
1.1454138702460848e-7	2.575258419597004e15
1.1377777777777777e-7	1.445598120717835e15
1.1302428256070639e-7	1.4554760423479142e15
1.1228070175438595e-7	1.0270356232400301e15
1.1154684095860565e-7	2.659565791976129e15
1.1082251082251081e-7	1.2630840375966335e15
1.1010752688172043e-7	3.3743494091981205e15
1.0940170940170939e-7	4.9782764725879625e14
1.0870488322717621e-7	1.9170316659534798e15
1.080168776371308e-7	9.032879255290858e13
1.0733752620545073e-7	1.22978131649908e15
1.0666666666666666e-7	5.4812510171357706e14
1.0600414078674947e-7	3.62250083330764e15
1.0534979423868312e-7	2.7053122046267928e14
1.0470347648261758e-7	4.259009167618287e15
1.040650406504065e-7	5.0277053455381075e14
1.0343434343434342e-7	6.604990104079792e14
1.0281124497991966e-7	2.0627668812163042e15
1.0219560878243514e-7	1.4514699415784695e15
1.0158730158730159e-7	2.0979938854667028e15
1.009861932938856e-7	5.38494528416789e15
1.0039215686274509e-7	2.1703734255228485e15
9.980506822612084e-8	2.451857593542404e15
