3.6312056737588646e-7	1.1873784958334145e19
3.5555555555555553e-7	4.769611945367895e18
3.482993197278911e-7	2.2490846897849455e19
3.413333333333333e-7	1.6664272304841245e19
3.34640522875817e-7	1.133627635246261e19
3.282051282051282e-7	3.458082592845822e18
3.2201257861635214e-7	1.8247481660540088e18
3.160493827160493e-7	3.588705368648599e17
3.1030303030303027e-7	1.3241136818116234e18
3.047619047619047e-7	2.423916404553349e18
2.9941520467836257e-7	3.438818303913142e18
2.942528735632184e-7	2.6813897379215575e18
2.892655367231638e-7	3.462408140171196e17
2.844444444444444e-7	4.00603950218843e18
2.797814207650273e-7	5.445566774701399e18
2.7526881720430106e-7	1.398460253702264e19
2.7089947089947086e-7	1.17927776240667e19
2.666666666666666e-7	1.6389726283968594e19
2.6256410256410255e-7	1.396171418494717e19
2.585858585858586e-7	2.7474196972591956e19
2.54726368159204e-7	4.678691153535019e19
2.5098039215686275e-7	8.001058116039128e19
2.4734299516908207e-7	7.505063617608815e19
2.4380952380952376e-7	7.749337801568341e19
2.4037558685446006e-7	8.904646220232596e19
2.37037037037037e-7	6.117338613964036e19
2.3378995433789952e-7	6.06181760617027e19
2.3063063063063062e-7	4.012130240572489e19
2.2755555555555555e-7	2.0070122833206956e19
2.245614035087719e-7	1.0100205120085817e19
2.2164502164502162e-7	9.161580493772918e17
2.1880341880341878e-7	1.6183630148110246e18
2.160337552742616e-7	3.912535715007512e18
2.133333333333333e-7	4.987796348655795e18
2.1069958847736624e-7	2.5525520973297295e18
2.08130081300813e-7	6.889696306048372e17
2.0562248995983933e-7	8.144629262387982e16
2.0317460317460317e-7	8.002273596094562e16
2.0078431372549018e-7	4.340595645838842e17
1.9844961240310076e-7	1.0450597458625283e17
1.961685823754789e-7	4.608449475851562e16
1.939393939393939e-7	1.975998507953498e16
1.9176029962546815e-7	1.6326132451556844e16
1.896296296296296e-7	8.784369160273509e16
1.8754578754578753e-7	3.2739417884037876e16
1.8550724637681157e-7	2.5861086621821456e16
1.8351254480286738e-7	1.3991079499802998e16
1.8156028368794323e-7	1.3427507679695358e14
1.7964912280701754e-7	1.468013026546883e16
1.7777777777777776e-7	3.670328451408678e15
1.7594501718213055e-7	2.2751445287163252e16
1.7414965986394556e-7	7.23403054020037e13
1.7239057239057235e-7	2.4600458566986204e16
1.7066666666666666e-7	2.8062210822632425e15
1.6897689768976896e-7	1.6595802673057632e16
1.673202614379085e-7	6.369091308303028e15
1.656957928802589e-7	3.8934117749898165e15
1.641025641025641e-7	7.265318445487322e15
1.6253968253968253e-7	1.5373174568336242e15
1.6100628930817607e-7	4.4589691557046335e15
1.5950155763239874e-7	1.2661987256698086e16
1.5802469135802466e-7	1.2152756692368668e15
1.565749235474006e-7	2.535258009342809e15
1.5515151515151514e-7	2.430965969182272e15
1.5375375375375375e-7	1.3441730457481288e16
1.5238095238095236e-7	6.787703077333982e14
1.510324483775811e-7	2.14185216909834e15
1.4970760233918129e-7	2.4144414491500285e15
1.4840579710144926e-7	2.7664382188070975e15
1.471264367816092e-7	1.3285534918732073e14
1.4586894586894585e-7	2.1860331032025225e15
1.446327683615819e-7	6.62624888722635e14
1.434173669467787e-7	6.324923061939258e14
1.422222222222222e-7	2.278117942517416e15
1.4104683195592285e-7	1.8353866227765645e13
1.3989071038251365e-7	1.811244129936589e15
1.3875338753387534e-7	3.049359673056566e14
1.3763440860215053e-7	6.350441035982261e14
1.3653333333333334e-7	2.7161545413015875e14
1.3544973544973543e-7	3.595115335769618e14
1.3438320209973753e-7	4.85878417610698e14
1.333333333333333e-7	1.0765316540354816e14
1.3229974160206715e-7	5.717782804220852e14
1.3128205128205127e-7	8.391111783321428e13
1.302798982188295e-7	3.864827280111152e14
1.292929292929293e-7	1.4136090670819634e14
1.2832080200501253e-7	2.129482652550151e14
1.27363184079602e-7	1.6657343442123812e14
1.2641975308641975e-7	1.1854653639406706e14
1.2549019607843138e-7	1.5383219310479066e14
1.2457420924574208e-7	7.746352774950572e13
1.2367149758454104e-7	1.184085119287945e14
1.2278177458033572e-7	8.20808266029625e13
1.2190476190476188e-7	9.665482774702156e13
1.210401891252955e-7	9.38395749273396e13
1.2018779342723003e-7	9.51198636210221e13
1.1934731934731933e-7	8.31019932277075e13
1.185185185185185e-7	7.072479331866145e13
1.1770114942528734e-7	5.596748843256929e13
1.1689497716894976e-7	4.566733640990216e13
1.1609977324263038e-7	3.734089073997379e13
1.1531531531531531e-7	4.006876570468288e13
1.1454138702460848e-7	4.030585012815808e13
1.1377777777777777e-7	3.9646951060269836e13
1.1302428256070639e-7	3.8855066720602984e13
1.1228070175438595e-7	3.4536017234482277e13
1.1154684095860565e-7	3.559862266903629e13
1.1082251082251081e-7	2.4262499052416082e13
1.1010752688172043e-7	2.2318775635480047e13
1.0940170940170939e-7	1.6400109283075342e13
1.0870488322717621e-7	1.3216320434055195e13
1.080168776371308e-7	1.7968309748173562e13
1.0733752620545073e-7	8.245542185117792e12
1.0666666666666666e-7	1.5813609933101236e13
1.0600414078674947e-7	1.3300149403530688e13
1.0534979423868312e-7	1.3782755355028508e13
1.0470347648261758e-7	1.1807036316664508e13
1.040650406504065e-7	1.178876806335807e13
1.0343434343434342e-7	9.767201441680523e12
1.0281124497991966e-7	1.9049918337758264e11
1.0219560878243514e-7	1.82120817042643e13
1.0158730158730159e-7	9.382858270619475e12
1.009861932938856e-7	5.020855317031875e12
1.0039215686274509e-7	2.426928076354857e12
9.980506822612084e-8	3.731790191658554e12
