3.6312056737588646e-7	7.989180272555727e19
3.5555555555555553e-7	2.9794185405404606e19
3.482993197278911e-7	5.844364625094833e19
3.413333333333333e-7	3.4029980469789344e19
3.34640522875817e-7	4.691248087265591e18
3.282051282051282e-7	2.90007897109173e18
3.2201257861635214e-7	2.976815680303313e18
3.160493827160493e-7	1.7946720445008153e19
3.1030303030303027e-7	1.4970956550684029e19
3.047619047619047e-7	1.026317691724039e19
2.9941520467836257e-7	4.831455453074605e18
2.942528735632184e-7	2.488800711564414e18
2.892655367231638e-7	5.251759060218413e18
2.844444444444444e-7	6.946872685161851e18
2.797814207650273e-7	1.6128635634131927e19
2.7526881720430106e-7	4.536316590770074e18
2.7089947089947086e-7	1.5899225823889318e18
2.666666666666666e-7	5.73249102450188e18
2.6256410256410255e-7	2.7097214445701706e19
2.585858585858586e-7	5.55514611997034e19
2.54726368159204e-7	9.257475183207863e19
2.5098039215686275e-7	2.111974566086795e20
2.4734299516908207e-7	2.2374599729606273e20
2.4380952380952376e-7	1.0888386156384213e20
2.4037558685446006e-7	1.3930641472852519e20
2.37037037037037e-7	9.48624686840655e19
2.3378995433789952e-7	7.593781798620258e19
2.3063063063063062e-7	1.2301052004384122e20
2.2755555555555555e-7	6.907445053123841e19
2.245614035087719e-7	4.557636715420338e19
2.2164502164502162e-7	1.6540916159072653e19
2.1880341880341878e-7	1.3402642890704525e19
2.160337552742616e-7	2.4431124762097873e19
2.133333333333333e-7	1.9267168676153586e19
2.1069958847736624e-7	2.1901547862077256e19
2.08130081300813e-7	1.1774208377103578e18
2.0562248995983933e-7	2.7172251509454643e18
2.0317460317460317e-7	1.3041364398569385e18
2.0078431372549018e-7	3.952871370220442e18
1.9844961240310076e-7	2.2624810551879734e18
1.961685823754789e-7	7.143761409055685e17
1.939393939393939e-7	1.8027817177927898e18
1.9176029962546815e-7	3.281878253537123e15
1.896296296296296e-7	5.2172579400292006e17
1.8754578754578753e-7	1.447157960326884e17
1.8550724637681157e-7	4.1714677849241626e17
1.8351254480286738e-7	2.908560343528692e17
1.8156028368794323e-7	1.627207766601655e17
1.7964912280701754e-7	3.272392819476816e17
1.7777777777777776e-7	8.534752342293214e16
1.7594501718213055e-7	2.5112647655172858e17
1.7414965986394556e-7	1.9755620307245994e17
1.7239057239057235e-7	8.383188660223698e16
1.7066666666666666e-7	2.229076531939917e17
1.6897689768976896e-7	9.42014433994586e16
1.673202614379085e-7	3.945531959583273e16
1.656957928802589e-7	1.16917380162042e17
1.641025641025641e-7	2.2405474727533904e17
1.6253968253968253e-7	1.7395868869474973e17
1.6100628930817607e-7	6.452191293029632e16
1.5950155763239874e-7	3.6419458988758904e16
1.5802469135802466e-7	3.973351407998916e16
1.565749235474006e-7	1.3433383063312388e16
1.5515151515151514e-7	1.3636420287522004e16
1.5375375375375375e-7	4.7783094989058664e16
1.5238095238095236e-7	7.108459748750343e15
1.510324483775811e-7	6.259674229861051e16
1.4970760233918129e-7	1.8014124968888178e16
1.4840579710144926e-7	4.066811249230663e16
1.471264367816092e-7	2.7051016275460784e16
1.4586894586894585e-7	1.5450539632287004e16
1.446327683615819e-7	2.5678935297282476e16
1.434173669467787e-7	2.588126233643274e15
1.422222222222222e-7	2.1494978440129384e16
1.4104683195592285e-7	3.4336219628164345e15
1.3989071038251365e-7	1.1247120309473114e16
1.3875338753387534e-7	6.524041389643392e15
1.3763440860215053e-7	3.710179697237765e15
1.3653333333333334e-7	7.197335723784634e15
1.3544973544973543e-7	4.325670917517109e14
1.3438320209973753e-7	5.57027123182032e15
1.333333333333333e-7	4.089614812322387e14
1.3229974160206715e-7	2.8136258735118415e15
1.3128205128205127e-7	1.7317344523089702e15
1.302798982188295e-7	1.33343844291964e15
1.292929292929293e-7	1.7242130284897348e15
1.2832080200501253e-7	6.704151620799185e14
1.27363184079602e-7	8.983045019627395e14
1.2641975308641975e-7	6.618722159907372e14
1.2549019607843138e-7	8.322583762259678e14
1.2457420924574208e-7	5.707289919451364e14
1.2367149758454104e-7	4.673774744930549e14
1.2278177458033572e-7	5.147418123788129e14
1.2190476190476188e-7	8.39667576495268e14
1.210401891252955e-7	5.1983883774175225e14
1.2018779342723003e-7	5.100237454302027e14
1.1934731934731933e-7	9.897050653954291e14
1.185185185185185e-7	5.423782366160209e14
1.1770114942528734e-7	2.7969669509610312e14
1.1689497716894976e-7	4.391823473017689e14
1.1609977324263038e-7	3.110624234780166e14
1.1531531531531531e-7	2.6050658017360925e14
1.1454138702460848e-7	1.4180866180947912e14
1.1377777777777777e-7	1.8258161437124994e14
1.1302428256070639e-7	8.209144878598544e14
1.1228070175438595e-7	3.140123167582502e14
1.1154684095860565e-7	2.831084416646545e14
1.1082251082251081e-7	1.4675955488281234e14
1.1010752688172043e-7	3.198759784300775e14
1.0940170940170939e-7	1.653701399705461e14
1.0870488322717621e-7	2.789802185799748e13
1.080168776371308e-7	4.44182290189911e14
1.0733752620545073e-7	1.4722298128247441e13
1.0666666666666666e-7	4.445300554863111e14
1.0600414078674947e-7	7.008631758623467e12
1.0534979423868312e-7	3.7560711524923425e14
1.0470347648261758e-7	4.2658516384159766e12
1.040650406504065e-7	2.2814159618024722e14
1.0343434343434342e-7	2.4756867629791035e13
1.0281124497991966e-7	1.0638846876974975e14
1.0219560878243514e-7	4.236549171687122e13
1.0158730158730159e-7	4.563163896573999e13
1.009861932938856e-7	6.300432659288285e13
1.0039215686274509e-7	2.3895347516713375e13
9.980506822612084e-8	4.721870510984715e13
