3.6312056737588646e-7	3.269962999046426e19
3.5555555555555553e-7	2.4215232950523798e19
3.482993197278911e-7	1.3886328938088573e19
3.413333333333333e-7	7.365877331817439e18
3.34640522875817e-7	1.1373948508120963e19
3.282051282051282e-7	1.1821313907406807e19
3.2201257861635214e-7	8.400246746345702e18
3.160493827160493e-7	1.0062307907351615e19
3.1030303030303027e-7	8.414996061954437e18
3.047619047619047e-7	5.74198391223712e18
2.9941520467836257e-7	6.66490707067922e18
2.942528735632184e-7	4.06139760669508e18
2.892655367231638e-7	2.001811473879571e18
2.844444444444444e-7	5.333685610669385e18
2.797814207650273e-7	2.7708818266115553e18
2.7526881720430106e-7	1.3985064914898715e19
2.7089947089947086e-7	1.7481517735106046e19
2.666666666666666e-7	5.146244494556099e19
2.6256410256410255e-7	7.063759223771041e19
2.585858585858586e-7	1.130408890232109e20
2.54726368159204e-7	1.1371874638827533e20
2.5098039215686275e-7	1.0796341500927846e20
2.4734299516908207e-7	7.44823450667966e19
2.4380952380952376e-7	2.9637144838718935e19
2.4037558685446006e-7	1.0020470143919761e19
2.37037037037037e-7	2.1347582212494344e18
2.3378995433789952e-7	1.9111314558421535e18
2.3063063063063062e-7	1.317916855635353e19
2.2755555555555555e-7	5.315786670672461e18
2.245614035087719e-7	9.888061310997385e18
2.2164502164502162e-7	2.933155391591049e18
2.1880341880341878e-7	2.384030470388645e18
2.160337552742616e-7	1.270058603119258e18
2.133333333333333e-7	1.766541219784472e17
2.1069958847736624e-7	7.368311220018292e17
2.08130081300813e-7	8.870935893457876e15
2.0562248995983933e-7	2.3006443470627117e17
2.0317460317460317e-7	4.290343640115615e16
2.0078431372549018e-7	3.2820829532337256e16
1.9844961240310076e-7	1.341004666022256e17
1.961685823754789e-7	9.894875199678829e16
1.939393939393939e-7	1.6924164881747734e17
1.9176029962546815e-7	9.136066850025347e16
1.896296296296296e-7	5.366301809954528e16
1.8754578754578753e-7	1.2869403765073498e16
1.8550724637681157e-7	4.4130633581185365e15
1.8351254480286738e-7	1.5893574772907014e16
1.8156028368794323e-7	7.452302928661022e16
1.7964912280701754e-7	4.731763486536644e16
1.7777777777777776e-7	6.7243486010953e16
1.7594501718213055e-7	2.0621640251463148e16
1.7414965986394556e-7	1.1593218713217124e16
1.7239057239057235e-7	2.6554101376731834e14
1.7066666666666666e-7	1.0632726705516486e16
1.6897689768976896e-7	1.0354041982793432e16
1.673202614379085e-7	7.927031280390324e15
1.656957928802589e-7	2.7492185359115135e15
1.641025641025641e-7	5.0921530612826025e14
1.6253968253968253e-7	8.721992943633647e15
1.6100628930817607e-7	6.007244998594602e15
1.5950155763239874e-7	2.6010014340595572e16
1.5802469135802466e-7	6.67141791467067e14
1.565749235474006e-7	9.772121790423238e15
1.5515151515151514e-7	7.196351396035462e15
1.5375375375375375e-7	2.373774138175016e15
1.5238095238095236e-7	3.174946749770423e15
1.510324483775811e-7	1.5764167432205675e15
1.4970760233918129e-7	2.0115613674631444e14
1.4840579710144926e-7	3.963811625834854e15
1.471264367816092e-7	8.922631296978885e14
1.4586894586894585e-7	5.063408929792895e15
1.446327683615819e-7	6.201343327045016e15
1.434173669467787e-7	4.923573546555892e15
1.422222222222222e-7	3.195604004918384e15
1.4104683195592285e-7	1.039411328961212e16
1.3989071038251365e-7	6.313707108620039e15
1.3875338753387534e-7	3.415277076962711e15
1.3763440860215053e-7	2.2782657663579385e15
1.3653333333333334e-7	3.9142010992191155e15
1.3544973544973543e-7	1.659105833604773e14
1.3438320209973753e-7	3.9857139574987575e14
1.333333333333333e-7	5.578642477004189e14
1.3229974160206715e-7	5.4404344236296025e14
1.3128205128205127e-7	4.5559318018632175e14
1.302798982188295e-7	3.822830525025032e14
1.292929292929293e-7	3.9860914642071894e14
1.2832080200501253e-7	1.9377443287970566e14
1.27363184079602e-7	1.0252313598598945e15
1.2641975308641975e-7	4.7948116802912775e14
1.2549019607843138e-7	7.533211333431678e13
1.2457420924574208e-7	5.268241025149573e14
1.2367149758454104e-7	1.234405379277832e14
1.2278177458033572e-7	2.0218694763256084e14
1.2190476190476188e-7	2.423439123563002e14
1.210401891252955e-7	9.115611584962531e13
1.2018779342723003e-7	5.14451295748417e14
1.1934731934731933e-7	4.986873556025933e13
1.185185185185185e-7	5.814874908676095e14
1.1770114942528734e-7	1.4147408257088606e14
1.1689497716894976e-7	3.948252082395726e14
1.1609977324263038e-7	9.34097682380458e13
1.1531531531531531e-7	2.4302455890164112e14
1.1454138702460848e-7	1.7706698033085935e12
1.1377777777777777e-7	2.6001169192703478e14
1.1302428256070639e-7	2.4762067877610044e14
1.1228070175438595e-7	3.1470944440921656e13
1.1154684095860565e-7	4.9190306966760744e14
1.1082251082251081e-7	2.4587929089056994e14
1.1010752688172043e-7	4.8499376045161586e13
1.0940170940170939e-7	4.2084865583081256e14
1.0870488322717621e-7	3.378156208174231e14
1.080168776371308e-7	5.271031548452818e14
1.0733752620545073e-7	2.977843010963009e14
1.0666666666666666e-7	3.2077427122386125e14
1.0600414078674947e-7	3.0852039096572025e14
1.0534979423868312e-7	1.295650571184088e14
1.0470347648261758e-7	5.278530383723831e13
1.040650406504065e-7	5.673467497785938e14
1.0343434343434342e-7	5.493247550825317e13
1.0281124497991966e-7	1.7286984981959044e14
1.0219560878243514e-7	8.386979163554503e13
1.0158730158730159e-7	1.3358428377003576e13
1.009861932938856e-7	2.3478919406795207e13
1.0039215686274509e-7	7.491706366533822e13
9.980506822612084e-8	1.9629122788265788e14
