3.6312056737588646e-7	2.8989552709747814e19
3.5555555555555553e-7	1.000332324335678e20
3.482993197278911e-7	8.628723530876476e19
3.413333333333333e-7	2.072685662880786e20
3.34640522875817e-7	8.687709031745931e19
3.282051282051282e-7	9.406692478636202e19
3.2201257861635214e-7	7.127849440311666e19
3.160493827160493e-7	8.795612060846938e18
3.1030303030303027e-7	1.5580593729232339e19
3.047619047619047e-7	9.822503356894554e18
2.9941520467836257e-7	7.862407702752351e19
2.942528735632184e-7	6.893175266167691e18
2.892655367231638e-7	2.372374207165568e20
2.844444444444444e-7	5.855719289572731e19
2.797814207650273e-7	2.21887598350695e20
2.7526881720430106e-7	3.9440176276930816e20
2.7089947089947086e-7	3.745246260507633e20
2.666666666666666e-7	9.650583824042485e20
2.6256410256410255e-7	1.3046729426479685e21
2.585858585858586e-7	1.8587649806899725e21
2.54726368159204e-7	2.1771168994777487e21
2.5098039215686275e-7	3.5615800614026645e21
2.4734299516908207e-7	3.169484118136167e21
2.4380952380952376e-7	5.77597410075261e21
2.4037558685446006e-7	6.201125003181958e21
2.37037037037037e-7	7.949357065539472e21
2.3378995433789952e-7	8.244161316262896e21
2.3063063063063062e-7	8.293070977728954e21
2.2755555555555555e-7	6.842666460477766e21
2.245614035087719e-7	6.301478880205182e21
2.2164502164502162e-7	3.7276320615005306e21
2.1880341880341878e-7	3.62977794975911e21
2.160337552742616e-7	1.6591491467787169e21
2.133333333333333e-7	1.6118287626768204e21
2.1069958847736624e-7	6.754097470602623e20
2.08130081300813e-7	5.589793264573413e20
2.0562248995983933e-7	2.8887999062340983e20
2.0317460317460317e-7	1.9199413946824003e20
2.0078431372549018e-7	1.0683844591419318e20
1.9844961240310076e-7	1.0442629212155686e20
1.961685823754789e-7	2.555625865624109e19
1.939393939393939e-7	7.530860208714318e19
1.9176029962546815e-7	1.3509875146236792e18
1.896296296296296e-7	3.3784477599387877e19
1.8754578754578753e-7	6.935883290270598e17
1.8550724637681157e-7	4.4491416807622175e18
1.8351254480286738e-7	1.4948273711980063e18
1.8156028368794323e-7	5.675400739603178e18
1.7964912280701754e-7	4.409469446453468e18
1.7777777777777776e-7	1.3680612524789232e19
1.7594501718213055e-7	9.772877848683825e18
1.7414965986394556e-7	8.948903909609414e18
1.7239057239057235e-7	6.905220500392033e18
1.7066666666666666e-7	3.010293330996775e18
1.6897689768976896e-7	8.433159762596515e17
1.673202614379085e-7	1.0297134600780536e18
1.656957928802589e-7	1.1177181291249633e19
1.641025641025641e-7	2.2933044857805586e18
1.6253968253968253e-7	2.0743299758562017e19
1.6100628930817607e-7	2.207820654602833e19
1.5950155763239874e-7	1.0315193698357449e19
1.5802469135802466e-7	4.424289558573063e19
1.565749235474006e-7	2.0744401840604996e19
1.5515151515151514e-7	4.692585172435486e19
1.5375375375375375e-7	5.3478533076525556e19
1.5238095238095236e-7	7.202581694275859e19
1.510324483775811e-7	5.429922971428532e19
1.4970760233918129e-7	1.095215846937593e20
1.4840579710144926e-7	4.346439045249996e19
1.471264367816092e-7	8.63512449332862e19
1.4586894586894585e-7	4.064739446805576e19
1.446327683615819e-7	3.679444602771193e19
1.434173669467787e-7	2.0824536052223934e19
1.422222222222222e-7	2.3790713627366322e19
1.4104683195592285e-7	1.4235320528758335e19
1.3989071038251365e-7	2.4391980523514986e19
1.3875338753387534e-7	3.650191369622227e19
1.3763440860215053e-7	2.5958641679035245e19
1.3653333333333334e-7	4.5734189882829816e19
1.3544973544973543e-7	3.259472706741558e19
1.3438320209973753e-7	3.4709953107123814e19
1.333333333333333e-7	2.889613012098049e19
1.3229974160206715e-7	2.4099459573487526e19
1.3128205128205127e-7	1.5486409006910595e19
1.302798982188295e-7	1.4924250160585867e19
1.292929292929293e-7	6.557962550306048e18
1.2832080200501253e-7	5.403702235379676e18
1.27363184079602e-7	4.192366720824647e18
1.2641975308641975e-7	1.165938911686604e18
1.2549019607843138e-7	2.8438073557928525e18
1.2457420924574208e-7	1.3600917701228628e18
1.2367149758454104e-7	9.138886636107831e17
1.2278177458033572e-7	8.7791435093995e17
1.2190476190476188e-7	2.4310196098374192e17
1.210401891252955e-7	2.4930982150296224e16
1.2018779342723003e-7	6.9040333635721e17
1.1934731934731933e-7	3.2588771266921434e17
1.185185185185185e-7	5.812822236177277e17
1.1770114942528734e-7	2.3143297145391267e17
1.1689497716894976e-7	1.015712601226665e17
1.1609977324263038e-7	1.1936604133560581e17
1.1531531531531531e-7	1.104302657247217e17
1.1454138702460848e-7	3.055236710728506e17
1.1377777777777777e-7	1.6629705260486106e17
1.1302428256070639e-7	5.18914770962869e16
1.1228070175438595e-7	9.375994357272813e16
1.1154684095860565e-7	4.2029427814233336e16
1.1082251082251081e-7	4.469051146757397e17
1.1010752688172043e-7	1.0193137348970173e17
1.0940170940170939e-7	2.6690724458554227e17
1.0870488322717621e-7	6.913736182774398e15
1.080168776371308e-7	2.132550411592464e17
1.0733752620545073e-7	1.541207909200476e17
1.0666666666666666e-7	6.694391442244205e16
1.0600414078674947e-7	3.564564358712206e17
1.0534979423868312e-7	3.8579467451186746e17
1.0470347648261758e-7	2.1628922597346316e16
1.040650406504065e-7	2.03348762080439e16
1.0343434343434342e-7	6.080036674593669e17
1.0281124497991966e-7	8.964533790725454e16
1.0219560878243514e-7	2.9934163022750496e16
1.0158730158730159e-7	7.36820117699966e16
1.009861932938856e-7	9.138370521433894e16
1.0039215686274509e-7	4.730325237193942e16
9.980506822612084e-8	1.193915227164626e17
