3.6312056737588646e-7	1.2902064318152743e20
3.5555555555555553e-7	1.7181230829955737e20
3.482993197278911e-7	3.7417008028333285e19
3.413333333333333e-7	1.739605453659432e20
3.34640522875817e-7	2.1034155269484636e20
3.282051282051282e-7	1.1826277804167958e20
3.2201257861635214e-7	1.8090937697734767e20
3.160493827160493e-7	1.6071285749066312e19
3.1030303030303027e-7	8.527284117672444e19
3.047619047619047e-7	4.587551985709632e19
2.9941520467836257e-7	1.956098902251227e19
2.942528735632184e-7	8.689282193165484e19
2.892655367231638e-7	1.7605186327628366e20
2.844444444444444e-7	3.432381693738985e19
2.797814207650273e-7	1.886415597639304e20
2.7526881720430106e-7	1.1547101404869126e20
2.7089947089947086e-7	2.6552629835146854e19
2.666666666666666e-7	1.0853585947813616e20
2.6256410256410255e-7	5.718374626081619e19
2.585858585858586e-7	9.029329802330327e19
2.54726368159204e-7	5.156233327729036e19
2.5098039215686275e-7	3.186497845114617e20
2.4734299516908207e-7	9.488084530365383e19
2.4380952380952376e-7	1.6664098510426495e20
2.4037558685446006e-7	4.666028860591872e20
2.37037037037037e-7	7.861418823935133e19
2.3378995433789952e-7	2.451913771790815e20
2.3063063063063062e-7	3.614040069245065e20
2.2755555555555555e-7	5.2378830647621104e20
2.245614035087719e-7	3.54837282218408e20
2.2164502164502162e-7	6.72072747946075e20
2.1880341880341878e-7	3.963123253313909e20
2.160337552742616e-7	3.277544471702456e20
2.133333333333333e-7	9.358565610914746e20
2.1069958847736624e-7	3.8032055623504187e20
2.08130081300813e-7	6.191266993258065e20
2.0562248995983933e-7	4.9728352079161485e20
2.0317460317460317e-7	5.189716882929126e20
2.0078431372549018e-7	5.4069447550159205e20
1.9844961240310076e-7	1.0241718521635977e21
1.961685823754789e-7	4.4078870413911504e20
1.939393939393939e-7	4.757813280860925e20
1.9176029962546815e-7	4.400123217641851e20
1.896296296296296e-7	1.875438502709297e20
1.8754578754578753e-7	6.882435417282091e20
1.8550724637681157e-7	6.804802615554667e20
1.8351254480286738e-7	5.3599262249976005e20
1.8156028368794323e-7	3.996496744989519e20
1.7964912280701754e-7	2.6466280498486257e20
1.7777777777777776e-7	4.972734758070955e19
1.7594501718213055e-7	4.056823982168774e20
1.7414965986394556e-7	5.065933506478022e20
1.7239057239057235e-7	5.785179871492577e20
1.7066666666666666e-7	8.12636788046739e20
1.6897689768976896e-7	5.11578542927162e20
1.673202614379085e-7	5.3280820537823225e20
1.656957928802589e-7	3.6580889968682566e20
1.641025641025641e-7	1.7952976364175557e20
1.6253968253968253e-7	2.4372629018853353e20
1.6100628930817607e-7	3.1448763173303546e19
1.5950155763239874e-7	1.3670359829310131e20
1.5802469135802466e-7	8.495764360828947e18
1.565749235474006e-7	7.563640965725164e19
1.5515151515151514e-7	1.3038239980307487e19
1.5375375375375375e-7	5.0369636452944134e19
1.5238095238095236e-7	4.2789641612926616e19
1.510324483775811e-7	1.0936885564114237e19
1.4970760233918129e-7	4.679414155880161e19
1.4840579710144926e-7	2.0162858827255472e19
1.471264367816092e-7	1.200302205740288e19
1.4586894586894585e-7	2.5259548936181113e19
1.446327683615819e-7	1.0639482901111378e19
1.434173669467787e-7	2.5993326176716902e17
1.422222222222222e-7	1.5900924029121528e19
1.4104683195592285e-7	1.8467486677385765e19
1.3989071038251365e-7	7.720954758974647e18
1.3875338753387534e-7	2.3589235935738167e19
1.3763440860215053e-7	6.828802725060726e18
1.3653333333333334e-7	2.807082328395126e18
1.3544973544973543e-7	2.788992044590351e18
1.3438320209973753e-7	5.823627993892037e18
1.333333333333333e-7	1.0466152151423822e18
1.3229974160206715e-7	1.4527521586382178e19
1.3128205128205127e-7	1.67500434264427e18
1.302798982188295e-7	3.698869319716538e17
1.292929292929293e-7	7.063408895372087e18
1.2832080200501253e-7	9.872084589473835e18
1.27363184079602e-7	8.325423570782078e18
1.2641975308641975e-7	4.06402785200646e18
1.2549019607843138e-7	5.485805716715059e17
1.2457420924574208e-7	1.6456614089106266e18
1.2367149758454104e-7	9.3058543962127e17
1.2278177458033572e-7	9.897915391143338e17
1.2190476190476188e-7	1.0082603270109872e17
1.210401891252955e-7	2.404728472246949e18
1.2018779342723003e-7	1.0724517669000302e18
1.1934731934731933e-7	1.70283977644843e18
1.185185185185185e-7	2.2655402901427684e18
1.1770114942528734e-7	1.7367845086318316e18
1.1689497716894976e-7	8.449514737964716e17
1.1609977324263038e-7	3.599878200151762e17
1.1531531531531531e-7	1.966767311081256e16
1.1454138702460848e-7	2.1184671169190982e17
1.1377777777777777e-7	9.867815190073157e17
1.1302428256070639e-7	2.0166843141677806e18
1.1228070175438595e-7	3.019280775104526e19
1.1154684095860565e-7	1.3263065815000844e19
1.1082251082251081e-7	8.657534947071209e18
1.1010752688172043e-7	2.6304850034352562e19
1.0940170940170939e-7	5.551536420724532e19
1.0870488322717621e-7	6.095627779845161e19
1.080168776371308e-7	8.821250287913853e18
1.0733752620545073e-7	2.2133520409350246e20
1.0666666666666666e-7	5.2312623801855754e19
1.0600414078674947e-7	1.6455488284492582e20
1.0534979423868312e-7	1.8486734582532053e20
1.0470347648261758e-7	2.331596247420015e19
1.040650406504065e-7	2.2919784222800947e20
1.0343434343434342e-7	1.2056148921344762e19
1.0281124497991966e-7	1.1002825290882972e20
1.0219560878243514e-7	7.520541739645341e19
1.0158730158730159e-7	1.7041223715684155e19
1.009861932938856e-7	7.83526074014206e19
1.0039215686274509e-7	4.793428323798718e17
9.980506822612084e-8	2.6435833275851366e19
