-2.131628207280300602e-17 1.357944081786585481e+21
1.021774682420236455e-03 1.545163921242259718e+21
1.082835948172075234e-03 1.591560380074742776e+21
1.241994295263289467e-03 1.415794562738899911e+21
1.308613317468570016e-03 1.425217780068593697e+21
1.338128377213827509e-03 1.429931196561018585e+21
2.043549364840494161e-03 1.748037235416817992e+21
2.483988590526593244e-03 1.510000132424924660e+21
3.105927898113776571e-03 1.658336783093609529e+21
3.122299546832294978e-03 1.658469417874321048e+21
3.165443902327151355e-03 1.667784718810622984e+21
3.585056431888627819e-03 1.719747111394487304e+21
3.739238026257346754e-03 1.745950050534886736e+21
4.048008356104052137e-03 1.805263393889975796e+21
4.117539528234406658e-03 1.848447642362530759e+21
4.254746910328229687e-03 1.871562963580674638e+21
4.565196580609391826e-03 1.744295725426282594e+21
4.669803641425716509e-03 1.961332799415529505e+21
5.046505936913562099e-03 1.993130867734181315e+21
5.337404328494105635e-03 2.031558610429671637e+21
5.597362546324682366e-03 2.065332577660149432e+21
5.629016031545432640e-03 2.072990986992629842e+21
5.678208321360081468e-03 2.079373558528600441e+21
5.765915814811968694e-03 2.086818953049146655e+21
5.834151170948871472e-03 2.097534124659322126e+21
6.343476301928085634e-03 2.169862713711078408e+21
6.364867070456106841e-03 2.171388896118028894e+21
6.564847047988699343e-03 2.190360412852787347e+21
6.734604294155943464e-03 2.262005557120352125e+21
6.867282700773874420e-03 2.281742939429750964e+21
6.906527813171817187e-03 2.301708727021577961e+21
6.943077550850983506e-03 2.304757477163310514e+21
6.961857002195841713e-03 2.319843881926649446e+21
7.355954554584343344e-03 2.413146453125898437e+21
7.515911492826351029e-03 2.464920848830007083e+21
7.582400068424288361e-03 2.477771981312821297e+21
7.691264534491214049e-03 2.534592860616471347e+21
7.749660780325364449e-03 2.544172785062808388e+21
7.915812691249126884e-03 2.570572186962345591e+21
8.005599775480423327e-03 2.605173948851448971e+21
8.069247456886394915e-03 2.615094437979895628e+21
8.143367006066383820e-03 2.650747854162826887e+21
8.174667836637677584e-03 2.674243518793866805e+21
8.197578877465415068e-03 2.680810591238337593e+21
8.628977163876125692e-03 2.896305567781974180e+21
8.652466590411049194e-03 2.907131194278688588e+21
8.770383791034373072e-03 2.967791860482824471e+21
8.961665839257091509e-03 3.112501282195346817e+21
9.021723143299119688e-03 3.162994072540001862e+21
9.084139138020294602e-03 3.221916468114413847e+21
9.126433077551973291e-03 3.256315776827212169e+21
9.143336102745255184e-03 3.277773008234300310e+21
9.151114442324867829e-03 3.283634185333664383e+21
9.269780242380832452e-03 3.426224691389937484e+21
9.356809073802921026e-03 3.555919893691564032e+21
9.386951011944855844e-03 3.613708934723726213e+21
9.470203811756401635e-03 3.832686270671833006e+21
9.480850854109995271e-03 3.854877438226755748e+21
9.549084918796208604e-03 4.041193196924679750e+21
9.661214588500197792e-03 4.429493423440093250e+21
9.795495708145477570e-03 5.218449662556044788e+21
9.820353924306371440e-03 5.384888662590949949e+21
9.822992868479971107e-03 5.402783622015643288e+21
9.850114835910925640e-03 5.608645665963381883e+21
9.873812467295187828e-03 5.791063559889084219e+21
9.903964376570833020e-03 6.045218968701907239e+21
9.923829391105464318e-03 6.231403636502742172e+21
9.925738336229219735e-03 6.247478642802124915e+21
9.937866732174470419e-03 6.361902160715089707e+21
9.972741171267451854e-03 6.703087983849556148e+21
9.978878491793108027e-03 6.762004388683761844e+21
1.000133059889276796e-02 6.983482823150937309e+21
1.000870335941539922e-02 7.064627610635525423e+21
1.001189949860078685e-02 7.094780764291764060e+21
1.007179870294331626e-02 7.782454264985893732e+21
1.007415178934337185e-02 7.811313397884863382e+21
1.007551932944589571e-02 7.824078854040052564e+21
1.009709713959489399e-02 8.052287439454831903e+21
1.009784118922979305e-02 8.061016730410037543e+21
1.011098793619809658e-02 8.204176285791083823e+21
1.011146227025623741e-02 8.209652579852891455e+21
1.012613530583605231e-02 8.367436464699233796e+21
1.014265030956428178e-02 8.536235834226316935e+21
1.014434076286827545e-02 8.552847619289913491e+21
1.016703598711285808e-02 8.802127920368462070e+21
1.019674672021861003e-02 9.108576241719985570e+21
1.019724936395571303e-02 9.113281079742482612e+21
1.019966167999347521e-02 9.141227975413591966e+21
1.024279838482855358e-02 9.588959701189414355e+21
1.025328107620962145e-02 9.689128747468154995e+21
1.026184459297238040e-02 9.778899586956698583e+21
1.027142787708379933e-02 9.869177586828728861e+21
1.028309460473656248e-02 9.983346151769363186e+21
1.029039725766969261e-02 1.007036987794458988e+22
1.030424573848422697e-02 1.020630032573085935e+22
1.034699463583585270e-02 1.061445737567458270e+22
1.041201310471871061e-02 1.119928888920999828e+22
1.043432419706747868e-02 1.138751182393752892e+22
1.045711578561956019e-02 1.159086146707547750e+22
1.047993510813565940e-02 1.178300249040476334e+22
1.049243271727058266e-02 1.188753642053652238e+22
1.051638305186538246e-02 1.213807138779952264e+22
1.051882208388589014e-02 1.215817491424259290e+22
1.062811195348468789e-02 1.304229237258004411e+22
1.063718416581395897e-02 1.311520999766601236e+22
1.063977285279696719e-02 1.313409312260195195e+22
1.070275594069763220e-02 1.362125176232714699e+22
1.070721845617770597e-02 1.365990166213773650e+22
1.075354639552530446e-02 1.404754671168599674e+22
1.075639027479380512e-02 1.406773722741785756e+22
1.077378197485538182e-02 1.419117058866121854e+22
1.077434205817550186e-02 1.419502222612056611e+22
1.079173375823708377e-02 1.432120601130345641e+22
1.079229384155720728e-02 1.432529668287770919e+22
1.081043046442124560e-02 1.444799518394735500e+22
1.081502377897753352e-02 1.448341078546629368e+22
1.085145951676737448e-02 1.474792043504843358e+22
1.088866955110842465e-02 1.500889183917390692e+22
1.091281637194264735e-02 1.518897965022286814e+22
1.096900736220381492e-02 1.557418945313755261e+22
1.105324192216972611e-02 1.613830026310192202e+22
1.105812213710187161e-02 1.616985208970650268e+22
1.108370115534495180e-02 1.635538755121523458e+22
1.117134401201776671e-02 1.693242986921703191e+22
1.118502100440678902e-02 1.701866078517755013e+22
1.122757472309531164e-02 1.730268703065327534e+22
1.124092099371442992e-02 1.738581052248855622e+22
1.124374692639994698e-02 1.740195434260753652e+22
1.126585051932358847e-02 1.754213739704446091e+22
1.128648377727555982e-02 1.766042976790142098e+22
1.129936914533718854e-02 1.773714994185913762e+22
1.131887829733288671e-02 1.785556706808641356e+22
1.133101721594678007e-02 1.793155412674404051e+22
1.134136427984110650e-02 1.798911100704291553e+22
1.136246205435306744e-02 1.813023920971814483e+22
1.137602149550759681e-02 1.820865401010752219e+22
1.140388995727916951e-02 1.836410486334623318e+22
1.143929972716306413e-02 1.856820982196578183e+22
1.150064532912379971e-02 1.894036226651590125e+22
1.153796939225947352e-02 1.914919219138487596e+22
1.157420254676253847e-02 1.934580716087365180e+22
1.165066015016535776e-02 1.978606539853032063e+22
1.165834731093337226e-02 1.983335007780951242e+22
1.168093985109405243e-02 1.994801120600734355e+22
1.169636576463221542e-02 2.001905817381008468e+22
1.170197790399484482e-02 2.004472001602876395e+22
1.179598366969505409e-02 2.052697002433204086e+22
1.182789702213340663e-02 2.066914988523719229e+22
1.182804026049640543e-02 2.066921096612452866e+22
1.182827861318833454e-02 2.066986610831815973e+22
1.184798405332085011e-02 2.075308515977802547e+22
1.185018166108860876e-02 2.076710056323650578e+22
1.186065414501830464e-02 2.081935673469837718e+22
1.186285175278606330e-02 2.083373822585067274e+22
1.193440096041136975e-02 2.116739824576502537e+22
1.195321422853387779e-02 2.124460051126808897e+22
1.196609691864289338e-02 2.129405699954734793e+22
1.197832650239070117e-02 2.134096602298700110e+22
1.200017165230056297e-02 2.143256396892185244e+22
1.205665371678441358e-02 2.169218444170757564e+22
1.207909423182138356e-02 2.177271435595706532e+22
1.208475658697919647e-02 2.179963189793045820e+22
1.211373135304500033e-02 2.191978849224671992e+22
1.216183846467425167e-02 2.208571178963037900e+22
1.217639590630690063e-02 2.217650692333060804e+22
1.218043610586470350e-02 2.219006492398628687e+22
1.219499354749735767e-02 2.223661406974735339e+22
1.219903374705516054e-02 2.225541929760411406e+22
1.221359118868782165e-02 2.231672323048504033e+22
1.221713807993333838e-02 2.233203012939202272e+22
1.224914910602661368e-02 2.243265317075846116e+22
1.227943979538416094e-02 2.254138956644944236e+22
1.228330635068053747e-02 2.255205396285477408e+22
1.234208396346468846e-02 2.275024192632258141e+22
1.238499388925563306e-02 2.289313689584729797e+22
1.241391395810392990e-02 2.298838843228704840e+22
1.246734562632674341e-02 2.314983302584161482e+22
1.248914197935242602e-02 2.320496692964620658e+22
1.250207974907541035e-02 2.323641044100720466e+22
1.255010869676284786e-02 2.336140501715641591e+22
1.257368502679308622e-02 2.343849859486401639e+22
1.257519372739671591e-02 2.344202077352371002e+22
1.260292386577749162e-02 2.350953128308007921e+22
1.263343618654732235e-02 2.357955731771766079e+22
1.264630348925470903e-02 2.365146847702137228e+22
1.264914754273554522e-02 2.365566889150453803e+22
1.266471334700063935e-02 2.368334181153838098e+22
1.270688631615910294e-02 2.356296644795197030e+22
1.272156837965122446e-02 2.359161190553290277e+22
1.273081793351733652e-02 2.361693913582365416e+22
1.275763292517378793e-02 2.367076449086542866e+22
1.276377477060018292e-02 2.367878108231839095e+22
1.280333321097981529e-02 2.374170738761789132e+22
1.283517068994463259e-02 2.379723087140278501e+22
1.283750271720474241e-02 2.380067965153255725e+22
1.283981909894925562e-02 2.380351869412676993e+22
1.285207479359630478e-02 2.381538455218200091e+22
1.285498010650898242e-02 2.381852305497462197e+22
1.286783705508763760e-02 2.383086643505209226e+22
1.287657332206828924e-02 2.384895347063822850e+22
1.291776415015248938e-02 2.414641579798830042e+22
1.292593387526474319e-02 2.417131174588819335e+22
1.295408148494689785e-02 2.420809147883425943e+22
1.295696104029811849e-02 2.420991996435163303e+22
1.295836546402214483e-02 2.421103272369954436e+22
1.298188200993998821e-02 2.426917822745495260e+22
1.300704787678337235e-02 2.439913948769382774e+22
1.300888184339506724e-02 2.442041684336185652e+22
1.300904471348178840e-02 2.442044937413379228e+22
1.300972923331026807e-02 2.442395005066922479e+22
1.301170797260599657e-02 2.444715731991852692e+22
1.304663676978332250e-02 2.480645906619135584e+22
1.306230631759370923e-02 2.494537171369608190e+22
1.309611330231611956e-02 2.525677754698765959e+22
1.312106568724403025e-02 2.546270804321130827e+22
1.312919158666199342e-02 2.552844636835840367e+22
1.316100517290860576e-02 2.575501402436734760e+22
1.317776623299642645e-02 2.586864156900493099e+22
1.320972505322462812e-02 2.604203491473812881e+22
1.325573934983854951e-02 2.622226617828088847e+22
1.325574136834653874e-02 2.622225976368808382e+22
1.325574268120666664e-02 2.622228583266453448e+22
1.325574697472831423e-02 2.622226658086917400e+22
1.327213482033997791e-02 2.626911683627331669e+22
1.332504194387551175e-02 2.638027741815320137e+22
1.333148082207054330e-02 2.658242329084057512e+22
1.333480716195985585e-02 2.658443152145525821e+22
1.335293506711929777e-02 2.658692680179173976e+22
1.354724000643075903e-02 2.660313401389560837e+22
1.356693827837489146e-02 2.658352534813523365e+22
1.361472025632372469e-02 2.653648968281380356e+22
1.363572648706688241e-02 2.650796500543873640e+22
1.364770996420098560e-02 2.649295588132273521e+22
1.365969534387068487e-02 2.647428190210157969e+22
1.378769964295110777e-02 2.636376966208034334e+22
1.380311418526525107e-02 2.634641737715114469e+22
1.386949088215119752e-02 2.630973972192057675e+22
1.402485733325909215e-02 2.639618534280689772e+22
1.403360054060673150e-02 2.637772888465963011e+22
1.403852113455218015e-02 2.640406575184689391e+22
1.405916835157103827e-02 2.639163954045776822e+22
1.453147041500153606e-02 2.641764614950698457e+22
1.457812527096512441e-02 2.643008040222340625e+22
1.484417200029812360e-02 2.667337480198084467e+22
1.501002127304180110e-02 2.698251500014273770e+22
1.502075840651827948e-02 2.699392756283724110e+22
1.502956156584384605e-02 2.700215014530521183e+22
1.506823985690526613e-02 2.706603270120345384e+22
1.511647721785938474e-02 2.712169462610680558e+22
1.514843186163719949e-02 2.733178769140554400e+22
1.515476366616523747e-02 2.741363849421263995e+22
1.524959519509990445e-02 2.734556858532208889e+22
1.564866332863150064e-02 2.820533144966099737e+22
1.577082892793008409e-02 2.848354489091523766e+22
1.579183987913070422e-02 2.852705917032777699e+22
1.586680816928674395e-02 2.874205084575998358e+22
1.591996293145591171e-02 2.888208306388795497e+22
1.597052427162734198e-02 2.893881555427749423e+22
1.605015290590502616e-02 2.920102106854311592e+22
1.607674640400375346e-02 2.905411226081670726e+22
1.612465165887566262e-02 2.937415260792565845e+22
1.617021961532459293e-02 2.947893112180667371e+22
1.619773250544612880e-02 2.981471893971424772e+22
1.628668463872077338e-02 3.011507343957397655e+22
1.641111121032117273e-02 3.028627295444426503e+22
1.662242090795321148e-02 3.120759616361350142e+22
1.667425699359494085e-02 3.136619329361941627e+22
1.695284254730738613e-02 3.286828554660165871e+22
1.701537522367711081e-02 3.282421864353593976e+22
1.728326418666156078e-02 3.462900933376124282e+22
1.739990078531277601e-02 3.544719324268866411e+22
1.744347445349201178e-02 3.577328946743175283e+22
1.752064105273456671e-02 3.640740146086522598e+22
1.760368472032246626e-02 3.712040697165425882e+22
1.772743618622174208e-02 3.838271793393559824e+22
1.776389498715292073e-02 3.878316423679972055e+22
1.787602611158296828e-02 4.035957084838341850e+22
1.798172422399404308e-02 4.178696802138103952e+22
1.798738951025988589e-02 4.188949405433335067e+22
1.799335734998391834e-02 4.199333423414238197e+22
1.800278441404083718e-02 4.182322282363069923e+22
1.812284398464151375e-02 4.376863751525522578e+22
1.821088403336686493e-02 4.552529182500504522e+22
1.830728990916462295e-02 4.811969319238773611e+22
1.840708888526191439e-02 5.152396086366850515e+22
1.841148119448083112e-02 5.169315723877126085e+22
1.843849056008978193e-02 5.282013810815283285e+22
1.848500118928635833e-02 5.497100783766191735e+22
1.850420382517659751e-02 5.591892965859941522e+22
1.852003627786861367e-02 5.673687227014061438e+22
1.854063280164947383e-02 5.788874053310848224e+22
1.856051544897055830e-02 5.909162250324231271e+22
1.858097934086061151e-02 6.039741745984502025e+22
1.870466936053767973e-02 7.056928695026272594e+22
1.878545171481045203e-02 7.996355314894165875e+22
1.879157509120882655e-02 8.079258330265808378e+22
1.885184170901025788e-02 8.982624104492404677e+22
1.888930244320674579e-02 9.620264816705184098e+22
1.896951290529274442e-02 1.120606586939825497e+23
1.902145539146099518e-02 1.233325784422077568e+23
1.902312181147607084e-02 1.237290046852991644e+23
1.903156189688220284e-02 1.255952979805428987e+23
1.905188338149132674e-02 1.302121896702778372e+23
1.905642629840226601e-02 1.312546081673810574e+23
1.907149070907330005e-02 1.347108979216168570e+23
1.907662169367050492e-02 1.358719099589543697e+23
1.909346739402293866e-02 1.397242977620605272e+23
1.909850859171767154e-02 1.409314316352941248e+23
1.919506963917064213e-02 1.630467306577042824e+23
1.919530033640685224e-02 1.630931823768814957e+23
1.925568643003505026e-02 1.768764204515368936e+23
1.925783991294680725e-02 1.773660422822234056e+23
1.925797092216617254e-02 1.773954115247440281e+23
1.925804657206795292e-02 1.774119280396004082e+23
1.935482660127938251e-02 1.988893247693546859e+23
1.941555439231657312e-02 2.119277379060370338e+23
1.942528011469198818e-02 2.140245732183938286e+23
1.942968869982650629e-02 2.149823635514556678e+23
1.951318195993917426e-02 2.325017081066978814e+23
1.951974251267616853e-02 2.338749892536408054e+23
1.953565898197476627e-02 2.371305761586485165e+23
1.954454168023116167e-02 2.389887588894938266e+23
1.956045814952978371e-02 2.422800914504827252e+23
1.957003327057935116e-02 2.442174705138258841e+23
1.958608079277144448e-02 2.474699900230572263e+23
1.963123174292162945e-02 2.566095710792322877e+23
1.966194267889621178e-02 2.627842681686505848e+23
1.972451546714591025e-02 2.747629038373516041e+23
1.975862379231583740e-02 2.817117103502665470e+23
1.981133925744530538e-02 2.922364625272970454e+23
1.983811739767405574e-02 2.975126170229665316e+23
1.990466821078047330e-02 3.103965557489111862e+23
1.993116679186021298e-02 3.155112030616831645e+23
1.999245430574377730e-02 3.272250390368306279e+23
2.001429211645190664e-02 3.314027067100311197e+23
2.002541333941702112e-02 3.334913442465337794e+23
2.005140949597922564e-02 3.383926500277891702e+23
2.005389370856547337e-02 3.388670482861085059e+23
2.007289741538799757e-02 3.424786746898470257e+23
2.007538162797424183e-02 3.429654560770289754e+23
2.009438533479675909e-02 3.465452649266173025e+23
2.014651773155219303e-02 3.562734980469674423e+23
2.016263244563384210e-02 3.590365054918621376e+23
2.019657050526670744e-02 3.656114827407155035e+23
2.021453156664920064e-02 3.689543042890526349e+23
2.024911018049057460e-02 3.754001506418684854e+23
2.027107593822465373e-02 3.791429611050046105e+23
2.030333063190436702e-02 3.850900881892227028e+23
2.033467779850163179e-02 3.908311653273376223e+23
2.035740272720585817e-02 3.950421658445693615e+23
2.037951943081546535e-02 3.990656650362353741e+23
2.039925387987154629e-02 4.026611961696440203e+23
2.041585418691980319e-02 4.057316909974917816e+23
2.043558863597587719e-02 4.093010533864573439e+23
2.047109959525661438e-02 4.157123477547998249e+23
2.049393217704593637e-02 4.197765258844880817e+23
2.049513814097679229e-02 4.199947164753771585e+23
2.049651986626421438e-02 4.202452403665517811e+23
2.051231430764748759e-02 4.231184988462602802e+23
2.051611864406039168e-02 4.238161146872966802e+23
2.053335678364897124e-02 4.269098890529117548e+23
2.057240108149077304e-02 4.338516267120984064e+23
2.062346248295454307e-02 4.429753142847868397e+23
2.068286091362510695e-02 4.536244900802421221e+23
2.069697146701039367e-02 4.561574579010299201e+23
2.072555808414014780e-02 4.611994951800250192e+23
2.073157141395627623e-02 4.622857046393590162e+23
2.073665594399357048e-02 4.631483410915210958e+23
2.074233649262858734e-02 4.641583851160663197e+23
2.077754902077727159e-02 4.702899176241424216e+23
2.078272513358528015e-02 4.711975741011336385e+23
2.080088167081600367e-02 4.743388245183482414e+23
2.082306178508306141e-02 4.779085280791704036e+23
2.082721698415057610e-02 4.786226120162678218e+23
2.083961535047280586e-02 4.807565340775529264e+23
2.086203982899543716e-02 4.846314495825184597e+23
2.086521767298609928e-02 4.851781901036495737e+23
2.087186554617754056e-02 4.863464128337144164e+23
2.090082305667730067e-02 4.913625009307550482e+23
2.092011364593087189e-02 4.948932353891947900e+23
2.094352285612746667e-02 4.989316008301691761e+23
2.096433168500327210e-02 5.022495418248993796e+23
2.099448848716968519e-02 5.074114032466582118e+23
2.105769611780736184e-02 5.183560856177437919e+23
2.106169529306781141e-02 5.190369896545400757e+23
2.110832866165594790e-02 5.269894421058773729e+23
2.113578068878876545e-02 5.315824409913820614e+23
2.115372729634594148e-02 5.346244290887209693e+23
2.118307976005932153e-02 5.392835626859163738e+23
2.122014891704530198e-02 5.456964950517565987e+23
2.122174725367808462e-02 5.459658823679679262e+23
2.122253859072020798e-02 5.460889719512990755e+23
2.130782233927267649e-02 5.601799498270947913e+23
2.130865672961099189e-02 5.603127243136878814e+23
2.131287263661677325e-02 5.610056239956397119e+23
2.133072577505493173e-02 5.638797758108262874e+23
2.133268118831070301e-02 5.642181499266331679e+23
2.135053432674885454e-02 5.671310193401618246e+23
2.135248974000462929e-02 5.674351045583723917e+23
2.136689676173886623e-02 5.697782923185566180e+23
2.137536477550372807e-02 5.711879990604257684e+23
2.137832034943281875e-02 5.716622553062405434e+23
2.144918776059454718e-02 5.833074074115390203e+23
2.146279923311423393e-02 5.854633263993509202e+23
2.150116667745579496e-02 5.916221903995517534e+23
2.155043309447633379e-02 5.993759730426083184e+23
2.161818728943169787e-02 6.103350421130510944e+23
2.162871414320570104e-02 6.119986687161003388e+23
2.165268651491017438e-02 6.157188162849476329e+23
2.172254583951985576e-02 6.266313695677301706e+23
2.178718681826884856e-02 6.367834576169369086e+23
2.178872804760411189e-02 6.370252068460169433e+23
2.179584596262762811e-02 6.380809328228767325e+23
2.179707425130143761e-02 6.382487318336923700e+23
2.180370007335420690e-02 6.392710136790306668e+23
2.180687046704011048e-02 6.397518999610295876e+23
2.183131659771793062e-02 6.435001100184152011e+23
2.183801445195727997e-02 6.445380793195679155e+23
2.184073495684555818e-02 6.449383328309495988e+23
2.186011297229778841e-02 6.479260633946216129e+23
2.186152350254407656e-02 6.481500112444827233e+23
2.186424750172143161e-02 6.485544668420592632e+23
2.186651885575372628e-02 6.489031315471880893e+23
2.189018955411088305e-02 6.525038106709530625e+23
2.190468419776435763e-02 6.546790022516806454e+23
2.192495316004215017e-02 6.573878014624752688e+23
2.194223393746023293e-02 6.599564311347335015e+23
2.195323382855808581e-02 6.616195567819802490e+23
2.198304047300688249e-02 6.660046552919446022e+23
2.201099097620354619e-02 6.701711065008495458e+23
2.202380552855725399e-02 6.721544761224103387e+23
2.203940659427382556e-02 6.744909198388994003e+23
2.209896739075264266e-02 6.834808756048274475e+23
2.210854529651914632e-02 6.846548506671924327e+23
2.211699728811817797e-02 6.858690441478327291e+23
2.212854533136964647e-02 6.875298212804716051e+23
2.212972031599694939e-02 6.876713534716769961e+23
2.213657925108741126e-02 6.886706754518072542e+23
2.214294099644667155e-02 6.895536313218671156e+23
2.214408205025781770e-02 6.897082777354177211e+23
2.215619219367278778e-02 6.914800272432385218e+23
2.216623057995565499e-02 6.928878136313215650e+23
2.222672991105365328e-02 7.015243664758630389e+23
2.226236621271948657e-02 7.067549831109641041e+23
2.227017375211353539e-02 7.078795839048188093e+23
2.227915584065124840e-02 7.091098646593726967e+23
2.231688057101989184e-02 7.144961979123291558e+23
2.236041477195199398e-02 7.204232582983587568e+23
2.237311276725010081e-02 7.222179632960254918e+23
2.237614499574974714e-02 7.226406221758318751e+23
2.238793121709932096e-02 7.242359198544049262e+23
2.239814203642271490e-02 7.256735434011246781e+23
2.240293079655983691e-02 7.263441721925926839e+23
2.241384599857383988e-02 7.278031852627310265e+23
2.241863475871096537e-02 7.284977724869432805e+23
2.242737059570337407e-02 7.298847493194433650e+23
2.242958213624221889e-02 7.301877326209490260e+23
2.243616212158035597e-02 7.310418347379618082e+23
2.243760836901860511e-02 7.312302225122251338e+23
2.253355581781881639e-02 7.440958606707330646e+23
2.253660408564649859e-02 7.444892360103815062e+23
2.256304084606877008e-02 7.480277413607437385e+23
2.258967588567984200e-02 7.515409295051117319e+23
2.268771292816145271e-02 7.647957482879734461e+23
2.269096121111312606e-02 7.652063860190239890e+23
2.273110730484844896e-02 7.704184124918688152e+23
2.274174340234107541e-02 7.714990430180511916e+23
2.284187003850409250e-02 7.842885486760120916e+23
2.284188236969180927e-02 7.842906377462612513e+23
2.284192908296830971e-02 7.842995770036340927e+23
2.286164897270331550e-02 7.867469654618076191e+23
2.286170429979805796e-02 7.867571373311104343e+23
2.289606182712049590e-02 7.909911863395832320e+23
2.289627233960786490e-02 7.910109443761159526e+23
2.289649472720194090e-02 7.910101599228514093e+23
2.300835629594819368e-02 8.055588013399136073e+23
2.301507330682120087e-02 8.070450708340307531e+23
2.310523374622736395e-02 8.258531862691976441e+23
2.312111396343658615e-02 8.289932201616333938e+23
2.322904493160756964e-02 8.454403807099570094e+23
2.324456251318310698e-02 8.473077889732020871e+23
2.331423332488022013e-02 8.539599307849630566e+23
2.334573319967123139e-02 8.566051290197999611e+23
2.344973356726693173e-02 8.626220035068483852e+23
2.345807269816188589e-02 8.629868913048281101e+23
2.348619516376602295e-02 8.639467860955909671e+23
2.353405699173176727e-02 8.654974445445891689e+23
2.353622253518070431e-02 8.655542606605342506e+23
2.353904741094794625e-02 8.656515188544484514e+23
2.354950967885368132e-02 8.659528396278064250e+23
2.370428400934462485e-02 8.688320331140587439e+23
2.383994141042340698e-02 8.705925868999599079e+23
2.389014586022634307e-02 8.712945641878662226e+23
2.390168667304208919e-02 8.718466702203196361e+23
2.391201932394431545e-02 8.716499713948605733e+23
2.393302656505303522e-02 8.719203791224434170e+23
2.402077841170294562e-02 8.731682033641607030e+23
2.405617414376013535e-02 8.736776010740626662e+23
2.409908933673953965e-02 8.744791576012178420e+23
2.415986354636176850e-02 8.756179016602487546e+23
2.437152316393773749e-02 8.810304021749930394e+23
2.444334146500197480e-02 8.826404887100622530e+23
2.460854036175945392e-02 8.879577365103594229e+23
2.463530913849492146e-02 8.888337970163050820e+23
2.483848529221177256e-02 8.963243836097332951e+23
2.483950083350136562e-02 8.963971304518397723e+23
2.486466502739506299e-02 8.978608323206605187e+23
2.504713377702470073e-02 9.064549028289804795e+23
2.506843022266409815e-02 9.073980334307306614e+23
2.527747954397156077e-02 9.193466677328023755e+23
2.529837515311642027e-02 9.205371864889899457e+23
2.551740257417240212e-02 9.356459626178556870e+23
2.558267809253800956e-02 9.405500703405973050e+23
2.585442999569037559e-02 9.629876603644559669e+23
2.587220092874139427e-02 9.645541873871844918e+23
2.619145741720833517e-02 9.968406336597648673e+23
2.621136818071395647e-02 9.992863038562482531e+23
2.624337675473052342e-02 1.002934735104405638e+24
2.659138079357181716e-02 1.048258247684738091e+24
2.666178489205862576e-02 1.059323965506533758e+24
2.672318717454630344e-02 1.068696017516063464e+24
2.680397300692324847e-02 1.082034351809152651e+24
2.687141145576472934e-02 1.094210224579927465e+24
2.715267171648814981e-02 1.155185940846856083e+24
2.723500616837864347e-02 1.176613238623987311e+24
2.732698835648781840e-02 1.201665932685940334e+24
2.755023725091516190e-02 1.278241804353488034e+24
2.765416208885110999e-02 1.321586634694319747e+24
2.792761987638825785e-02 1.468071176402742796e+24
2.803186396333322630e-02 1.544055112796968724e+24
2.807359538326655371e-02 1.577252480842827970e+24
2.808488132028237952e-02 1.587374772690964732e+24
2.810021766587997294e-02 1.601169788598679876e+24
2.815603317039986134e-02 1.654561262963066640e+24
2.817673788660841547e-02 1.675743916127676319e+24
2.827381476634957536e-02 1.791408418858504825e+24
2.831304900764033960e-02 1.847129449122547532e+24
2.843664676232222216e-02 2.064221907216488253e+24
2.844371598619398547e-02 2.079258571064145355e+24
2.845412301924735501e-02 2.102204165884983424e+24
2.853869347432589840e-02 2.314871119987352856e+24
2.856221345226388555e-02 2.386182240351513907e+24
2.862000403697544451e-02 2.586186827107567319e+24
2.875312891335497431e-02 3.232066157934147979e+24
2.876153737915936037e-02 3.283413262604305969e+24
2.880832782051780463e-02 3.597319842971796604e+24
2.881439166764312304e-02 3.642080714822359785e+24
2.883348543744028783e-02 3.787099388674810743e+24
2.884785857965492181e-02 3.902781904124317497e+24
2.885390937503183595e-02 3.952191272545192470e+24
2.887873664058654768e-02 4.166068369891690098e+24
2.891236009867658580e-02 4.477430472279862014e+24
2.898155948636059465e-02 5.195544998808197767e+24
2.898435801326610523e-02 5.225537549848342778e+24
2.898500312450019711e-02 5.232733295687593930e+24
2.898592402119243294e-02 5.242898707906806826e+24
2.899125391164985785e-02 5.301319643232948904e+24
2.899397424099686010e-02 5.333048737970531657e+24
2.899712218524728644e-02 5.368809611571370576e+24
2.900272180155355484e-02 5.430594893894838112e+24
2.901718464203707423e-02 5.593508454403899931e+24
2.906232379488764977e-02 6.116897674465485359e+24
2.908816361541621126e-02 6.424254588887721218e+24
2.909448158765700482e-02 6.499440081225175227e+24
2.912652016049750367e-02 6.883634295130131767e+24
2.913285679138736400e-02 6.960256431225968225e+24
2.913912774654695698e-02 7.035083969027482159e+24
2.917054496236849703e-02 7.412549293429957346e+24
2.919170446107273442e-02 7.666453395529536090e+24
2.921539625751278652e-02 7.948532327438194494e+24
2.921781082586209083e-02 7.977398891959125186e+24
2.922436422685243188e-02 8.054911726338589627e+24
2.925569709181615255e-02 8.424704773967807003e+24
2.926298490433012697e-02 8.510611980389918232e+24
2.927341671930147951e-02 8.632824249569641748e+24
2.930815246924112216e-02 9.037713401977877507e+24
2.933174928397938586e-02 9.309355241894426425e+24
2.939372610348011880e-02 1.001505174303816329e+25
2.941634889463890304e-02 1.026947359579081956e+25
2.944755128905993807e-02 1.061906049557934200e+25
2.948527601632824902e-02 1.103899061499798935e+25
2.952446730263010716e-02 1.147068063598864136e+25
2.956512023001891046e-02 1.191603078267462146e+25
2.958695010887875398e-02 1.215218918806563862e+25
2.959763674454440538e-02 1.226781328269223988e+25
2.961721607178756377e-02 1.247988216418834775e+25
2.962790270745322210e-02 1.259536042461697945e+25
2.964748203469637355e-02 1.280604397246917271e+25
2.965816867036203536e-02 1.292096346984188164e+25
2.970985464234507378e-02 1.347499678781637154e+25
2.973122058402159415e-02 1.370325288791752003e+25
2.976947419491149383e-02 1.411126049946697666e+25
2.978908137284027105e-02 1.431993706037630136e+25
2.985529476441212832e-02 1.502005123522162919e+25
2.988407695148445967e-02 1.532352789872782338e+25
2.990593562967788430e-02 1.555392721460629168e+25
2.991999407531852756e-02 1.570112178990662463e+25
2.999999505753821877e-02 1.653830006799931559e+25
3.003693331894734600e-02 1.692586048568665803e+25
3.003925440599973865e-02 1.694947034446185254e+25
3.004312107284850750e-02 1.698914635828441480e+25
3.004544215990090361e-02 1.701329367452856057e+25
3.004930882674968287e-02 1.705413934413963387e+25
3.005162991380207552e-02 1.707811364075445890e+25
3.005829289044901695e-02 1.714802703271750372e+25
3.007582791742182196e-02 1.733042637707391478e+25
3.011181264727544327e-02 1.770518107520465131e+25
3.015874856777743876e-02 1.819319684298114760e+25
3.019571347716315871e-02 1.857657814359926302e+25
3.021681462672469454e-02 1.879526481575087034e+25
3.025173607456176431e-02 1.915577122679999847e+25
3.027162336620890098e-02 1.936125626433042815e+25
3.032109846652435853e-02 1.987221464880322210e+25
3.034650869898377831e-02 2.013451325591343786e+25
3.035319074320813951e-02 2.020458855065542289e+25
3.035522124821634152e-02 2.022547290772359605e+25
3.038449816464035627e-02 2.052590048649574475e+25
3.038764549940183371e-02 2.055902932236368100e+25
3.039540521636460366e-02 2.063936155808910134e+25
3.044765176739943485e-02 2.117633760183135770e+25
3.045294106990127994e-02 2.123174726141343559e+25
3.045835410894605008e-02 2.128757312948219817e+25
3.047204162894049523e-02 2.142828983419412744e+25
3.051705463157506487e-02 2.189098401028571831e+25
3.052907008849858536e-02 2.201388610843093132e+25
3.054979014385264882e-02 2.222678813218042477e+25
3.055795287447755568e-02 2.231065963225381491e+25
3.059886365144302497e-02 2.273088018260662455e+25
3.060697059360467306e-02 2.281435095173544150e+25
3.061222479090832879e-02 2.286794597838892130e+25
3.061581773425905637e-02 2.290480266689628212e+25
3.070435944458411656e-02 2.381224376344574201e+25
3.072605268425553440e-02 2.403531938557598122e+25
3.074242365327964008e-02 2.420299580771761693e+25
3.076806678200067618e-02 2.446537475931856394e+25
3.077773684602023302e-02 2.456406953492009198e+25
3.079804048560379551e-02 2.477212735642598074e+25
3.087262251565095483e-02 2.553621463167636751e+25
3.091270839264056297e-02 2.594626814141627947e+25
3.092107182613644534e-02 2.603186325897592110e+25
3.092207217594751187e-02 2.604164571494315626e+25
3.093616956119999914e-02 2.618523474382050422e+25
3.096707759983750863e-02 2.650127058420028088e+25
3.098491051599781831e-02 2.668365338178783222e+25
3.098857925261115989e-02 2.672112052464788253e+25
3.100641216877147999e-02 2.690345486322855258e+25
3.101500311573375523e-02 2.699138688311486077e+25
3.102966265378947347e-02 2.714182608586671407e+25
3.106285501946410774e-02 2.748099072033369248e+25
3.108133565966300638e-02 2.767047810533106997e+25
3.109738750939504762e-02 2.783269734113490602e+25
3.112190571868065150e-02 2.808460172921269598e+25
3.113042095428242978e-02 2.817161264256574722e+25
3.114153006970654669e-02 2.828503713351438138e+25
3.118418300454446623e-02 2.872104859473865995e+25
3.120139094649014566e-02 2.889710811353702975e+25
3.122303102397994135e-02 2.911676948699823305e+25
3.125333350300278645e-02 2.942742788340505356e+25
3.127000913157795131e-02 2.959762149828061599e+25
3.129421144784274439e-02 2.984547059515041677e+25
3.132173937322334234e-02 3.012658485607421159e+25
3.132461117291353292e-02 3.015573125048415641e+25
3.132941186481397189e-02 3.020516598889775142e+25
3.135037213191005367e-02 3.041919926120201656e+25
3.135517282381048570e-02 3.046860312100502503e+25
3.137613309090658137e-02 3.068273565446455011e+25
3.138093378280701340e-02 3.073138135848853914e+25
3.143540351092154878e-02 3.128728349033981131e+25
3.145715067444656426e-02 3.150971391252969678e+25
3.146272129689565294e-02 3.156709316777546976e+25
3.152513977325332312e-02 3.220539478712332750e+25
3.155858528904002813e-02 3.254917255605008839e+25
3.160124598650214389e-02 3.298472964462477591e+25
3.164372719635824560e-02 3.342065140832909638e+25
3.167485196137839049e-02 3.373798716346633915e+25
3.173593872011822026e-02 3.436298947985424677e+25
3.174534129855770964e-02 3.446003423561075765e+25
3.175059076289555443e-02 3.451415557936123940e+25
3.177601768568315971e-02 3.477548988233753809e+25
3.178126715002100450e-02 3.482930753185010793e+25
3.180669407280860284e-02 3.509108390716629163e+25
3.181194353714644762e-02 3.514451196698191914e+25
3.187668200845960448e-02 3.580809757108120656e+25
3.187845811260468787e-02 3.582687655697492757e+25
3.189840595800090550e-02 3.603043337673013641e+25
3.194451779551551324e-02 3.650534583356811013e+25
3.195674759009923399e-02 3.663146905945018981e+25
3.202559853788268518e-02 3.733920238787006911e+25
3.204730524655990259e-02 3.756382578318732374e+25
3.208308051099562769e-02 3.793366561966219429e+25
3.214932985027787321e-02 3.861992150433792453e+25
3.217370414706590548e-02 3.887306077974875572e+25
3.217805176397380701e-02 3.891823673993678309e+25
3.219376060350586516e-02 3.908125838660327061e+25
3.219810822041378057e-02 3.912662566470319715e+25
3.221381705994583178e-02 3.929059082757624801e+25
3.221816467685374719e-02 3.933533071749876111e+25
3.226431963947461873e-02 3.981795395537895424e+25
3.231390441366950583e-02 4.033830008375303372e+25
3.231902554607320177e-02 4.039115389267322168e+25
3.233397727736303517e-02 4.055012259681506092e+25
3.235828719511046198e-02 4.080666946839120389e+25
3.236710782543218007e-02 4.090061912164722817e+25
3.241419942832078627e-02 4.140172228765320728e+25
3.244174100885444806e-02 4.170127746255674422e+25
3.245872239622515920e-02 4.188627209576851449e+25
3.250398501658258166e-02 4.238833387952482636e+25
3.251079655129394952e-02 4.246573023723415448e+25
3.252846747934290406e-02 4.266769903908196252e+25
3.256898928626893869e-02 4.314374703490379545e+25
3.257019303343046401e-02 4.315663888452096294e+25
3.259798269327520565e-02 4.350304001290638265e+25
3.260234066821984800e-02 4.355863509567812959e+25
3.262751582471651313e-02 4.388602008136917070e+25
3.264863393295576455e-02 4.417750935365860048e+25
3.266522735385851695e-02 4.441997460596275417e+25
3.267435241859499573e-02 4.455664267953942208e+25
3.270570469365265132e-02 4.506474374914957705e+25
3.272535532371349115e-02 4.541318014422268615e+25
3.274136116210257796e-02 4.572200935578596804e+25
3.276989355097496837e-02 4.633452942231679720e+25
3.283176500681680987e-02 4.803527432442372718e+25
3.285887361883060853e-02 4.900195435094334337e+25
3.289888422604129309e-02 5.074004893501416406e+25
3.290058620744327339e-02 5.082438980765171489e+25
3.290674655831699741e-02 5.113240672077603717e+25
3.300807643339397079e-02 5.746283035954782995e+25
3.302631570325333804e-02 5.872791837534119513e+25
3.305179608862363755e-02 6.050149956668590624e+25
3.307219994872691998e-02 6.190307011536374323e+25
3.307941556074741468e-02 6.238894908144529333e+25
3.310145190317462238e-02 6.385244211301809346e+25
3.312702032015409082e-02 6.549291462655033005e+25
3.313654178840429870e-02 6.608643768158560434e+25
3.316663527204653794e-02 6.790083834999758183e+25
3.318195587309385325e-02 6.878692926658041350e+25
3.321652883240822779e-02 7.070337077610078665e+25
3.323518794862873049e-02 7.168742616324478929e+25
3.324913655933749851e-02 7.241017744062682569e+25
3.326245984301307718e-02 7.309290381436758781e+25
3.329641259536701703e-02 7.475751884141035893e+25
3.332041481244842063e-02 7.591192409208256305e+25
3.333132272431536119e-02 7.641782829520090691e+25
3.333494993023784075e-02 7.658508727555391153e+25
3.334005463118407120e-02 7.681569771110846541e+25
3.334148070463280322e-02 7.687951926435131336e+25
3.334558321517862994e-02 7.706775133010484379e+25
3.334684302844348469e-02 7.712720636383984129e+25
3.342057090814402193e-02 8.032709000556033970e+25
3.342612910533865334e-02 8.055866493093780468e+25
3.342780361615926149e-02 8.062532450333466195e+25
3.343208519215008778e-02 8.080576270726365655e+25
3.343916218400584672e-02 8.109334791652256310e+25
3.346452955048442174e-02 8.211437914090585312e+25
3.346873134841544389e-02 8.227783577997632404e+25
3.347243355503209949e-02 8.242579249625006468e+25
3.350937829580073052e-02 8.381682620887211547e+25
3.357840253987121049e-02 8.619562241670883655e+25
3.359245280259384042e-02 8.666829243839128076e+25
3.361164555131495452e-02 8.727170208110802901e+25
3.365581732751283389e-02 8.856265055674753493e+25
3.369227552925802699e-02 8.955160922159235935e+25
3.370606217605161270e-02 8.990488735791438186e+25
3.371920839740378401e-02 9.023123880779025021e+25
3.372859060588527524e-02 9.046031855586516194e+25
3.373664273192159002e-02 9.065183371763146798e+25
3.376132224800544590e-02 9.120758754807306260e+25
3.380482872957524948e-02 9.214460465844285602e+25
3.381320681450367821e-02 9.231620767508584145e+25
3.382037142501091720e-02 9.245280279443088660e+25
3.383303423762942796e-02 9.270444002359183539e+25
3.384785409528000277e-02 9.297912995263364368e+25
3.385730897888150626e-02 9.314436895681157413e+25
3.389222989962843019e-02 9.373861899111183568e+25
3.390625742185069541e-02 9.396819501271139469e+25
3.391397302942449760e-02 9.409086389979977738e+25
3.392791362845636038e-02 9.430141614414953113e+25
3.393574121226702878e-02 9.441754201944618105e+25
3.396698735591872909e-02 9.485795567794295754e+25
3.399414937489837057e-02 9.521673867105789172e+25
3.400405684631157416e-02 9.532448923003269635e+25
3.400441888770378007e-02 9.533491302882699936e+25
3.401459106702259955e-02 9.546525739118907805e+25
3.401812111675845546e-02 9.550803686050511565e+25
3.403956550305631268e-02 9.575914087335977547e+25
3.404302355423118737e-02 9.579780033595905950e+25
3.410208634183239246e-02 9.642521631437457994e+25
3.410728916669845262e-02 9.647266845800993676e+25
3.411476176166102631e-02 9.654403777556608752e+25
3.414909058064281161e-02 9.683392547739253154e+25
3.422010683121384095e-02 9.734409115558258901e+25
3.422767919905977257e-02 9.739116311679702879e+25
3.423511643981846236e-02 9.743072421102054215e+25
3.425515760705444279e-02 9.756014703044052009e+25
3.434359726839045918e-02 9.795109696130889687e+25
3.434806923142109253e-02 9.796560817652082048e+25
3.435145455726684727e-02 9.797703458051777471e+25
3.435478250377109466e-02 9.798135807660099858e+25
3.435825876585649891e-02 9.799371811190727117e+25
3.436152257373104729e-02 9.800870108754565863e+25
3.445260932974236051e-02 9.820965516977366772e+25
3.445291752018767722e-02 9.820703505580778056e+25
3.445610477785766151e-02 9.820303625136794871e+25
3.447183009288974642e-02 9.821853477410738893e+25
3.447913407875426856e-02 9.821697936170276415e+25
3.455251237985172003e-02 9.818797863749157299e+25
3.455937132695208192e-02 9.817925427785176644e+25
3.457946150063960500e-02 9.816417548330747429e+25
3.461173358515672732e-02 9.809228349801854471e+25
3.465195908395638652e-02 9.796509313675492837e+25
3.465922629904673313e-02 9.794694527473017905e+25
3.467009393117241600e-02 9.790238675245142327e+25
3.467736114626276261e-02 9.787510736025563384e+25
3.472239421379759439e-02 9.767569148208104144e+25
3.474905153692198212e-02 9.754462515450659194e+25
3.476892072422789470e-02 9.742744907621790156e+25
3.478310798840123647e-02 9.733560069035161706e+25
3.484343875057183126e-02 9.689179887095819869e+25
3.485548456980078896e-02 9.678925520630709084e+25
3.488274662684021782e-02 9.655384562797894601e+25
3.488885483053971726e-02 9.650316615108432510e+25
3.496127354605838011e-02 9.576968081443437128e+25
3.496191760267960275e-02 9.575640025470217037e+25
3.496217443091836213e-02 9.575015149581432017e+25
3.497908862764723126e-02 9.555291680630064552e+25
3.497934545588598371e-02 9.555729220435300180e+25
3.499625965261484589e-02 9.534793218726656596e+25
3.507832400986458238e-02 9.423334535190910178e+25
3.507840135635213741e-02 9.423139491217929067e+25
3.509004580220866087e-02 9.404881643229165201e+25
3.509989942827415610e-02 9.389534757787700618e+25
3.510082203194277856e-02 9.387604826097502621e+25
3.519690178954822113e-02 9.212313503645875290e+25
3.519755578259665257e-02 9.210804967273629761e+25
3.520335364402053802e-02 9.199545898859554913e+25
3.524148731046516936e-02 9.118046264754353973e+25
3.524486276151543585e-02 9.110149015808288790e+25
3.524694849343778386e-02 9.105416900055809366e+25
3.524847975084764024e-02 9.102028409364499593e+25
3.524889672312182809e-02 9.101168411059305404e+25
3.525259433403342413e-02 9.092484465798037402e+25
3.530761105876795147e-02 8.957949973771439419e+25
3.530954243081386307e-02 8.952932618723617368e+25
3.531199422265084154e-02 8.947226239253133443e+25
3.531543066144868931e-02 8.938065108074733465e+25
3.531620151249758449e-02 8.936138395029634067e+25
3.533700915449738272e-02 8.879235877706456927e+25
3.537361292688442210e-02 8.774412746694267358e+25
3.538271855001932226e-02 8.747186450789280522e+25
3.539100301467274640e-02 8.721834369185603278e+25
3.539281512705353544e-02 8.715830900651150473e+25
3.541144052180535823e-02 8.658039139923716830e+25
3.541924615702488066e-02 8.632996133412114581e+25
3.541988673404407317e-02 8.630792113894590599e+25
3.542400173345803399e-02 8.617278570382229538e+25
3.544318139072264590e-02 8.552840396619593684e+25
3.552322854719924816e-02 8.263494519120962550e+25
3.553240253984348701e-02 8.227301611265613988e+25
3.554173690287389109e-02 8.190631867422740315e+25
3.559714096477577944e-02 7.962498552654739807e+25
3.562721093737360872e-02 7.832116685528117402e+25
3.563325673561643092e-02 7.805428301103766197e+25
3.563920873860766669e-02 7.778783792017711039e+25
3.564630416821421705e-02 7.747046671575889896e+25
3.565604856542949064e-02 7.703004135332988556e+25
3.570108097306158579e-02 7.491857696411708953e+25
3.571314495750355783e-02 7.432741467969334666e+25
3.573146071143568775e-02 7.343297252794202653e+25
3.573850356849808674e-02 7.308598981860912938e+25
3.579053243416613350e-02 7.035046629418419255e+25
3.579541712750015231e-02 7.008677589034286976e+25
3.581835350544562008e-02 6.879821874683256464e+25
3.582095857156668284e-02 6.864535526629469913e+25
3.586936119752279217e-02 6.574176535722697069e+25
3.587736426362910652e-02 6.523795713276031789e+25
3.587763113011868676e-02 6.521827871579340310e+25
3.589558983002844039e-02 6.405710676257185517e+25
3.589586450336156032e-02 6.404343503542032867e+25
3.589644588357852190e-02 6.399912625737297416e+25
3.594435329803934848e-02 6.077610065396456264e+25
3.595037575386387380e-02 6.035965900697875994e+25
3.595693045726694459e-02 5.990224228599788330e+25
3.597529352194004520e-02 5.862129735423433956e+25
3.598033739645427331e-02 5.826801945595517572e+25
3.599529086020732127e-02 5.724013442891595048e+25
3.603670477559674235e-02 5.442068117712402398e+25
3.604047141358501100e-02 5.417744251089117926e+25
3.605729070285125515e-02 5.313064871452200749e+25
3.608833995360908459e-02 5.138761176119104463e+25
3.609434292937609146e-02 5.107992784497485812e+25
3.610219452139232232e-02 5.069271752621437206e+25
3.610551300321502427e-02 5.053245247370749242e+25
3.611297478284244966e-02 5.018665155348753975e+25
3.613238879857201546e-02 4.935070687678579150e+25
3.614185395500808806e-02 4.897546537779435084e+25
3.614437999471101920e-02 4.887749644407287720e+25
3.621657747302119146e-02 4.666092881579295295e+25
3.622102990587300342e-02 4.655053539086523374e+25
3.622805673736551046e-02 4.638322113306427801e+25
3.623465323786938252e-02 4.623355336387354142e+25
3.623745534633487225e-02 4.617026217440743745e+25
3.624639379679188422e-02 4.597773599658615737e+25
3.627763131484945669e-02 4.536212699079561816e+25
3.631270510055140122e-02 4.476157540982124633e+25
3.632596062368449036e-02 4.455398855324061463e+25
3.633557108952972792e-02 4.440913724084363720e+25
3.634711095299374140e-02 4.423988428259233593e+25
3.641043488824398378e-02 4.339759817446815446e+25
3.641200038136644529e-02 4.337757417715307203e+25
3.641334729676946880e-02 4.335966572104744591e+25
3.641463293187056222e-02 4.334429905250234293e+25
3.641667646703165839e-02 4.331791804464760682e+25
3.647851859029139360e-02 4.258516197118342342e+25
3.648775760141739072e-02 4.248033030868293477e+25
3.650696774869337941e-02 4.226452286517293223e+25
3.653839991202662701e-02 4.191799125624658698e+25
3.656243476731287773e-02 4.165648288607374156e+25
3.663037229613988477e-02 4.092841739646234154e+25
3.663344542302413021e-02 4.089608821759890932e+25
3.666627784828342673e-02 4.055034395559216682e+25
3.668860516554361267e-02 4.031510716618053509e+25
3.668965521248594708e-02 4.030321534914183755e+25
3.670304932429228895e-02 4.016388361768419943e+25
3.672136790393359246e-02 3.997119619072757008e+25
3.675208407734310845e-02 3.965132365150629128e+25
3.678868069944516567e-02 3.927110852972875584e+25
3.679228517687277433e-02 3.923351418767849487e+25
3.680734894727165363e-02 3.907574197219928262e+25
3.681095342469926923e-02 3.903900993196977540e+25
3.682601719509817628e-02 3.888316745272668309e+25
3.690260009490573673e-02 3.808861970285569056e+25
3.691487728788771933e-02 3.796143282167998827e+25
3.695360662848085759e-02 3.756129596517492908e+25
3.696195842782455665e-02 3.747653876041172771e+25
3.703599688050392830e-02 3.671168644928796252e+25
3.704594464430753520e-02 3.660932387843435617e+25
3.708965518502009562e-02 3.615988580901515994e+25
3.709789966055092314e-02 3.607511834400074975e+25
3.716891875792095040e-02 3.534441326662807272e+25
3.717701200072733719e-02 3.526104056142689299e+25
3.718049840190786048e-02 3.522538080988326490e+25
3.720124621199312476e-02 3.501373908141221523e+25
3.720473261317364805e-02 3.497535396444474142e+25
3.722548042325888457e-02 3.476288725902858417e+25
3.724914664579936224e-02 3.451896603539601309e+25
3.725616178558817382e-02 3.444698422732286234e+25
3.727085925205236155e-02 3.429736102726178647e+25
3.730979835495926850e-02 3.390031267377265772e+25
3.739430524649284271e-02 3.303369286159494267e+25
3.740071156414986192e-02 3.296858232433082406e+25
3.740910384266422223e-02 3.288125508105451542e+25
3.743581299286426883e-02 3.260905204284081388e+25
3.747157222122792647e-02 3.224172464604984349e+25
3.747396076799516806e-02 3.221714722704519138e+25
3.755501759549363661e-02 3.139098914669510051e+25
3.758051441789134889e-02 3.112946346732980192e+25
3.761540356517135975e-02 3.077060008962423876e+25
3.761627680888388059e-02 3.076222690746269643e+25
3.762992073061161014e-02 3.062200690861243598e+25
3.764293797519293466e-02 3.048912384403655539e+25
3.764403627319133638e-02 3.047871633606619838e+25
3.766881493366028982e-02 3.022737802474540496e+25
3.766930192841992653e-02 3.022326154527059906e+25
3.769608035651460243e-02 2.994863210460017086e+25
3.769817107697161912e-02 2.992706146089927874e+25
3.770170809523270411e-02 2.989151422046291686e+25
3.770268133919264797e-02 2.988094387671084736e+25
3.774219051470576597e-02 2.947921535292974472e+25
3.776547777516362642e-02 2.923948653866852821e+25
3.782315472025830905e-02 2.865094697521364460e+25
3.782765846440198226e-02 2.860503277641364343e+25
3.785294376376658471e-02 2.834719208315588439e+25
3.787925564922160065e-02 2.807922692683775009e+25
3.789122960277273300e-02 2.795550485303555776e+25
3.792829614754449769e-02 2.757646240021643871e+25
3.794540164038200797e-02 2.740124855355816621e+25
3.798871617362898495e-02 2.695827027232119022e+25
3.799153334141783245e-02 2.692880498016673983e+25
3.800468190620457515e-02 2.679619694902271367e+25
3.807186919660518476e-02 2.610652525046483689e+25
3.807665639308287220e-02 2.605834826280912900e+25
3.809784120471389202e-02 2.584246625156076721e+25
3.809995438033461634e-02 2.582030821456639043e+25
3.812113919196564310e-02 2.560370012573492786e+25
3.812325236758635355e-02 2.558249824967368820e+25
3.813567330102622666e-02 2.545534452262638524e+25
3.820473576142847938e-02 2.474817687555627620e+25
3.824496831802966929e-02 2.433603718777141544e+25
3.826829771906362782e-02 2.409591761008187094e+25
3.834065475246106053e-02 2.335620038452697106e+25
3.834093690983767649e-02 2.335210435557903429e+25
3.834101729944650733e-02 2.335146762010433280e+25
3.840767813485685550e-02 2.266863265145146973e+25
3.841976572204407886e-02 2.254476100330266446e+25
3.846263197274833734e-02 2.210417866785361194e+25
3.847551601944646654e-02 2.197095138438425037e+25
3.849678289752339611e-02 2.175176344921929587e+25
3.850966694422153919e-02 2.162044953818526663e+25
3.853093382229848263e-02 2.140178508827960298e+25
3.853855972980732569e-02 2.132376672726801499e+25
3.853970473592025631e-02 2.131177686899145989e+25
3.857481583044732737e-02 2.095106739558648359e+25
3.858150033668458767e-02 2.088214046919353979e+25
3.858565894871146540e-02 2.083852145707888505e+25
3.865637006588391877e-02 2.011045232671132983e+25
3.873212053157187168e-02 1.932713256522114446e+25
3.873954872607747457e-02 1.925082096902119897e+25
3.879019004321916653e-02 1.872677255449407997e+25
3.882427952365822416e-02 1.837317808690082243e+25
3.888274072645916263e-02 1.776548720479425242e+25
3.890143365665563180e-02 1.757121433814053892e+25
3.898057909644900287e-02 1.674750112458600930e+25
3.899195352306446954e-02 1.662733847846707772e+25
3.899247661918241875e-02 1.662195808686474715e+25
3.899296551248540577e-02 1.661629684414845965e+25
3.899405010790239767e-02 1.660412682047951591e+25
3.899781027571368880e-02 1.656571772870450646e+25
3.901024608714602493e-02 1.643661131715298771e+25
3.901532269329640451e-02 1.638377805178947011e+25
3.902178068754500601e-02 1.631669102600327739e+25
3.902685729369538559e-02 1.626383661815771683e+25
3.907623253508809430e-02 1.574279718567698173e+25
3.914963011060277470e-02 1.497174895133279372e+25
3.915919290216885590e-02 1.487058836302184634e+25
3.918974509223949187e-02 1.454772355809260637e+25
3.921578600588804253e-02 1.427186481012207252e+25
3.930289915359740094e-02 1.334151588918268785e+25
3.930811892980926037e-02 1.328625290961277052e+25
3.935263289078357735e-02 1.280794999317035770e+25
3.936241632300525178e-02 1.270249070646731245e+25
3.945616819659202718e-02 1.168438351976724981e+25
3.947695018604027023e-02 1.145772160299698536e+25
3.947729147437778474e-02 1.145353032356874253e+25
3.949807346382605555e-02 1.122418755199068514e+25
3.949841475216355619e-02 1.122070458096683416e+25
3.950202611813379699e-02 1.118109181778659024e+25
3.951804358632342307e-02 1.100455591372047883e+25
3.955161399217255180e-02 1.063112996402621495e+25
3.958964501900866240e-02 1.020330138881862130e+25
3.959369404506462436e-02 1.015789798999040049e+25
3.964201576392940851e-02 9.610257790027630964e+24
3.965528065966677368e-02 9.456431348657212587e+24
3.969990771039826061e-02 8.944083985919425877e+24
3.971569600692829299e-02 8.759635364595107117e+24
3.976471578304604376e-02 8.184114128738647523e+24
3.978464067081011191e-02 7.947414564835379026e+24
3.981017040178785188e-02 7.641696393038803382e+24
3.982325052739706106e-02 7.485231962627299682e+24
3.984392365712480927e-02 7.236574557117843289e+24
3.985311967734314620e-02 7.126297680256068701e+24
3.987251451637619654e-02 6.892154022027592636e+24
3.990081146547289070e-02 6.553410057769785043e+24
3.990963575965032761e-02 6.446873427277579242e+24
3.993123668191442266e-02 6.189737195656767940e+24
3.994932445209043587e-02 5.976199404352324506e+24
3.995450550987919569e-02 5.914998370289943797e+24
3.995795540469765372e-02 5.875088121267090090e+24
3.997808817497786049e-02 5.641794034223997004e+24
4.002842026576249046e-02 5.082143601755445906e+24
4.003024995816494708e-02 5.063232027415490809e+24
4.004761536205218159e-02 4.877507383763108480e+24
4.005309812071349701e-02 4.819876414119819906e+24
4.005719011967514426e-02 4.778265601996093869e+24
4.005835929189277556e-02 4.766269455007602501e+24
4.007965556315355032e-02 4.552498418514440552e+24
4.010241213201232863e-02 4.333762001112029951e+24
4.015362408052534915e-02 3.886527899866889275e+24
4.016102207501802412e-02 3.827401698284048556e+24
4.016595165796954525e-02 3.787980208264389245e+24
4.018224069813227523e-02 3.663709537479391638e+24
4.018448157763132578e-02 3.646769391429681794e+24
4.020073496804444507e-02 3.528914165193287957e+24
4.020505891751356697e-02 3.498719694866309764e+24
4.023262751149658117e-02 3.316011832778590482e+24
4.028022537687161314e-02 3.036751625477087509e+24
4.032053566042041737e-02 2.831385747303553927e+24
4.036160666958719945e-02 2.652977728603524331e+24
4.040679510097545252e-02 2.484395645989978823e+24
4.042191235629588597e-02 2.433041576268225065e+24
4.047802312197038010e-02 2.263751211603056252e+24
4.051815442166082498e-02 2.161346119729511032e+24
4.054620833483466719e-02 2.097625073513047192e+24
4.054932930094112126e-02 2.089810034352322939e+24
4.058886811071333450e-02 2.008209258392967769e+24
4.062048678645216460e-02 1.949476823225506181e+24
4.065013861344757978e-02 1.899197152637881250e+24
4.070468886447622253e-02 1.817386764159392632e+24
4.072618544875679369e-02 1.787942493326352635e+24
4.076362064102335286e-02 1.740751041218140690e+24
4.117850535580021287e-02 1.401798943261078806e+24
4.129525924180538210e-02 1.342082887676571358e+24
4.145938352029911872e-02 1.275040043539295759e+24
4.156021615065540881e-02 1.240444821990981411e+24
4.175577689167997431e-02 1.182490967807463147e+24
4.178179469328330981e-02 1.175560290990616155e+24
4.187093245468304081e-02 1.152440853605175299e+24
4.196833352710942211e-02 1.128927881754717907e+24
4.233304842755970798e-02 1.057476656690280345e+24
4.244825436393129259e-02 1.038564021179601954e+24
4.250431439315308091e-02 1.029009285312809907e+24
4.268180590633781357e-02 1.005545056635814989e+24
4.270407021782147983e-02 1.001715766326815506e+24
4.271951629065481176e-02 1.000138263910562111e+24
4.290788485029352339e-02 9.766874845865901472e+23
4.299077821737834482e-02 9.680894556777857763e+23
4.302437774794171804e-02 9.636032079661468379e+23
4.307280885546271865e-02 9.594421628436355681e+23
4.314782781032958786e-02 9.528691801953339546e+23
4.326204014410186399e-02 9.421289094145352181e+23
4.342227664086726474e-02 9.300903431847039887e+23
4.359885821432347291e-02 9.176340996267538142e+23
4.366598530755920471e-02 9.137115077583733061e+23
4.392519594910790359e-02 9.002026359348939907e+23
4.398996987798538261e-02 8.960123481880069837e+23
4.425153368389234815e-02 8.858379476282289705e+23
4.439254203181528663e-02 8.815320376025354401e+23
4.444587145686427349e-02 8.805950501024490261e+23
4.448088028026275093e-02 8.791377304907837331e+23
4.453661010355500910e-02 8.767010497480385773e+23
4.457866932921104169e-02 8.759501159104737570e+23
4.464020922983621270e-02 8.748670501860424695e+23
4.471959686116237787e-02 8.733357882221094272e+23
4.483454700280814498e-02 8.702322894004551932e+23
4.496993433091546477e-02 8.681934872078875823e+23
4.501243673446990445e-02 8.674062553824719012e+23
4.506895531685029682e-02 8.667499555889516632e+23
4.507019419804583066e-02 8.667625392124362154e+23
4.518296542162214546e-02 8.655574287851131251e+23
4.518348918957957455e-02 8.655603071926511704e+23
4.525109274968902584e-02 8.647600792737042043e+23
4.529670380377936317e-02 8.637889147026203791e+23
4.530411448523953555e-02 8.637031661763435440e+23
4.535480114787665551e-02 8.628705434104162429e+23
4.535581403350641416e-02 8.628594297168506451e+23
4.539883343006904243e-02 8.622995599924749025e+23
4.541763266973994351e-02 8.622168325331683776e+23
4.541812893603320439e-02 8.622716696566522425e+23
4.547828597716744442e-02 8.604494677191470759e+23
4.548005826888360664e-02 8.603629025014515195e+23
4.549434648087605920e-02 8.598540817667012344e+23
4.551107844408752712e-02 8.593541480322297380e+23
4.553973099320714202e-02 8.581962322769930323e+23
4.556452963607411644e-02 8.570901387406488266e+23
4.561759771323385670e-02 8.545358869471588914e+23
4.565205263923256124e-02 8.521633300341433618e+23
4.567964061659258307e-02 8.500612005913068516e+23
4.569452206526250504e-02 8.488556327914310226e+23
4.570761821707851336e-02 8.479256874134589124e+23
4.573483999092924773e-02 8.449789271972523069e+23
4.575582171889634037e-02 8.426812575506691900e+23
4.577544526435621541e-02 8.403443092875543860e+23
4.580047064155999548e-02 8.373764315536137986e+23
4.581389175709935091e-02 8.353222075238713183e+23
4.583649918683146279e-02 8.316426789338650761e+23
4.584775676569632918e-02 8.297788836620134630e+23
4.587533693121056966e-02 8.253271866721907927e+23
4.590785431092300056e-02 8.195152842434055231e+23
4.593721900750386000e-02 8.139295218297417121e+23
4.594558648823144492e-02 8.121732406148611399e+23
4.599906894255571810e-02 8.002945756918108725e+23
4.600168567226188554e-02 7.999878364352936579e+23
4.604468783460752973e-02 7.948114004353702953e+23
4.605265111382417231e-02 7.938004755134949748e+23
4.608043978813974179e-02 7.905364438645925090e+23
4.609551703360078440e-02 7.885887947273981133e+23
4.613000390858008892e-02 7.841283803077438918e+23
4.615339587673790434e-02 7.813257274339377294e+23
4.615932832970772587e-02 7.805501588455390236e+23
4.617002247475686383e-02 7.792057675918138336e+23
4.617616030507337016e-02 7.780228770380073591e+23
4.617969121775202662e-02 7.775644516156862859e+23
4.619066237533344527e-02 7.756500928888711036e+23
4.622822240087005180e-02 7.709886040413437658e+23
4.624261671302341142e-02 7.692383706343005592e+23
4.624645640497912491e-02 7.687665444894903925e+23
4.624812187069417269e-02 7.685447439741744054e+23
4.625001403953733770e-02 7.683115135317686878e+23
4.628601144927690925e-02 7.644868207361666360e+23
4.628639477170115590e-02 7.644489140635418734e+23
4.628679363834439786e-02 7.643906066830253317e+23
4.628725755685678123e-02 7.643297152068579156e+23
4.629708740723586374e-02 7.630131919726577713e+23
4.635642397463233394e-02 7.546949600137473058e+23
4.636883862192179434e-02 7.530439011625775137e+23
4.640222780348757237e-02 7.486368640871182128e+23
4.640901514702253094e-02 7.477446268898396980e+23
4.642535003940710669e-02 7.455944084788388907e+23
4.642694293016714352e-02 7.453681128732976092e+23
4.651770788567549664e-02 7.332251492777770342e+23
4.652874973648608165e-02 7.316782394735772702e+23
4.655382151143495212e-02 7.283718890461825377e+23
4.655411055728795461e-02 7.283514561000441045e+23
4.660627377715448327e-02 7.213911526767661804e+23
4.661920711318656707e-02 7.195852647807695622e+23
4.662391154712163671e-02 7.189700071966716681e+23
4.666977781842274881e-02 7.120411167574255699e+23
4.668779633466606932e-02 7.099971072637697702e+23
4.670345378445025369e-02 7.078107702706691857e+23
4.670872254175681415e-02 7.070657596613941474e+23
4.674723901667928588e-02 7.019235198729663283e+23
4.674889656212766892e-02 7.016350587443694031e+23
4.676693172715863656e-02 6.991822680647431461e+23
4.676845978891127492e-02 6.989686614219710257e+23
4.678189970660695529e-02 6.968534666476619332e+23
4.680940512131596259e-02 6.929033765618120927e+23
4.685523462545814616e-02 6.862339078130755940e+23
4.691500934812325996e-02 6.781283573768593793e+23
4.691750846919081480e-02 6.777185285358309763e+23
4.693014335092850209e-02 6.759520845665858298e+23
4.698173273741796524e-02 6.675071126574618368e+23
4.698862485327533201e-02 6.664378008153375617e+23
4.701652059713398030e-02 6.625911084599099743e+23
4.701961234498983067e-02 6.621602887624519970e+23
4.704750808884845120e-02 6.579837412860091842e+23
4.710187527726885509e-02 6.499402191063021078e+23
4.710855131079379893e-02 6.489497661650977937e+23
4.714386233089388339e-02 6.436340641924422650e+23
4.715874156641459980e-02 6.413466948270084703e+23
4.720885183957985315e-02 6.337112019575244346e+23
4.723969569594906742e-02 6.292905139839701594e+23
4.724564490752729273e-02 6.283808270571107474e+23
4.726626782259458343e-02 6.252691504713108365e+23
4.726965792770410763e-02 6.247463555774802528e+23
4.727049221467467810e-02 6.246080114393054949e+23
4.734470038264309427e-02 6.127267715974918601e+23
4.734819551921523595e-02 6.121649812007192699e+23
4.737415414776884048e-02 6.082167208388229731e+23
4.738002333013673767e-02 6.072462489100937761e+23
4.738069441929509962e-02 6.070937404240330867e+23
4.738243634203193749e-02 6.068232572857356428e+23
4.738824186677689787e-02 6.059029087883727460e+23
4.738998357313110865e-02 6.056583289730451500e+23
4.739075785313461714e-02 6.055323512776635942e+23
4.739644793800813771e-02 6.046782435424399283e+23
4.740054808118990964e-02 6.040821380849171652e+23
4.740262295097573408e-02 6.037607874259534825e+23
4.742244768189358278e-02 6.008177799038649762e+23
4.751612402351983871e-02 5.855141001046387589e+23
4.760049218467445054e-02 5.724038724776253939e+23
4.760098455926575073e-02 5.723190116129929723e+23
4.762250064625782320e-02 5.680713161138860783e+23
4.765224932225497340e-02 5.635600441292564579e+23
4.767844631050212334e-02 5.592927714304821685e+23
4.776838842481774539e-02 5.448071311368132000e+23
4.778837462099012195e-02 5.414765891128981350e+23
4.779367062202206223e-02 5.406095578227728879e+23
4.782179459301944685e-02 5.360061082022968673e+23
4.783449334931417357e-02 5.336922383268647618e+23
4.787536955032457853e-02 5.271274470646624677e+23
4.791145922999815593e-02 5.207746387336519515e+23
4.791472265010562198e-02 5.202075170426793629e+23
4.791673949993545401e-02 5.198697392425809299e+23
4.794951105009114672e-02 5.144208571966757829e+23
4.794996786983782289e-02 5.143430084670984563e+23
4.795373588003574994e-02 5.137273446478922876e+23
4.797633927635619466e-02 5.098693754469594400e+23
4.798798909326066481e-02 5.076827971794711599e+23
4.800347682352656964e-02 5.052989284091158415e+23
4.801300475165085763e-02 5.036932656739403715e+23
4.803408967438958788e-02 5.001094645781308197e+23
4.804950867925258245e-02 4.974916274160008755e+23
4.809294903300177088e-02 4.900732621504141014e+23
4.810641705917972910e-02 4.872849499670588435e+23
4.812696882221439987e-02 4.837978169338983780e+23
4.816725167901651089e-02 4.769610217452187660e+23
4.818194610931984811e-02 4.744961864935106968e+23
4.820377436317955372e-02 4.707664371634528689e+23
4.822582964491344687e-02 4.671878521770871295e+23
4.823270606184618808e-02 4.659876972980229552e+23
4.823893235598800816e-02 4.649140633445942543e+23
4.824408182659216393e-02 4.640329782803943758e+23
4.825362416014638417e-02 4.623681088827885806e+23
4.828148406193169540e-02 4.575776049905340074e+23
4.833207474949537119e-02 4.482902059441979895e+23
4.833400882539419519e-02 4.479621960154386100e+23
4.833483452062105334e-02 4.478363035853367510e+23
4.836355595829047727e-02 4.427834504583003232e+23
4.836438165351736318e-02 4.426391427442050062e+23
4.839310309118678710e-02 4.375338235634670864e+23
4.839573899959546954e-02 4.370728411790276024e+23
4.846605627292344814e-02 4.250038883482136289e+23
4.846868144299558423e-02 4.245426464125884563e+23
4.846872492110190778e-02 4.245429106693187725e+23
4.852903368034416909e-02 4.136494968195813422e+23
4.853073451076046763e-02 4.133512039456726162e+23
4.861667725399347606e-02 3.978146052865729820e+23
4.862101380014817453e-02 3.970406448455448244e+23
4.866240341680196785e-02 3.893892472343415426e+23
4.866770616278877359e-02 3.883647814453312293e+23
4.875874851360362250e-02 3.721139380680192132e+23
4.877330267919444823e-02 3.696325521625992156e+23
4.877681458819625032e-02 3.690145147788958986e+23
4.878658169288054708e-02 3.671866447808967035e+23
4.879009360188237693e-02 3.665343757036115062e+23
4.879986070656663899e-02 3.647257674613395428e+23
4.880337261556844802e-02 3.640783036101933369e+23
4.889695869857322436e-02 3.466611519315440713e+23
4.889721398626852011e-02 3.466118952681604121e+23
4.889723561941289320e-02 3.466034398365873330e+23
4.893922717234146236e-02 3.385517744954086460e+23
4.894617842224591175e-02 3.372214635688526988e+23
4.902267702075458616e-02 3.225452086640738440e+23
4.903333042341759263e-02 3.207173968056942886e+23
4.907910973232704199e-02 3.123089594746600738e+23
4.909784920355073773e-02 3.087030566306420684e+23
4.914814005524065915e-02 2.989678923385768918e+23
4.916843644390787166e-02 2.950530901243913820e+23
4.917750308707655865e-02 2.932917724518619934e+23
4.919779947574375034e-02 2.893438147247966226e+23
4.924000402789981135e-02 2.804453113472861738e+23
4.925351441406787545e-02 2.779919349627196130e+23
4.926011626893651157e-02 2.767069424650624025e+23
4.926026626469737907e-02 2.766758328553430005e+23
4.927056600542539799e-02 2.742378489000887069e+23
4.927256919709139399e-02 2.738505842998690552e+23
4.927260240459802737e-02 2.738482595897719789e+23
4.928764711153826167e-02 2.710962514787750453e+23
4.937006557345034741e-02 2.551077314799975761e+23
4.937816273145882728e-02 2.534824242713326938e+23
4.937870757223857682e-02 2.533756791412219456e+23
4.946716670823204237e-02 2.356569903427960575e+23
4.947745430427361729e-02 2.335553570137178531e+23
4.948349662978514946e-02 2.323184047212502597e+23
4.948647649179582775e-02 2.317074804095692602e+23
4.948842328857317591e-02 2.313001785985835928e+23
4.952861922146280238e-02 2.229800482882374567e+23
4.954894391402449305e-02 2.187259047021280431e+23
4.954904209493041917e-02 2.187020006084128455e+23
4.956649008660456157e-02 2.153240164620317554e+23
4.956881237288641995e-02 2.148331284192269361e+23
4.959306054799541424e-02 2.094879418521124266e+23
4.960886007780794527e-02 2.060868607184797256e+23
4.963860158382340376e-02 1.996098251188617274e+23
4.966478464426803824e-02 1.939546419253413371e+23
4.967927025326018819e-02 1.908336756830077022e+23
4.968857356113791368e-02 1.887565284244172225e+23
4.972536702105398443e-02 1.808108516228856388e+23
4.974417625504238410e-02 1.765680018321125231e+23
4.976439081407482007e-02 1.720033060112966542e+23
4.977358810664242461e-02 1.699084933443505703e+23
4.979006377425482938e-02 1.661244071414607244e+23
4.981795736370819155e-02 1.597494422052085097e+23
4.983869902080405312e-02 1.549724371068422308e+23
4.987534503354236481e-02 1.464552732313663538e+23
4.989155398737173813e-02 1.426642193768642721e+23
4.993502467481782808e-02 1.326650468668640382e+23
4.994720534090309888e-02 1.298765805580480781e+23
4.995109219855831811e-02 1.289976970550417860e+23
4.997326868294177382e-02 1.240094351618523645e+23
4.999812664771411536e-02 1.187091601495490539e+23
5.000539755611733278e-02 1.169770726598116502e+23
5.000593741006109649e-02 1.168946594068049460e+23
5.006031198934868254e-02 1.055130825781189458e+23
5.013110508211973682e-02 9.208764569702865515e+22
5.013315762607023496e-02 9.172959459543899492e+22
5.013477685693761704e-02 9.146690128749847485e+22
5.017947071498012751e-02 8.433538618617036276e+22
5.022396025393720959e-02 7.824329210651951602e+22
5.026237785359442822e-02 7.361978632640456452e+22
5.027019717519165543e-02 7.275833599411744460e+22
5.029862944061155861e-02 6.957601620604772522e+22
5.030312033426087570e-02 6.914792703517539906e+22
5.030610640574187387e-02 6.885237714778473890e+22
5.031148836509133360e-02 6.836349519257214648e+22
5.031393863665581390e-02 6.812376471271608471e+22
5.036939716801234340e-02 6.361114747735678281e+22
5.038155536188206746e-02 6.264743998207716596e+22
5.049570928864642594e-02 5.557981104414219934e+22
5.053537089979343033e-02 5.339086280048016097e+22
5.057876439109610517e-02 5.146365842652285161e+22
5.066784938323351528e-02 4.830452534237586260e+22
5.074853854586161561e-02 4.615245136739597654e+22
5.075717052937876034e-02 4.594162249196599719e+22
5.076486812058739889e-02 4.575196683222241614e+22
5.093980829934892374e-02 4.184709880235689194e+22
5.105952668219407992e-02 4.054977403643400448e+22
5.110514323694812650e-02 3.997838850790046407e+22
5.114990750309139633e-02 3.961126050372963323e+22
5.121455175373335750e-02 3.821628547698686899e+22
5.127693223517896387e-02 3.788155461845699789e+22
5.139552110654931061e-02 3.690136844978280727e+22
5.149425936907656848e-02 3.604337428308895675e+22
5.157649045936527066e-02 3.539494663331718260e+22
5.165499625484643725e-02 3.473859665528751129e+22
5.175745981218122377e-02 3.368551227232483069e+22
5.189497986660806389e-02 3.280832676591191038e+22
5.207270652002912725e-02 3.232818914259630031e+22
5.214868657909133010e-02 3.195342532396323963e+22
5.234514321696810690e-02 3.079259716113907319e+22
5.239858994645338330e-02 3.058520507292320583e+22
5.247400972468441865e-02 3.020706567059794402e+22
5.272785110441590567e-02 2.921997357074717082e+22
5.280492668049039523e-02 2.897689654788995678e+22
5.314119274862828812e-02 2.798760654769451382e+22
5.314621695867779300e-02 2.797571128417642663e+22
5.323709638938473043e-02 2.793531576373398943e+22
5.350648933929481182e-02 2.766626745782369885e+22
5.355453439284064976e-02 2.762283320936403619e+22
5.391596618724921186e-02 2.666879538589376237e+22
5.396787603705303221e-02 2.670473373849503767e+22
5.428242366241523009e-02 2.627598421148654423e+22
5.429478737302975005e-02 2.626664929454818381e+22
5.436426134842307217e-02 2.623394832892587042e+22
5.446903230884760083e-02 2.623280414106337673e+22
5.448767753287803856e-02 2.622121333900252807e+22
5.464327724466545161e-02 2.616330656778648184e+22
5.468781099019572739e-02 2.616435001212975605e+22
5.475879378136670750e-02 2.617361819480852162e+22
5.478790966630497222e-02 2.594110925991419524e+22
5.487803844057073666e-02 2.597944569452414422e+22
5.490183875750270087e-02 2.597747364745922688e+22
5.505040498622217754e-02 2.605488209449096262e+22
5.505598654205832998e-02 2.604897895963747680e+22
5.506355290961990195e-02 2.605393616130823474e+22
5.516040027033994320e-02 2.589890771035986330e+22
5.529068683596528866e-02 2.621515673148491563e+22
5.534756083238129287e-02 2.623332589053670117e+22
5.537144615961529792e-02 2.626133559605478608e+22
5.548272156968658830e-02 2.638296338651791176e+22
5.548546665433153058e-02 2.638213815050098547e+22
5.549956168842332116e-02 2.640026151280619133e+22
5.551581021663681836e-02 2.632982422204434507e+22
5.552122634251210886e-02 2.636779095267396603e+22
5.559539199965524842e-02 2.636940826977973882e+22
5.563292249860239680e-02 2.638373409851085056e+22
5.564168130903651005e-02 2.637781349212423717e+22
5.565658091228684740e-02 2.616403455347354134e+22
5.568718558856763229e-02 2.571480691882351133e+22
5.568905407686366993e-02 2.571249261978422398e+22
5.569752106226380506e-02 2.570512414437199263e+22
5.573622590978675323e-02 2.581488809898578595e+22
5.576755240143619480e-02 2.568209938185421691e+22
5.578552964824635280e-02 2.582818794823701915e+22
5.580649162080757175e-02 2.572489948473209756e+22
5.584711743803536660e-02 2.549567227997056297e+22
5.586337343003964367e-02 2.538151066266283436e+22
5.587793119183059876e-02 2.527986615037420215e+22
5.589105544303243911e-02 2.509667816031122568e+22
5.591572340972591343e-02 2.475340894070774537e+22
5.595919445864310643e-02 2.431142803485337269e+22
5.602383537859220025e-02 2.385161955292849006e+22
5.603822344440204800e-02 2.383209689073730978e+22
5.604202525925353756e-02 2.382748768886291694e+22
5.604700652712092668e-02 2.382402067356616491e+22
5.605240903169874528e-02 2.401541936315463474e+22
5.605540047039921092e-02 2.400775962885627262e+22
5.605766761312122592e-02 2.400044866039273488e+22
5.607658817052754013e-02 2.398658278201216729e+22
5.613135335152313193e-02 2.387637455411702084e+22
5.617008980003258822e-02 2.404503595391102065e+22
5.618683645775780083e-02 2.381474274967898450e+22
5.619692114605541466e-02 2.379321171795235779e+22
5.620830051432848529e-02 2.377103633332306339e+22
5.622118104622370743e-02 2.375559014476617141e+22
5.623215955653605019e-02 2.373465650535282298e+22
5.626232241785628779e-02 2.363628784539724363e+22
5.628524767713385252e-02 2.357726636265470270e+22
5.629610500401558554e-02 2.354991353841817800e+22
5.630627573865638197e-02 2.352928290485441659e+22
5.633833734528215925e-02 2.371087799689138301e+22
5.639994438757606893e-02 2.352624227265836954e+22
5.643358174416340800e-02 2.344615579579887020e+22
5.645074395942568241e-02 2.339457885792351814e+22
5.646648024309144920e-02 2.313771804207249097e+22
5.651786830032157899e-02 2.300558775674172185e+22
5.652603574860488173e-02 2.298543002626049652e+22
5.657381049815426999e-02 2.302774998194546383e+22
5.664003031979473329e-02 2.281471905355254674e+22
5.673821181468315100e-02 2.250709988578666794e+22
5.674485594117372605e-02 2.248691782707112942e+22
5.678619976926627816e-02 2.233724420363003940e+22
5.678695613317021051e-02 2.233563984157514242e+22
5.679458818489434985e-02 2.230580020440964530e+22
5.679662397819622982e-02 2.229459129508638071e+22
5.680638198401446320e-02 2.225710543074614890e+22
5.680841777731631542e-02 2.224810786765042142e+22
5.681817578313454881e-02 2.220606432238333487e+22
5.682021157643640102e-02 2.220019449150100315e+22
5.684895601882854893e-02 2.210319847141481329e+22
5.691064301376895507e-02 2.166223201261431292e+22
5.693205109162501748e-02 2.157541412514951699e+22
5.694297990754075556e-02 2.152730807865671313e+22
5.701736498448683327e-02 2.141826850694081649e+22
5.702375223809778848e-02 2.117853134415144052e+22
5.706157389369475447e-02 2.102362789753611774e+22
5.706561575132979014e-02 2.100735620813027908e+22
5.706620256455772339e-02 2.100533289309958046e+22
5.713360581490762452e-02 2.068364876151436136e+22
5.713664100764066778e-02 2.067064774009763031e+22
5.715878457958327441e-02 2.055845033542975436e+22
5.716181977231631073e-02 2.054561119588255479e+22
5.717979894952322090e-02 2.045478055166264266e+22
5.719965681074608288e-02 2.036309569397496532e+22
5.722790362990687330e-02 2.023489591203387041e+22
5.725665674596967097e-02 2.029040156326578933e+22
5.730545591160567803e-02 2.005234833862582652e+22
5.737704424064892644e-02 1.943429924452230706e+22
5.740059364804284137e-02 1.951690477612555672e+22
5.744311110491990419e-02 1.929448237525955196e+22
5.747293385109871616e-02 1.912732119851628442e+22
5.755443167055177695e-02 1.864571427630624434e+22
5.756907540769222453e-02 1.856168770574545741e+22
5.762956546387016515e-02 1.819876840731938338e+22
5.766456592737033426e-02 1.799100702159358709e+22
5.767111740984016965e-02 1.795431481923474765e+22
5.769113003169382831e-02 1.783434518390444445e+22
5.769586822713929086e-02 1.779781287337307354e+22
5.772927790458459024e-02 1.760685615045002710e+22
5.773861289702832134e-02 1.755167338136820567e+22
5.774697090070736449e-02 1.749976052010566287e+22
5.776412155191176789e-02 1.739120273469954903e+22
5.781058728997652552e-02 1.708676210946394712e+22
5.783200019628204763e-02 1.694543579972310244e+22
5.792969430587605745e-02 1.628867751002401407e+22
5.795323945808886906e-02 1.613266929090791735e+22
5.800597388735423410e-02 1.576202299875972350e+22
5.802999564355570267e-02 1.540104996318083652e+22
5.811241771104475734e-02 1.481478959490298125e+22
5.814445670574996256e-02 1.459185841910942007e+22
5.820136048473193574e-02 1.417648536617337697e+22
5.821876807224194567e-02 1.405698477566213698e+22
5.823492957938616182e-02 1.393046693925449263e+22
5.824228744706999583e-02 1.387635584469404169e+22
5.824872589351543645e-02 1.382634881421134319e+22
5.825920725789143079e-02 1.369153796009003005e+22
5.826928710035164660e-02 1.361514008629955946e+22
5.827893476549963342e-02 1.353787849259880127e+22
5.828909562054159638e-02 1.351103565200308673e+22
5.833436116064859289e-02 1.315367032080832450e+22
5.838361046309172714e-02 1.276466891897989549e+22
5.841590163412491155e-02 1.251853403562901819e+22
5.845742298445093243e-02 1.215909990740701636e+22
5.852849727319447276e-02 1.169515755514719162e+22
5.855731949919417562e-02 1.144992805938062269e+22
5.860419826395197457e-02 1.082523195430628491e+22
5.862575034836026849e-02 1.063781130913135460e+22
5.872229795569069294e-02 9.940671465985163657e+21
5.873102853529664491e-02 9.854616296302988755e+21
5.873436031934205909e-02 9.823695338968931369e+21
5.873683331415188030e-02 9.830243059923224101e+21
5.874844195940943231e-02 9.709543189022383276e+21
5.875573243475937929e-02 9.636204809060926620e+21
5.875819728919525614e-02 9.609565105162236723e+21
5.876829557570382306e-02 9.507385487876318822e+21
5.877715701384156333e-02 9.407310990924251660e+21
5.879688077398220747e-02 9.205399419767193862e+21
5.881378897117930937e-02 9.032289219738304774e+21
5.885530252005072988e-02 8.595079439007774409e+21
5.886343107843137329e-02 8.512970670728035697e+21
5.890114335459026990e-02 8.085580726713204081e+21
5.890387501408793358e-02 8.057378630788867686e+21
5.894504923374774275e-02 7.611303027926611526e+21
5.896639051217505284e-02 7.333267772522079715e+21
5.896905486704116101e-02 7.301740819429362500e+21
5.899890085318110905e-02 6.985197994129035887e+21
5.902374460170474457e-02 6.734215371609249677e+21
5.904043841854152153e-02 6.579608726410545332e+21
5.904594453894928402e-02 6.529359357489519264e+21
5.906934994591872545e-02 6.318385472132567007e+21
5.907491472326543980e-02 6.268673813381812060e+21
5.909331082290771031e-02 6.099748505862905266e+21
5.911384748256976601e-02 5.909999777065563324e+21
5.911827198404542155e-02 5.870174500037133861e+21
5.913011111639505241e-02 5.771119749045817442e+21
5.914495338168005573e-02 5.652668590028359729e+21
5.916243169360619475e-02 5.519195801125698666e+21
5.922517153018362623e-02 4.997915365785552814e+21
5.923141937926797163e-02 4.958494385549631029e+21
5.924006008218253572e-02 4.909915453560281104e+21
5.924218966938445824e-02 4.897811614236961407e+21
5.930390904278785152e-02 4.569046325702519947e+21
5.933761865132199803e-02 4.386869305358526972e+21
5.933873809729414694e-02 4.382343916253096706e+21
5.937747232659096319e-02 4.225251731445222212e+21
5.939330552402040386e-02 4.172901149397313651e+21
5.939474587427942542e-02 4.168287312894986551e+21
5.944574271318164849e-02 4.010839415627078173e+21
5.945366582740160832e-02 3.993615003151414329e+21
5.945396808817545592e-02 3.992902250283555357e+21
5.953810083782463958e-02 3.777098062982209339e+21
5.958725253072292422e-02 3.718262531765588984e+21
5.962612769687981873e-02 3.584437147671125295e+21
5.965382867375947779e-02 3.530656701214548296e+21
5.966839581391304020e-02 3.511743681282473722e+21
5.969120165522194543e-02 3.472851617743330869e+21
5.970631793460304260e-02 3.451167904432989405e+21
5.977747162422761273e-02 3.366592719536301539e+21
5.988272825071360578e-02 3.248039127344206578e+21
5.989710113966294908e-02 3.159817216028714205e+21
5.990136817395218249e-02 3.156488269342878728e+21
5.997246106912008240e-02 3.103011665322662429e+21
6.008599341286627316e-02 3.076801867389940531e+21
6.010401856794201497e-02 3.006864828899780985e+21
6.011213212805881917e-02 3.002834345787698708e+21
6.011647330315725984e-02 3.000686636854683369e+21
6.015891191613277622e-02 2.968769704895601181e+21
6.018431314335635773e-02 2.949902058322543510e+21
6.029430340228041085e-02 2.887483154883391521e+21
6.031237558997794290e-02 2.924662332390354452e+21
6.033188889260971549e-02 2.914531131921024942e+21
6.036308410045724410e-02 2.900557941671938490e+21
6.054349949486422661e-02 2.766246639188759806e+21
6.062517410641517224e-02 2.733814449452101927e+21
6.074049212510033297e-02 2.686608185390718779e+21
6.082080391824990634e-02 2.661404277597357474e+21
6.085555802589993901e-02 2.652550568770874114e+21
6.093241541193757799e-02 2.607379339126830531e+21
6.097032461220071309e-02 2.597341466025828811e+21
6.107527524738276536e-02 2.566506856579048931e+21
6.122378367124506338e-02 2.523188925741994607e+21
6.125350306131813888e-02 2.535516859604942717e+21
6.145461486272418145e-02 2.465681862973268689e+21
6.146401759395135611e-02 2.465045841186285683e+21
6.196855186988787373e-02 2.325031656242529436e+21
6.238728637350938327e-02 2.181780665548577178e+21
6.262673509457132581e-02 2.169603338611918373e+21
6.280907412623928932e-02 2.143386695268662510e+21
6.308132754280962318e-02 2.111370852874472129e+21
6.308697165874582735e-02 2.110974288072338309e+21
6.308980049017123837e-02 2.106550535709455548e+21
6.368591161364266229e-02 2.020847603864474747e+21
6.389522938075027636e-02 1.995790820073826943e+21
6.397452344540863201e-02 1.987712143267172188e+21
6.401713790098867429e-02 1.989906168395158782e+21
6.407378315063752550e-02 1.979146994548315783e+21
6.426299136113446109e-02 1.967447845433055117e+21
6.459663228045173233e-02 1.704189276193908589e+21
6.495176383945221177e-02 1.800274258445820232e+21
6.497475449892380073e-02 1.799499198450986385e+21
6.522799562650481719e-02 1.754905278752214221e+21
6.552895811801451309e-02 1.709691576389270766e+21
6.559555483723111813e-02 1.691417961086352622e+21
6.567610164333827216e-02 1.676094384979307135e+21
6.570409803382175340e-02 1.675774572297427354e+21
6.572135621086860890e-02 1.679073837083861189e+21
6.598821178806529852e-02 1.577163933092070818e+21
6.631758956700777030e-02 1.531944155099868955e+21
6.654158684207800434e-02 1.501475444701966369e+21
6.656354537284210615e-02 1.504529456422260834e+21
6.722165094989325518e-02 1.502893818504855945e+21
6.730141279034503043e-02 1.487706385589198651e+21
6.733546002834731037e-02 1.478359781637423890e+21
6.740972490413255080e-02 1.472608728717284344e+21
6.754736859617933853e-02 1.448768481563914011e+21
6.765386458284373961e-02 1.424686572093847896e+21
6.816992491210246974e-02 1.487189271649612464e+21
6.835731778419820714e-02 1.506663451784075280e+21
6.837744368407686069e-02 1.303126682984485224e+21
6.899999999999996414e-02 1.365368620750542471e+21
