-2.131628207280300602e-17 3.181642539865965855e+20
1.021774682420236455e-03 3.702590438604954665e+20
1.082835948172075234e-03 3.808035919660405228e+20
1.241994295263289467e-03 3.408566363008922419e+20
1.308613317468570016e-03 3.429981513401995756e+20
1.338128377213827509e-03 3.440693588246501130e+20
2.043549364840494161e-03 4.163650227711930532e+20
2.483988590526593244e-03 3.622648878387665961e+20
3.105927898113776571e-03 3.959762379260243476e+20
3.122299546832294978e-03 3.960063327846299730e+20
3.165443902327151355e-03 3.981233680031562465e+20
3.585056431888627819e-03 4.099316930375640023e+20
3.739238026257346754e-03 4.158863797474778808e+20
4.048008356104052137e-03 4.293656086045276897e+20
4.117539528234406658e-03 4.391798970268768666e+20
4.254746910328229687e-03 4.444328267806854349e+20
4.565196580609391826e-03 4.155069734302783898e+20
4.669803641425716509e-03 4.648330442499622830e+20
5.046505936913562099e-03 4.720577742909874504e+20
5.337404328494105635e-03 4.807893678451866337e+20
5.597362546324682366e-03 4.884631326834191237e+20
5.629016031545432640e-03 4.902034287248035676e+20
5.678208321360081468e-03 4.916535862979822879e+20
5.765915814811968694e-03 4.933449653282930033e+20
5.834151170948871472e-03 4.957796096581505516e+20
6.343476301928085634e-03 5.122120900178389893e+20
6.364867070456106841e-03 5.125585838017950515e+20
6.564847047988699343e-03 5.168673816359963197e+20
6.734604294155943464e-03 5.331475090104146330e+20
6.867282700773874420e-03 5.376307664120309350e+20
6.906527813171817187e-03 5.421676045016750490e+20
6.943077550850983506e-03 5.428598741846574367e+20
6.961857002195841713e-03 5.462882412926320640e+20
7.355954554584343344e-03 5.674832722604577260e+20
7.515911492826351029e-03 5.792449984820786627e+20
7.582400068424288361e-03 5.821634089571809362e+20
7.691264534491214049e-03 5.950729143813595464e+20
7.749660780325364449e-03 5.972477379211340022e+20
7.915812691249126884e-03 6.032395038672621404e+20
8.005599775480423327e-03 6.110985226962602557e+20
8.069247456886394915e-03 6.133492344064275907e+20
8.143367006066383820e-03 6.214473409519703818e+20
8.174667836637677584e-03 6.267850101457670636e+20
8.197578877465415068e-03 6.282759451164299756e+20
8.628977163876125692e-03 6.772074706759348388e+20
8.652466590411049194e-03 6.796643908097778647e+20
8.770383791034373072e-03 6.934316982327779000e+20
8.961665839257091509e-03 7.262781737054554030e+20
9.021723143299119688e-03 7.377367697947417641e+20
9.084139138020294602e-03 7.511078979037185966e+20
9.126433077551973291e-03 7.589104361177871811e+20
9.143336102745255184e-03 7.637803934545290199e+20
9.151114442324867829e-03 7.651094111589003428e+20
9.269780242380832452e-03 7.974591764601522094e+20
9.356809073802921026e-03 8.268803884164580639e+20
9.386951011944855844e-03 8.399915104979795313e+20
9.470203811756401635e-03 8.896845671829282488e+20
9.480850854109995271e-03 8.947170065728113213e+20
9.549084918796208604e-03 9.369805876788030341e+20
9.661214588500197792e-03 1.025048402989132153e+21
9.795495708145477570e-03 1.204019316518374867e+21
9.820353924306371440e-03 1.241765218908943417e+21
9.822992868479971107e-03 1.245823399295002870e+21
9.850114835910925640e-03 1.292513903684681728e+21
9.873812467295187828e-03 1.333881675719237698e+21
9.903964376570833020e-03 1.391520539846188728e+21
9.923829391105464318e-03 1.433748548421647073e+21
9.925738336229219735e-03 1.437393801965255524e+21
9.937866732174470419e-03 1.463343701539355099e+21
9.972741171267451854e-03 1.540720857219745186e+21
9.978878491793108027e-03 1.554081057360813228e+21
1.000133059889276796e-02 1.604305440728080712e+21
1.000870335941539922e-02 1.622708790919611548e+21
1.001189949860078685e-02 1.629545856632099176e+21
1.007179870294331626e-02 1.785517369468038939e+21
1.007415178934337185e-02 1.792063218436118151e+21
1.007551932944589571e-02 1.794957573069992886e+21
1.009709713959489399e-02 1.846706327873486586e+21
1.009784118922979305e-02 1.848684864291346579e+21
1.011098793619809658e-02 1.881150104080808411e+21
1.011146227025623741e-02 1.882392112158113006e+21
1.012613530583605231e-02 1.918172064992488063e+21
1.014265030956428178e-02 1.956445236673206813e+21
1.014434076286827545e-02 1.960212443605561246e+21
1.016703598711285808e-02 2.016742394211708436e+21
1.019674672021861003e-02 2.086228432807212089e+21
1.019724936395571303e-02 2.087294547451532018e+21
1.019966167999347521e-02 2.093633201440987546e+21
1.024279838482855358e-02 2.195158768003418161e+21
1.025328107620962145e-02 2.217869093940149879e+21
1.026184459297238040e-02 2.238225660400618177e+21
1.027142787708379933e-02 2.258692821836013502e+21
1.028309460473656248e-02 2.284578544523168711e+21
1.029039725766969261e-02 2.304318325140088947e+21
1.030424573848422697e-02 2.335138806824429945e+21
1.034699463583585270e-02 2.427679337012138607e+21
1.041201310471871061e-02 2.560257908336442737e+21
1.043432419706747868e-02 2.602923039407919858e+21
1.045711578561956019e-02 2.649024204511161876e+21
1.047993510813565940e-02 2.692578828536139743e+21
1.049243271727058266e-02 2.716274160779898913e+21
1.051638305186538246e-02 2.773094807387807154e+21
1.051882208388589014e-02 2.777651944513487766e+21
1.062811195348468789e-02 2.978049772080288236e+21
1.063718416581395897e-02 2.994578511542641230e+21
1.063977285279696719e-02 2.998857415808106627e+21
1.070275594069763220e-02 3.109270348879834382e+21
1.070721845617770597e-02 3.118033405051104920e+21
1.075354639552530446e-02 3.205911965953527644e+21
1.075639027479380512e-02 3.210487319186337432e+21
1.077378197485538182e-02 3.238456954304393642e+21
1.077434205817550186e-02 3.239330115683760996e+21
1.079173375823708377e-02 3.267924517990547063e+21
1.079229384155720728e-02 3.268852328457727115e+21
1.081043046442124560e-02 3.296651167967160041e+21
1.081502377897753352e-02 3.304678348714167763e+21
1.085145951676737448e-02 3.364620859660159156e+21
1.088866955110842465e-02 3.423756146140918579e+21
1.091281637194264735e-02 3.464570488409518244e+21
1.096900736220381492e-02 3.551852388009235186e+21
1.105324192216972611e-02 3.679662174865869242e+21
1.105812213710187161e-02 3.686810594985543467e+21
1.108370115534495180e-02 3.728856398926241595e+21
1.117134401201776671e-02 3.859591693941213233e+21
1.118502100440678902e-02 3.879126505252539859e+21
1.122757472309531164e-02 3.943477564848887824e+21
1.124092099371442992e-02 3.962306887524563812e+21
1.124374692639994698e-02 3.965962730746444513e+21
1.126585051932358847e-02 3.997719058353282875e+21
1.128648377727555982e-02 4.024507463828232471e+21
1.129936914533718854e-02 4.041882722180126474e+21
1.131887829733288671e-02 4.068705222418008375e+21
1.133101721594678007e-02 4.085918400184759353e+21
1.134136427984110650e-02 4.098950644914035098e+21
1.136246205435306744e-02 4.130927449815967072e+21
1.137602149550759681e-02 4.148685215685559190e+21
1.140388995727916951e-02 4.183884747780900520e+21
1.143929972716306413e-02 4.230107173295551939e+21
1.150064532912379971e-02 4.314400006595913712e+21
1.153796939225947352e-02 4.361686973749329396e+21
1.157420254676253847e-02 4.406203282051548840e+21
1.165066015016535776e-02 4.505904892091923694e+21
1.165834731093337226e-02 4.516614813639840367e+21
1.168093985109405243e-02 4.542569179243730174e+21
1.169636576463221542e-02 4.558643616268502958e+21
1.170197790399484482e-02 4.564449614800760078e+21
1.179598366969505409e-02 4.673612100086997713e+21
1.182789702213340663e-02 4.705776302120084439e+21
1.182804026049640543e-02 4.705790114129079960e+21
1.182827861318833454e-02 4.705937432722382258e+21
1.184798405332085011e-02 4.724758160159499354e+21
1.185018166108860876e-02 4.727933097716019626e+21
1.186065414501830464e-02 4.739760406728583152e+21
1.186285175278606330e-02 4.743018289113678742e+21
1.193440096041136975e-02 4.818514605171909067e+21
1.195321422853387779e-02 4.835971764989728915e+21
1.196609691864289338e-02 4.847151066988421317e+21
1.197832650239070117e-02 4.857754574699105354e+21
1.200017165230056297e-02 4.878469453072160522e+21
1.205665371678441358e-02 4.937207953714318410e+21
1.207909423182138356e-02 4.955404054409304343e+21
1.208475658697919647e-02 4.961494946626307883e+21
1.211373135304500033e-02 4.988665613270078456e+21
1.216183846467425167e-02 5.026146641711324987e+21
1.217639590630690063e-02 5.046713253344668811e+21
1.218043610586470350e-02 5.049775343853081985e+21
1.219499354749735767e-02 5.060285529362001822e+21
1.219903374705516054e-02 5.064540328333724877e+21
1.221359118868782165e-02 5.078403581627716338e+21
1.221713807993333838e-02 5.081865378371039396e+21
1.224914910602661368e-02 5.104581079116044829e+21
1.227943979538416094e-02 5.129149178787581133e+21
1.228330635068053747e-02 5.131553900740355293e+21
1.234208396346468846e-02 5.176313318223493726e+21
1.238499388925563306e-02 5.208581655163613217e+21
1.241391395810392990e-02 5.230088958204277948e+21
1.246734562632674341e-02 5.266518228502478586e+21
1.248914197935242602e-02 5.278940675216903242e+21
1.250207974907541035e-02 5.286023293091929129e+21
1.255010869676284786e-02 5.314191826172214510e+21
1.257368502679308622e-02 5.331594410551349871e+21
1.257519372739671591e-02 5.332387459183284322e+21
1.260292386577749162e-02 5.347591005517261046e+21
1.263343618654732235e-02 5.363350636146025562e+21
1.264630348925470903e-02 5.379628555435417534e+21
1.264914754273554522e-02 5.380568263599534899e+21
1.266471334700063935e-02 5.386777215009455866e+21
1.270688631615910294e-02 5.359199924227769631e+21
1.272156837965122446e-02 5.365633658212167188e+21
1.273081793351733652e-02 5.371341339512807621e+21
1.275763292517378793e-02 5.383432895444765639e+21
1.276377477060018292e-02 5.385222343587987980e+21
1.280333321097981529e-02 5.399312566669275038e+21
1.283517068994463259e-02 5.411759570611167298e+21
1.283750271720474241e-02 5.412530524432539582e+21
1.283981909894925562e-02 5.413163032799859442e+21
1.285207479359630478e-02 5.415793689569152467e+21
1.285498010650898242e-02 5.416491410037779988e+21
1.286783705508763760e-02 5.419227553437155590e+21
1.287657332206828924e-02 5.423290854015123849e+21
1.291776415015248938e-02 5.490675118394278150e+21
1.292593387526474319e-02 5.496290016547062153e+21
1.295408148494689785e-02 5.504499501099973083e+21
1.295696104029811849e-02 5.504900394860128764e+21
1.295836546402214483e-02 5.505145798849852342e+21
1.298188200993998821e-02 5.518238915118168539e+21
1.300704787678337235e-02 5.547648577252819468e+21
1.300888184339506724e-02 5.552475149779570000e+21
1.300904471348178840e-02 5.552481712061464707e+21
1.300972923331026807e-02 5.553273942723279192e+21
1.301170797260599657e-02 5.558538618287655223e+21
1.304663676978332250e-02 5.640028286958084030e+21
1.306230631759370923e-02 5.671527870719143707e+21
1.309611330231611956e-02 5.742152612884335559e+21
1.312106568724403025e-02 5.788852036846259012e+21
1.312919158666199342e-02 5.803760166163514917e+21
1.316100517290860576e-02 5.855134186863426798e+21
1.317776623299642645e-02 5.880899893273662849e+21
1.320972505322462812e-02 5.920204271791357559e+21
1.325573934983854951e-02 5.961035077045136130e+21
1.325574136834653874e-02 5.961033612381992780e+21
1.325574268120666664e-02 5.961039532293537923e+21
1.325574697472831423e-02 5.961035148619372560e+21
1.327213482033997791e-02 5.971640934686289560e+21
1.332504194387551175e-02 5.996784268150385410e+21
1.333148082207054330e-02 6.042713278977236009e+21
1.333480716195985585e-02 6.043162862543016296e+21
1.335293506711929777e-02 6.043694759507815039e+21
1.354724000643075903e-02 6.047111759028857864e+21
1.356693827837489146e-02 6.042636433117094609e+21
1.361472025632372469e-02 6.031905154617796723e+21
1.363572648706688241e-02 6.025405851913417654e+21
1.364770996420098560e-02 6.021985462229799010e+21
1.365969534387068487e-02 6.017732711343287435e+21
1.378769964295110777e-02 5.992539172681027682e+21
1.380311418526525107e-02 5.988587787503645229e+21
1.386949088215119752e-02 5.980221193796041310e+21
1.402485733325909215e-02 5.999810814559688589e+21
1.403360054060673150e-02 5.995613339539276300e+21
1.403852113455218015e-02 6.001597634211444949e+21
1.405916835157103827e-02 5.998767511271296205e+21
1.453147041500153606e-02 6.004576524134086869e+21
1.457812527096512441e-02 6.007395491535677030e+21
1.484417200029812360e-02 6.062655967242584326e+21
1.501002127304180110e-02 6.132897714777875284e+21
1.502075840651827948e-02 6.135490676692598391e+21
1.502956156584384605e-02 6.137358845815165026e+21
1.506823985690526613e-02 6.151874274217979544e+21
1.511647721785938474e-02 6.164520521594548781e+21
1.514843186163719949e-02 6.212265669271078568e+21
1.515476366616523747e-02 6.230867609165315965e+21
1.524959519509990445e-02 6.215389552127000969e+21
1.564866332863150064e-02 6.410762383326629069e+21
1.577082892793008409e-02 6.473985796590158217e+21
1.579183987913070422e-02 6.483874330540129649e+21
1.586680816928674395e-02 6.532731778485542978e+21
1.591996293145591171e-02 6.564554096092520645e+21
1.597052427162734198e-02 6.577445355830104818e+21
1.605015290590502616e-02 6.637033665065058828e+21
1.607674640400375346e-02 6.603644378425325519e+21
1.612465165887566262e-02 6.676378444166458245e+21
1.617021961532459293e-02 6.700189750446917681e+21
1.619773250544612880e-02 6.776503928772323443e+21
1.628668463872077338e-02 6.844763344698094911e+21
1.641111121032117273e-02 6.883667713328435692e+21
1.662242090795321148e-02 7.093051791561318203e+21
1.667425699359494085e-02 7.129095187762700616e+21
1.695284254730738613e-02 7.470472795220972929e+21
1.701537522367711081e-02 7.460456130475874845e+21
1.728326418666156078e-02 7.870631109229027525e+21
1.739990078531277601e-02 8.056580285908082754e+21
1.744347445349201178e-02 8.130692238984350794e+21
1.752064105273456671e-02 8.274807485621364326e+21
1.760368472032246626e-02 8.436853141382309609e+21
1.772743618622174208e-02 8.723740635914968236e+21
1.776389498715292073e-02 8.814750673300467220e+21
1.787602611158296828e-02 9.173023924620560957e+21
1.798172422399404308e-02 9.497431295367957185e+21
1.798738951025988589e-02 9.520732713404426355e+21
1.799335734998391834e-02 9.544332769151414174e+21
1.800278441404083718e-02 9.505671037382540919e+21
1.812284398464151375e-02 9.947809907053950927e+21
1.821088403336686493e-02 1.034704889722378283e+22
1.830728990916462295e-02 1.093668516866621335e+22
1.840708888526191439e-02 1.171038123793801911e+22
1.841148119448083112e-02 1.174883499805230760e+22
1.843849056008978193e-02 1.200496688378744825e+22
1.848500118928635833e-02 1.249380019310279891e+22
1.850420382517659751e-02 1.270923663376328635e+22
1.852003627786861367e-02 1.289513252287667608e+22
1.854063280164947383e-02 1.315692041363118673e+22
1.856051544897055830e-02 1.343030243014732258e+22
1.858097934086061151e-02 1.372707353103325725e+22
1.870466936053767973e-02 1.603885831015225098e+22
1.878545171481045203e-02 1.817391454935723278e+22
1.879157509120882655e-02 1.836233015266773251e+22
1.885184170901025788e-02 2.041543026044687929e+22
1.888930244320674579e-02 2.186461088251976981e+22
1.896951290529274442e-02 2.546869689425613292e+22
1.902145539146099518e-02 2.803049269779979724e+22
1.902312181147607084e-02 2.812058946852921488e+22
1.903156189688220284e-02 2.854474661067809725e+22
1.905188338149132674e-02 2.959403909161508510e+22
1.905642629840226601e-02 2.983095213343147609e+22
1.907149070907330005e-02 3.061647168731761712e+22
1.907662169367050492e-02 3.088033771018851975e+22
1.909346739402293866e-02 3.175587961847660151e+22
1.909850859171767154e-02 3.203022794455772666e+22
1.919506963917064213e-02 3.705642683221233631e+22
1.919530033640685224e-02 3.706698402829025935e+22
1.925568643003505026e-02 4.019953477573312250e+22
1.925783991294680725e-02 4.031081234795866777e+22
1.925797092216617254e-02 4.031748717169309699e+22
1.925804657206795292e-02 4.032124092200813750e+22
1.935482660127938251e-02 4.520246152202020717e+22
1.941555439231657312e-02 4.816573374148833287e+22
1.942528011469198818e-02 4.864228661440833336e+22
1.942968869982650629e-02 4.885996597613475293e+22
1.951318195993917426e-02 5.284163028266001000e+22
1.951974251267616853e-02 5.315373914611661773e+22
1.953565898197476627e-02 5.389364425280409358e+22
1.954454168023116167e-02 5.431595797638699758e+22
1.956045814952978371e-02 5.506398720236895548e+22
1.957003327057935116e-02 5.550430002301086833e+22
1.958608079277144448e-02 5.624350806586476934e+22
1.963123174292162945e-02 5.832068304157583973e+22
1.966194267889621178e-02 5.972402132296515820e+22
1.972451546714591025e-02 6.244643468122131530e+22
1.975862379231583740e-02 6.402570651478604435e+22
1.981133925744530538e-02 6.641769243767279190e+22
1.983811739767405574e-02 6.761681671201368519e+22
1.990466821078047330e-02 7.054498039209407178e+22
1.993116679186021298e-02 7.170739859371418085e+22
1.999245430574377730e-02 7.436963005695739193e+22
2.001429211645190664e-02 7.531909853360968172e+22
2.002541333941702112e-02 7.579378815518277789e+22
2.005140949597922564e-02 7.690771958588183570e+22
2.005389370856547337e-02 7.701553721194030563e+22
2.007289741538799757e-02 7.783636003921172890e+22
2.007538162797424183e-02 7.794699201349078011e+22
2.009438533479675909e-02 7.876058375793320290e+22
2.014651773155219303e-02 8.097154231448138836e+22
2.016263244563384210e-02 8.159949747085627517e+22
2.019657050526670744e-02 8.309380806742171347e+22
2.021453156664920064e-02 8.385353901985494571e+22
2.024911018049057460e-02 8.531850179861744609e+22
2.027107593822465373e-02 8.616913902603814620e+22
2.030333063190436702e-02 8.752075656621737168e+22
2.033467779850163179e-02 8.882554464244627354e+22
2.035740272720585817e-02 8.978258864967451987e+22
2.037951943081546535e-02 9.069701874186987766e+22
2.039925387987154629e-02 9.151418351511454456e+22
2.041585418691980319e-02 9.221202209865188613e+22
2.043558863597587719e-02 9.302323931216816479e+22
2.047109959525661438e-02 9.448034914033438451e+22
2.049393217704593637e-02 9.540402420404884970e+22
2.049513814097679229e-02 9.545361287825620520e+22
2.049651986626421438e-02 9.551055003774452394e+22
2.051231430764748759e-02 9.616356222337355769e+22
2.051611864406039168e-02 9.632211103129820096e+22
2.053335678364897124e-02 9.702524034033266354e+22
2.057240108149077304e-02 9.860290519619586543e+22
2.062346248295454307e-02 1.006764669150970417e+23
2.068286091362510695e-02 1.030967296449358437e+23
2.069697146701039367e-02 1.036724031252708521e+23
2.072555808414014780e-02 1.048183185785979100e+23
2.073157141395627623e-02 1.050651839437595224e+23
2.073665594399357048e-02 1.052612372765979181e+23
2.074233649262858734e-02 1.054907923261990392e+23
2.077754902077727159e-02 1.068843198935756817e+23
2.078272513358528015e-02 1.070906050566010731e+23
2.080088167081600367e-02 1.078045241861902172e+23
2.082306178508306141e-02 1.086158188020855283e+23
2.082721698415057610e-02 1.087781102982362762e+23
2.083961535047280586e-02 1.092630916761177041e+23
2.086203982899543716e-02 1.101437526114697677e+23
2.086521767298609928e-02 1.102680115800250159e+23
2.087186554617754056e-02 1.105335162562825599e+23
2.090082305667730067e-02 1.116735341011835856e+23
2.092011364593087189e-02 1.124759722407011035e+23
2.094352285612746667e-02 1.133937807260354829e+23
2.096433168500327210e-02 1.141478566136894655e+23
2.099448848716968519e-02 1.153210046323486328e+23
2.105769611780736184e-02 1.178084277229978691e+23
2.106169529306781141e-02 1.179631783316102924e+23
2.110832866165594790e-02 1.197705502622960415e+23
2.113578068878876545e-02 1.208144114314674207e+23
2.115372729634594148e-02 1.215057709313219510e+23
2.118307976005932153e-02 1.225646626210902736e+23
2.122014891704530198e-02 1.240221442224694787e+23
2.122174725367808462e-02 1.240833684871342803e+23
2.122253859072020798e-02 1.241113433271163557e+23
2.130782233927267649e-02 1.273138317260519742e+23
2.130865672961099189e-02 1.273440076718418334e+23
2.131287263661677325e-02 1.275014845454035798e+23
2.133072577505493173e-02 1.281546994463947054e+23
2.133268118831070301e-02 1.282316024872457355e+23
2.135053432674885454e-02 1.288936168462635374e+23
2.135248974000462929e-02 1.289627269750428763e+23
2.136689676173886623e-02 1.294952684959114398e+23
2.137536477550372807e-02 1.298156557280589172e+23
2.137832034943281875e-02 1.299234410109688412e+23
2.144918776059454718e-02 1.325700608750772279e+23
2.146279923311423393e-02 1.330600413856962613e+23
2.150116667745579496e-02 1.344597801474454748e+23
2.155043309447633379e-02 1.362219996014186510e+23
2.161818728943169787e-02 1.387126915961529334e+23
2.162871414320570104e-02 1.390907875926227540e+23
2.165268651491017438e-02 1.399362737718622431e+23
2.172254583951985576e-02 1.424163938254868426e+23
2.178718681826884856e-02 1.447236811847456617e+23
2.178872804760411189e-02 1.447786240621576769e+23
2.179584596262762811e-02 1.450185611942495319e+23
2.179707425130143761e-02 1.450566972281675212e+23
2.180370007335420690e-02 1.452890333634629311e+23
2.180687046704011048e-02 1.453983254444309500e+23
2.183131659771793062e-02 1.462501893141257970e+23
2.183801445195727997e-02 1.464860907925301174e+23
2.184073495684555818e-02 1.465770572666747235e+23
2.186011297229778841e-02 1.472560853994746602e+23
2.186152350254407656e-02 1.473069825251291787e+23
2.186424750172143161e-02 1.473989040145366306e+23
2.186651885575372628e-02 1.474781458000218633e+23
2.189018955411088305e-02 1.482964799583218670e+23
2.190468419776435763e-02 1.487908403740121707e+23
2.192495316004215017e-02 1.494064748045218947e+23
2.194223393746023293e-02 1.499902528528879578e+23
2.195323382855808581e-02 1.503682350116493653e+23
2.198304047300688249e-02 1.513648456650644490e+23
2.201099097620354619e-02 1.523117641277700781e+23
2.202380552855725399e-02 1.527625288388881794e+23
2.203940659427382556e-02 1.532935374400468225e+23
2.209896739075264266e-02 1.553367041732790127e+23
2.210854529651914632e-02 1.556035158509251157e+23
2.211699728811817797e-02 1.558794681836079373e+23
2.212854533136964647e-02 1.562569165305846946e+23
2.212972031599694939e-02 1.562890828332057546e+23
2.213657925108741126e-02 1.565162008757063825e+23
2.214294099644667155e-02 1.567168721088284428e+23
2.214408205025781770e-02 1.567520189238775770e+23
2.215619219367278778e-02 1.571546882579334934e+23
2.216623057995565499e-02 1.574746388356654118e+23
2.222672991105365328e-02 1.594374864088648825e+23
2.226236621271948657e-02 1.606262597352383494e+23
2.227017375211353539e-02 1.608818501291219133e+23
2.227915584065124840e-02 1.611614586020480198e+23
2.231688057101989184e-02 1.623856218650489578e+23
2.236041477195199398e-02 1.637326770856732100e+23
2.237311276725010081e-02 1.641405634414585871e+23
2.237614499574974714e-02 1.642366220028383530e+23
2.238793121709932096e-02 1.645991885872736072e+23
2.239814203642271490e-02 1.649259202816650259e+23
2.240293079655983691e-02 1.650783354806374530e+23
2.241384599857383988e-02 1.654099283640084532e+23
2.241863475871096537e-02 1.655677886582689240e+23
2.242737059570337407e-02 1.658830098652185441e+23
2.242958213624221889e-02 1.659518695032865927e+23
2.243616212158035597e-02 1.661459830359788135e+23
2.243760836901860511e-02 1.661887983067750864e+23
2.253355581781881639e-02 1.691127979464109526e+23
2.253660408564649859e-02 1.692022011398863737e+23
2.256304084606877008e-02 1.700064044717679344e+23
2.258967588567984200e-02 1.708048537642676246e+23
2.268771292816145271e-02 1.738173029700462067e+23
2.269096121111312606e-02 1.739106293223804581e+23
2.273110730484844896e-02 1.750951768291458532e+23
2.274174340234107541e-02 1.753407736036581641e+23
2.284187003850409250e-02 1.782474689096438136e+23
2.284188236969180927e-02 1.782479436969932331e+23
2.284192908296830971e-02 1.782499753418600774e+23
2.286164897270331550e-02 1.788061979891631663e+23
2.286170429979805796e-02 1.788085097724467552e+23
2.289606182712049590e-02 1.797707899979758421e+23
2.289627233960786490e-02 1.797752804402515170e+23
2.289649472720194090e-02 1.797751021323107508e+23
2.300835629594819368e-02 1.830816000724492825e+23
2.301507330682120087e-02 1.834193879456269573e+23
2.310523374622736395e-02 1.876939516943586055e+23
2.312111396343658615e-02 1.884075944922222428e+23
2.322904493160756964e-02 1.921455780296702411e+23
2.324456251318310698e-02 1.925699880612037646e+23
2.331423332488022013e-02 1.940818351760960861e+23
2.334573319967123139e-02 1.946830153249235927e+23
2.344973356726693173e-02 1.960504835792743097e+23
2.345807269816188589e-02 1.961334123895172461e+23
2.348619516376602295e-02 1.963515696008185155e+23
2.353405699173176727e-02 1.967039909244720518e+23
2.353622253518070431e-02 1.967169036309535402e+23
2.353904741094794625e-02 1.967390077092507733e+23
2.354950967885368132e-02 1.968074894982321799e+23
2.370428400934462485e-02 1.974618491188664661e+23
2.383994141042340698e-02 1.978619734983365173e+23
2.389014586022634307e-02 1.980215132885789746e+23
2.390168667304208919e-02 1.981469918420791198e+23
2.391201932394431545e-02 1.981022874585645627e+23
2.393302656505303522e-02 1.981637435709224103e+23
2.402077841170294562e-02 1.984473393423077490e+23
2.405617414376013535e-02 1.985631113262258392e+23
2.409908933673953965e-02 1.987452830179032826e+23
2.415986354636176850e-02 1.990040880575596389e+23
2.437152316393773749e-02 2.002342007675751561e+23
2.444334146500197480e-02 2.006001292376569587e+23
2.460854036175945392e-02 2.018085939317721992e+23
2.463530913849492146e-02 2.020076985072617899e+23
2.483848529221177256e-02 2.037101039820877574e+23
2.483950083350136562e-02 2.037266373488468002e+23
2.486466502739506299e-02 2.040592967979170267e+23
2.504713377702470073e-02 2.060124941536864040e+23
2.506843022266409815e-02 2.062268420529312120e+23
2.527747954397156077e-02 2.089424403330388921e+23
2.529837515311642027e-02 2.092130127173322151e+23
2.551740257417240212e-02 2.126468250273702740e+23
2.558267809253800956e-02 2.137613948518668855e+23
2.585442999569037559e-02 2.188608466706999426e+23
2.587220092874139427e-02 2.192168755278611827e+23
2.619145741720833517e-02 2.265547040276942925e+23
2.621136818071395647e-02 2.271105381343099355e+23
2.624337675473052342e-02 2.279397269492430935e+23
2.659138079357181716e-02 2.382405249695448637e+23
2.666178489205862576e-02 2.407554607974236165e+23
2.672318717454630344e-02 2.428854725746493447e+23
2.680397300692324847e-02 2.459169121451059718e+23
2.687141145576472934e-02 2.486841559081919678e+23
2.715267171648814981e-02 2.625422731851222986e+23
2.723500616837864347e-02 2.674121136234994053e+23
2.732698835648781840e-02 2.731059077045388533e+23
2.755023725091516190e-02 2.905095149267229186e+23
2.765416208885110999e-02 3.003606127441458548e+23
2.792761987638825785e-02 3.336525541770379080e+23
2.803186396333322630e-02 3.509216306710388786e+23
2.807359538326655371e-02 3.584664871019598829e+23
2.808488132028237952e-02 3.607670079868185472e+23
2.810021766587997294e-02 3.639022388959686353e+23
2.815603317039986134e-02 3.760366649276292525e+23
2.817673788660841547e-02 3.808509043133697313e+23
2.827381476634957536e-02 4.071382914234458267e+23
2.831304900764033960e-02 4.198021619946346334e+23
2.843664676232222216e-02 4.691413572116525319e+23
2.844371598619398547e-02 4.725587808274121658e+23
2.845412301924735501e-02 4.777736887624016824e+23
2.853869347432589840e-02 5.261070875660893228e+23
2.856221345226388555e-02 5.423141604246874489e+23
2.862000403697544451e-02 5.877697484625542161e+23
2.875312891335497431e-02 7.345605057506461132e+23
2.876153737915936037e-02 7.462303022790254317e+23
2.880832782051780463e-02 8.175727069125605012e+23
2.881439166764312304e-02 8.277456323460606324e+23
2.883348543744028783e-02 8.607044218971343972e+23
2.884785857965492181e-02 8.869959027096996775e+23
2.885390937503183595e-02 8.982253046344944473e+23
2.887873664058654768e-02 9.468337358990293063e+23
2.891236009867658580e-02 1.017597850136282518e+24
2.898155948636059465e-02 1.180805697204167186e+24
2.898435801326610523e-02 1.187622186083343890e+24
2.898500312450019711e-02 1.189257582866453888e+24
2.898592402119243294e-02 1.191567903827648368e+24
2.899125391164985785e-02 1.204845389141467109e+24
2.899397424099686010e-02 1.212056547043202010e+24
2.899712218524728644e-02 1.220184018314611315e+24
2.900272180155355484e-02 1.234226127950180111e+24
2.901718464203707423e-02 1.271251937249732384e+24
2.906232379488764977e-02 1.390204033090091334e+24
2.908816361541621126e-02 1.460057877385189951e+24
2.909448158765700482e-02 1.477145489323712223e+24
2.912652016049750367e-02 1.564462356326674608e+24
2.913285679138736400e-02 1.581876478209834806e+24
2.913912774654695698e-02 1.598882736846748844e+24
2.917054496236849703e-02 1.684670310785243425e+24
2.919170446107273442e-02 1.742375788748917822e+24
2.921539625751278652e-02 1.806484637064835086e+24
2.921781082586209083e-02 1.813045219928577474e+24
2.922436422685243188e-02 1.830661773238611533e+24
2.925569709181615255e-02 1.914705647888173663e+24
2.926298490433012697e-02 1.934230013031410729e+24
2.927341671930147951e-02 1.962005528816341135e+24
2.930815246924112216e-02 2.054025790942614911e+24
2.933174928397938586e-02 2.115762572797464310e+24
2.939372610348011880e-02 2.276148141607542491e+24
2.941634889463890304e-02 2.333971290093233384e+24
2.944755128905993807e-02 2.413422858404551388e+24
2.948527601632824902e-02 2.508861522122892443e+24
2.952446730263010716e-02 2.606972890745045653e+24
2.956512023001891046e-02 2.708188833377531185e+24
2.958695010887875398e-02 2.761861198353020131e+24
2.959763674454440538e-02 2.788139401736762369e+24
2.961721607178756377e-02 2.836336874831281165e+24
2.962790270745322210e-02 2.862581934072520205e+24
2.964748203469637355e-02 2.910464558686074642e+24
2.965816867036203536e-02 2.936582626325232813e+24
2.970985464234507378e-02 3.062499289843679321e+24
2.973122058402159415e-02 3.114375676336551122e+24
2.976947419491149383e-02 3.207104679144007276e+24
2.978908137284027105e-02 3.254531170356142883e+24
2.985529476441212832e-02 3.413648028597396028e+24
2.988407695148445967e-02 3.482619997723097941e+24
2.990593562967788430e-02 3.534983478709694753e+24
2.991999407531852756e-02 3.568436791339943748e+24
2.999999505753821877e-02 3.758704582171212445e+24
3.003693331894734600e-02 3.846786495460026891e+24
3.003925440599973865e-02 3.852152372464361608e+24
3.004312107284850750e-02 3.861169648348508769e+24
3.004544215990090361e-02 3.866657674778350507e+24
3.004930882674968287e-02 3.875940781525906319e+24
3.005162991380207552e-02 3.881389485312325481e+24
3.005829289044901695e-02 3.897278892605297863e+24
3.007582791742182196e-02 3.938733289125898265e+24
3.011181264727544327e-02 4.023904811583506232e+24
3.015874856777743876e-02 4.134817486347366440e+24
3.019571347716315871e-02 4.221949600270038367e+24
3.021681462672469454e-02 4.271651116685700041e+24
3.025173607456176431e-02 4.353584392067250418e+24
3.027162336620890098e-02 4.400285537044295127e+24
3.032109846652435853e-02 4.516412442805791663e+24
3.034650869898377831e-02 4.576025762774419721e+24
3.035319074320813951e-02 4.591951966152628896e+24
3.035522124821634152e-02 4.596698410949393443e+24
3.038449816464035627e-02 4.664977406224007871e+24
3.038764549940183371e-02 4.672506687115921900e+24
3.039540521636460366e-02 4.690764013445823045e+24
3.044765176739943485e-02 4.812804023596327027e+24
3.045294106990127994e-02 4.825397128069383872e+24
3.045835410894605008e-02 4.838084825376568971e+24
3.047204162894049523e-02 4.870065894611173757e+24
3.051705463157506487e-02 4.975223662079589757e+24
3.052907008849858536e-02 5.003155957159851897e+24
3.054979014385264882e-02 5.051542780866591501e+24
3.055795287447755568e-02 5.070604485458030869e+24
3.059886365144302497e-02 5.166109156147383157e+24
3.060697059360467306e-02 5.185079785521364148e+24
3.061222479090832879e-02 5.197260473429493870e+24
3.061581773425905637e-02 5.205636993557951995e+24
3.070435944458411656e-02 5.411873606639932112e+24
3.072605268425553440e-02 5.462572611747766910e+24
3.074242365327964008e-02 5.500680889563523123e+24
3.076806678200067618e-02 5.560312469560459870e+24
3.077773684602023302e-02 5.582743100415496386e+24
3.079804048560379551e-02 5.630028969007261631e+24
3.087262251565095483e-02 5.803685168183035438e+24
3.091270839264056297e-02 5.896879147789924155e+24
3.092107182613644534e-02 5.916332583625683064e+24
3.092207217594751187e-02 5.918555869076133893e+24
3.093616956119999914e-02 5.951189739321618304e+24
3.096707759983750863e-02 6.023016066780756472e+24
3.098491051599781831e-02 6.064466702647660762e+24
3.098857925261115989e-02 6.072981962400062125e+24
3.100641216877147999e-02 6.114421584863908688e+24
3.101500311573375523e-02 6.134406134943640717e+24
3.102966265378947347e-02 6.168596862812233476e+24
3.106285501946410774e-02 6.245679734405291359e+24
3.108133565966300638e-02 6.288745049246390899e+24
3.109738750939504762e-02 6.325613057428902249e+24
3.112190571868065150e-02 6.382864054790275390e+24
3.113042095428242978e-02 6.402639262399685043e+24
3.114153006970654669e-02 6.428417555828184086e+24
3.118418300454446623e-02 6.527511069856668347e+24
3.120139094649014566e-02 6.567524596909972151e+24
3.122303102397994135e-02 6.617447636398289591e+24
3.125333350300278645e-02 6.688051817485292475e+24
3.127000913157795131e-02 6.726732184622450545e+24
3.129421144784274439e-02 6.783061524885565977e+24
3.132173937322334234e-02 6.846951129720497554e+24
3.132461117291353292e-02 6.853575310276882262e+24
3.132941186481397189e-02 6.864810478124059341e+24
3.135037213191005367e-02 6.913454403705339956e+24
3.135517282381048570e-02 6.924682553674918934e+24
3.137613309090658137e-02 6.973349038608393578e+24
3.138093378280701340e-02 6.984404880448344906e+24
3.143540351092154878e-02 7.110746274204399815e+24
3.145715067444656426e-02 7.161298642931057678e+24
3.146272129689565294e-02 7.174339382775933064e+24
3.152513977325332312e-02 7.319407932763352808e+24
3.155858528904002813e-02 7.397539243977661307e+24
3.160124598650214389e-02 7.496529491499435250e+24
3.164372719635824560e-02 7.595602619723834563e+24
3.167485196137839049e-02 7.667724382336975737e+24
3.173593872011822026e-02 7.809770363502353084e+24
3.174534129855770964e-02 7.831825989836889066e+24
3.175059076289555443e-02 7.844126295248629710e+24
3.177601768568315971e-02 7.903520455073934418e+24
3.178126715002100450e-02 7.915751739069457871e+24
3.180669407280860284e-02 7.975246369888974905e+24
3.181194353714644762e-02 7.987389110767529411e+24
3.187668200845960448e-02 8.138204020950356852e+24
3.187845811260468787e-02 8.142471972294054409e+24
3.189840595800090550e-02 8.188734885911392724e+24
3.194451779551551324e-02 8.296669535304035431e+24
3.195674759009923399e-02 8.325333904837301674e+24
3.202559853788268518e-02 8.486182388630874162e+24
3.204730524655990259e-02 8.537233160348147437e+24
3.208308051099562769e-02 8.621287668720502487e+24
3.214932985027787321e-02 8.777254915375284540e+24
3.217370414706590548e-02 8.834786568924924048e+24
3.217805176397380701e-02 8.845053832611841530e+24
3.219376060350586516e-02 8.882104206890069098e+24
3.219810822041378057e-02 8.892414951922273115e+24
3.221381705994583178e-02 8.929679761668537582e+24
3.221816467685374719e-02 8.939847918478908977e+24
3.226431963947461873e-02 9.049535018096988187e+24
3.231390441366950583e-02 9.167795501905909813e+24
3.231902554607320177e-02 9.179807731216594095e+24
3.233397727736303517e-02 9.215936982115499314e+24
3.235828719511046198e-02 9.274243089340824493e+24
3.236710782543218007e-02 9.295595283280020455e+24
3.241419942832078627e-02 9.409482366465771676e+24
3.244174100885444806e-02 9.477563088086102312e+24
3.245872239622515920e-02 9.519607322942328053e+24
3.250398501658258166e-02 9.633712274024682955e+24
3.251079655129394952e-02 9.651302355333960532e+24
3.252846747934290406e-02 9.697204355779918052e+24
3.256898928626893869e-02 9.805397082174194952e+24
3.257019303343046401e-02 9.808327047997850235e+24
3.259798269327520565e-02 9.887054577123627549e+24
3.260234066821984800e-02 9.899689823183357738e+24
3.262751582471651313e-02 9.974095501841432339e+24
3.264863393295576455e-02 1.004034306373104681e+25
3.266522735385851695e-02 1.009544880288428202e+25
3.267435241859499573e-02 1.012650972869274918e+25
3.270570469365265132e-02 1.024198724447479235e+25
3.272535532371349115e-02 1.032117733430438152e+25
3.274136116210257796e-02 1.039136579142880693e+25
3.276989355097496837e-02 1.053057489734187566e+25
3.283176500681680987e-02 1.091710782915584163e+25
3.285887361883060853e-02 1.113680783484178066e+25
3.289888422604129309e-02 1.153182933053850019e+25
3.290058620744327339e-02 1.155099771064897980e+25
3.290674655831699741e-02 1.162100155441087506e+25
3.300807643339397079e-02 1.305973419672189561e+25
3.302631570325333804e-02 1.334725419977426618e+25
3.305179608862363755e-02 1.375034083341648995e+25
3.307219994872691998e-02 1.406887959388669652e+25
3.307941556074741468e-02 1.417930663142581939e+25
3.310145190317462238e-02 1.451191868343940714e+25
3.312702032015409082e-02 1.488475334490934835e+25
3.313654178840429870e-02 1.501964494807207929e+25
3.316663527204653794e-02 1.543200873556248425e+25
3.318195587309385325e-02 1.563339303441575600e+25
3.321652883240822779e-02 1.606894792213879461e+25
3.323518794862873049e-02 1.629259687334697061e+25
3.324913655933749851e-02 1.645685852699411229e+25
3.326245984301307718e-02 1.661202361165126699e+25
3.329641259536701703e-02 1.699034520800095795e+25
3.332041481244842063e-02 1.725271003721811175e+25
3.333132272431536119e-02 1.736768826500713276e+25
3.333494993023784075e-02 1.740570166956256616e+25
3.334005463118407120e-02 1.745811313208960878e+25
3.334148070463280322e-02 1.747261803052606023e+25
3.334558321517862994e-02 1.751539804539136706e+25
3.334684302844348469e-02 1.752891055303388378e+25
3.342057090814402193e-02 1.825615683385601012e+25
3.342612910533865334e-02 1.830878749861695358e+25
3.342780361615926149e-02 1.832393740140361959e+25
3.343208519215008778e-02 1.836494608403829181e+25
3.343916218400584672e-02 1.843030635874546771e+25
3.346452955048442174e-02 1.866235890930435993e+25
3.346873134841544389e-02 1.869950814538540809e+25
3.347243355503209949e-02 1.873313467174977773e+25
3.350937829580073052e-02 1.904927869674502728e+25
3.357840253987121049e-02 1.958991419750904125e+25
3.359245280259384042e-02 1.969733920224518353e+25
3.361164555131495452e-02 1.983447775715185990e+25
3.365581732751283389e-02 2.012787513743756982e+25
3.369227552925802699e-02 2.035263846994880239e+25
3.370606217605161270e-02 2.043292895532506143e+25
3.371920839740378401e-02 2.050709973924750233e+25
3.372859060588527524e-02 2.055916331825817064e+25
3.373664273192159002e-02 2.060268949130601794e+25
3.376132224800544590e-02 2.072899717980234804e+25
3.380482872957524948e-02 2.094195561358295203e+25
3.381320681450367821e-02 2.098095629911175348e+25
3.382037142501091720e-02 2.101200064435747805e+25
3.383303423762942796e-02 2.106919092361229681e+25
3.384785409528000277e-02 2.113162045281977414e+25
3.385730897888150626e-02 2.116917477187792050e+25
3.389222989962843019e-02 2.130423159761173700e+25
3.390625742185069541e-02 2.135640796605955106e+25
3.391397302942449760e-02 2.138428725852681696e+25
3.392791362845636038e-02 2.143214004124099569e+25
3.393574121226702878e-02 2.145853228557269611e+25
3.396698735591872909e-02 2.155862629868242481e+25
3.399414937489837057e-02 2.164016788787150089e+25
3.400405684631157416e-02 2.166465665122372657e+25
3.400441888770378007e-02 2.166702569640277525e+25
3.401459106702259955e-02 2.169664941506703178e+25
3.401812111675845546e-02 2.170637202171038363e+25
3.403956550305631268e-02 2.176344111543562517e+25
3.404302355423118737e-02 2.177222735692085332e+25
3.410208634183239246e-02 2.191482189722563081e+25
3.410728916669845262e-02 2.192560647530646913e+25
3.411476176166102631e-02 2.194182677472215661e+25
3.414909058064281161e-02 2.200771034319628454e+25
3.422010683121384095e-02 2.212365708801788839e+25
3.422767919905977257e-02 2.213435526100143674e+25
3.423511643981846236e-02 2.214334641875808544e+25
3.425515760705444279e-02 2.217276069584916789e+25
3.434359726839045918e-02 2.226161295271571878e+25
3.434806923142109253e-02 2.226491095616686046e+25
3.435145455726684727e-02 2.226750786616146954e+25
3.435478250377109466e-02 2.226849047890192183e+25
3.435825876585649891e-02 2.227129957783036149e+25
3.436152257373104729e-02 2.227470479955198611e+25
3.445260932974236051e-02 2.232037618179664568e+25
3.445291752018767722e-02 2.231978070134935493e+25
3.445610477785766151e-02 2.231887188215626121e+25
3.447183009288974642e-02 2.232239427368606863e+25
3.447913407875426856e-02 2.232204077083760184e+25
3.455251237985172003e-02 2.231544969718527637e+25
3.455937132695208192e-02 2.231346688818254342e+25
3.457946150063960500e-02 2.231003988943535880e+25
3.461173358515672732e-02 2.229370080189715032e+25
3.465195908395638652e-02 2.226479390167374779e+25
3.465922629904673313e-02 2.226066938758755809e+25
3.467009393117241600e-02 2.225054245070373776e+25
3.467736114626276261e-02 2.224434258885076380e+25
3.472239421379759439e-02 2.219902079843396090e+25
3.474905153692198212e-02 2.216923299677138652e+25
3.476892072422789470e-02 2.214260206993887399e+25
3.478310798840123647e-02 2.212172743681895982e+25
3.484343875057183126e-02 2.202086338714355236e+25
3.485548456980078896e-02 2.199755800885711555e+25
3.488274662684021782e-02 2.194405583206129082e+25
3.488885483053971726e-02 2.193253776915655242e+25
3.496127354605838011e-02 2.176583655659391675e+25
3.496191760267960275e-02 2.176281824756605645e+25
3.496217443091836213e-02 2.176139807509261019e+25
3.497908862764723126e-02 2.171657200937664858e+25
3.497934545588598371e-02 2.171756641802676251e+25
3.499625965261484589e-02 2.166998459605510866e+25
3.507832400986458238e-02 2.141666940668130751e+25
3.507840135635213741e-02 2.141622612492423161e+25
3.509004580220866087e-02 2.137473101593600187e+25
3.509989942827415610e-02 2.133985173090715584e+25
3.510082203194277856e-02 2.133546552252628996e+25
3.519690178954822113e-02 2.093707615405939838e+25
3.519755578259665257e-02 2.093364766231048708e+25
3.520335364402053802e-02 2.090805887051022878e+25
3.524148731046516936e-02 2.072283242970462118e+25
3.524486276151543585e-02 2.070488413667673929e+25
3.524694849343778386e-02 2.069412932816819277e+25
3.524847975084764024e-02 2.068642821297572013e+25
3.524889672312182809e-02 2.068447367137689379e+25
3.525259433403342413e-02 2.066473743218269944e+25
3.530761105876795147e-02 2.035897722359743308e+25
3.530954243081386307e-02 2.034757414396482273e+25
3.531199422265084154e-02 2.033460509974176513e+25
3.531543066144868931e-02 2.031378434708783314e+25
3.531620151249758449e-02 2.030940545381232999e+25
3.533700915449738272e-02 2.018008155105495098e+25
3.537361292688442210e-02 1.994184716284256362e+25
3.538271855001932226e-02 1.987996921770508921e+25
3.539100301467274640e-02 1.982235085053147753e+25
3.539281512705353544e-02 1.980870660388563358e+25
3.541144052180535823e-02 1.967736169339105339e+25
3.541924615702488066e-02 1.962044576960778486e+25
3.541988673404407317e-02 1.961543663434963209e+25
3.542400173345803399e-02 1.958472403551713235e+25
3.544318139072264590e-02 1.943827364087913990e+25
3.552322854719924816e-02 1.878066937508031829e+25
3.553240253984348701e-02 1.869841276646910597e+25
3.554173690287389109e-02 1.861507243971126898e+25
3.559714096477577944e-02 1.809658763440059502e+25
3.562721093737360872e-02 1.780026520966628603e+25
3.563325673561643092e-02 1.773960979063295989e+25
3.563920873860766669e-02 1.767905408827822747e+25
3.564630416821421705e-02 1.760692426923056241e+25
3.565604856542949064e-02 1.750682759613673633e+25
3.570108097306158579e-02 1.702694932674694569e+25
3.571314495750355783e-02 1.689259426234794042e+25
3.573146071143568775e-02 1.668931195551796541e+25
3.573850356849808674e-02 1.661045224900065561e+25
3.579053243416613350e-02 1.598874235822907326e+25
3.579541712750015231e-02 1.592881272110420035e+25
3.581835350544562008e-02 1.563595882538604854e+25
3.582095857156668284e-02 1.560121712532938350e+25
3.586936119752279217e-02 1.494131032902246875e+25
3.587736426362910652e-02 1.482680846003879418e+25
3.587763113011868676e-02 1.482233609255303478e+25
3.589558983002844039e-02 1.455843337639490207e+25
3.589586450336156032e-02 1.455532616568721704e+25
3.589644588357852190e-02 1.454525598887346785e+25
3.594435329803934848e-02 1.381275017128247450e+25
3.595037575386387380e-02 1.371810434259803253e+25
3.595693045726694459e-02 1.361414599711475224e+25
3.597529352194004520e-02 1.332302214952851997e+25
3.598033739645427331e-02 1.324273171824869257e+25
3.599529086020732127e-02 1.300912148526339835e+25
3.603670477559674235e-02 1.236833665661115234e+25
3.604047141358501100e-02 1.231305514167017614e+25
3.605729070285125515e-02 1.207514746115476652e+25
3.608833995360908459e-02 1.167900269980809330e+25
3.609434292937609146e-02 1.160907453716303889e+25
3.610219452139232232e-02 1.152107219215251362e+25
3.610551300321502427e-02 1.148464831664879166e+25
3.611297478284244966e-02 1.140605719855827616e+25
3.613238879857201546e-02 1.121606977227264334e+25
3.614185395500808806e-02 1.113078761354945033e+25
3.614437999471101920e-02 1.110852194682948746e+25
3.621657747302119146e-02 1.060475657746535430e+25
3.622102990587300342e-02 1.057966716273742567e+25
3.622805673736551046e-02 1.054164119509545607e+25
3.623465323786938252e-02 1.050762579304157195e+25
3.623745534633487225e-02 1.049324143181252615e+25
3.624639379679188422e-02 1.044948548234618029e+25
3.627763131484945669e-02 1.030957434476789187e+25
3.631270510055140122e-02 1.017308534914907853e+25
3.632596062368449036e-02 1.012590651811833360e+25
3.633557108952972792e-02 1.009298576530514346e+25
3.634711095299374140e-02 1.005451918388638076e+25
3.641043488824398378e-02 9.863090522951515707e+24
3.641200038136644529e-02 9.858539614469272675e+24
3.641334729676946880e-02 9.854469510807635307e+24
3.641463293187056222e-02 9.850977086136667880e+24
3.641667646703165839e-02 9.844981402529842963e+24
3.647851859029139360e-02 9.678445931203985253e+24
3.648775760141739072e-02 9.654620553350285776e+24
3.650696774869337941e-02 9.605573407065062655e+24
3.653839991202662701e-02 9.526816223170017666e+24
3.656243476731287773e-02 9.467382502629303250e+24
3.663037229613988477e-02 9.301913073124374143e+24
3.663344542302413021e-02 9.294565532467011374e+24
3.666627784828342673e-02 9.215987291033826935e+24
3.668860516554361267e-02 9.162524384303737593e+24
3.668965521248594708e-02 9.159821698610706646e+24
3.670304932429228895e-02 9.128155395998681619e+24
3.672136790393359246e-02 9.084362798926675506e+24
3.675208407734310845e-02 9.011664494494471594e+24
3.678868069944516567e-02 8.925251966744920936e+24
3.679228517687277433e-02 8.916707798088845552e+24
3.680734894727165363e-02 8.880850476356975249e+24
3.681095342469926923e-02 8.872502285387069833e+24
3.682601719509817628e-02 8.837083540066182204e+24
3.690260009490573673e-02 8.656504505831011304e+24
3.691487728788771933e-02 8.627598396444199736e+24
3.695360662848085759e-02 8.536658201708218534e+24
3.696195842782455665e-02 8.517395200605788435e+24
3.703599688050392830e-02 8.343565129735369132e+24
3.704594464430753520e-02 8.320300909085266677e+24
3.708965518502009562e-02 8.218155893206466624e+24
3.709789966055092314e-02 8.198890560225855760e+24
3.716891875792095040e-02 8.032821224300404552e+24
3.717701200072733719e-02 8.013872882188208845e+24
3.718049840190786048e-02 8.005768393191618861e+24
3.720124621199312476e-02 7.957668000307433020e+24
3.720473261317364805e-02 7.948944110079805365e+24
3.722548042325888457e-02 7.900656222433668655e+24
3.724914664579936224e-02 7.845219580639820181e+24
3.725616178558817382e-02 7.828860078787709939e+24
3.727085925205236155e-02 7.794854806005583125e+24
3.730979835495926850e-02 7.704616543753350540e+24
3.739430524649284271e-02 7.507657495315239840e+24
3.740071156414986192e-02 7.492859645917384225e+24
3.740910384266422223e-02 7.473012545150073138e+24
3.743581299286426883e-02 7.411148218210425871e+24
3.747157222122792647e-02 7.327664718840932761e+24
3.747396076799516806e-02 7.322078941788301076e+24
3.755501759549363661e-02 7.134315741519622972e+24
3.758051441789134889e-02 7.074878087050031643e+24
3.761540356517135975e-02 6.993318228376306787e+24
3.761627680888388059e-02 6.991415232428428317e+24
3.762992073061161014e-02 6.959547050829518830e+24
3.764293797519293466e-02 6.929346354299153058e+24
3.764403627319133638e-02 6.926981011575642329e+24
3.766881493366028982e-02 6.869858668023917763e+24
3.766930192841992653e-02 6.868923104506161582e+24
3.769608035651460243e-02 6.806507322458452485e+24
3.769817107697161912e-02 6.801604903430085128e+24
3.770170809523270411e-02 6.793525985138971528e+24
3.770268133919264797e-02 6.791123634283256733e+24
3.774219051470576597e-02 6.699821696959978001e+24
3.776547777516362642e-02 6.645337875467499737e+24
3.782315472025830905e-02 6.511578883606555954e+24
3.782765846440198226e-02 6.501143838410950662e+24
3.785294376376658471e-02 6.442543680776563866e+24
3.787925564922160065e-02 6.381642508806258294e+24
3.789122960277273300e-02 6.353523855631624117e+24
3.792829614754449769e-02 6.267377843497273146e+24
3.794540164038200797e-02 6.227556514640532873e+24
3.798871617362898495e-02 6.126879632335441725e+24
3.799153334141783245e-02 6.120182975020097459e+24
3.800468190620457515e-02 6.090044786082758770e+24
3.807186919660518476e-02 5.933301218095731000e+24
3.807665639308287220e-02 5.922351902703692697e+24
3.809784120471389202e-02 5.873287809169868288e+24
3.809995438033461634e-02 5.868251891664202307e+24
3.812113919196564310e-02 5.819022780503754327e+24
3.812325236758635355e-02 5.814204172301230236e+24
3.813567330102622666e-02 5.785305597929908760e+24
3.820473576142847938e-02 5.624585677914942665e+24
3.824496831802966929e-02 5.530917566917549092e+24
3.826829771906362782e-02 5.476344935542790084e+24
3.834065475246106053e-02 5.308227384032512551e+24
3.834093690983767649e-02 5.307296468361342488e+24
3.834101729944650733e-02 5.307151755753279009e+24
3.840767813485685550e-02 5.151961989909583231e+24
3.841976572204407886e-02 5.123809342561670186e+24
3.846263197274833734e-02 5.023676993353221073e+24
3.847551601944646654e-02 4.993398065242224839e+24
3.849678289752339611e-02 4.943582625349193033e+24
3.850966694422153919e-02 4.913738554617588909e+24
3.853093382229848263e-02 4.864042088649227346e+24
3.853855972980732569e-02 4.846310642936993729e+24
3.853970473592025631e-02 4.843585675141894583e+24
3.857481583044732737e-02 4.761606249235659195e+24
3.858150033668458767e-02 4.745941038662808418e+24
3.858565894871146540e-02 4.736027626801709787e+24
3.865637006588391877e-02 4.570557369632655478e+24
3.873212053157187168e-02 4.392530150793378131e+24
3.873954872607747457e-02 4.375186606170957198e+24
3.879019004321916653e-02 4.256084693583994250e+24
3.882427952365822416e-02 4.175722314439278939e+24
3.888274072645916263e-02 4.037610750076469025e+24
3.890143365665563180e-02 3.993457825687818564e+24
3.898057909644900287e-02 3.806250276879877529e+24
3.899195352306446954e-02 3.778940584528208546e+24
3.899247661918241875e-02 3.777717768252719681e+24
3.899296551248540577e-02 3.776431122178555481e+24
3.899405010790239767e-02 3.773665207703008646e+24
3.899781027571368880e-02 3.764935868723938351e+24
3.901024608714602493e-02 3.735593502404093403e+24
3.901532269329640451e-02 3.723585942073558448e+24
3.902178068754500601e-02 3.708338890728366028e+24
3.902685729369538559e-02 3.696326525285823188e+24
3.907623253508809430e-02 3.577908472228475914e+24
3.914963011060277470e-02 3.402670236813587720e+24
3.915919290216885590e-02 3.379679193968906273e+24
3.918974509223949187e-02 3.306300829062571798e+24
3.921578600588804253e-02 3.243605658952144012e+24
3.930289915359740094e-02 3.032162721941634144e+24
3.930811892980926037e-02 3.019602953831074276e+24
3.935263289078357735e-02 2.910897745332033020e+24
3.936241632300525178e-02 2.886929725575611118e+24
3.945616819659202718e-02 2.655541728097536825e+24
3.947695018604027023e-02 2.604027655999256841e+24
3.947729147437778474e-02 2.603075092490586088e+24
3.949807346382605555e-02 2.550951735198527479e+24
3.949841475216355619e-02 2.550160150873296899e+24
3.950202611813379699e-02 2.541157250130334871e+24
3.951804358632342307e-02 2.501035453662153379e+24
3.955161399217255180e-02 2.416165919464658049e+24
3.958964501900866240e-02 2.318932152152127563e+24
3.959369404506462436e-02 2.308613197849323714e+24
3.964201576392940851e-02 2.184149515773751822e+24
3.965528065966677368e-02 2.149188960834481629e+24
3.969990771039826061e-02 2.032746378125387871e+24
3.971569600692829299e-02 1.990826236816850445e+24
3.976471578304604376e-02 1.860025955626587213e+24
3.978464067081011191e-02 1.806230600060576457e+24
3.981017040178785188e-02 1.736749197210841936e+24
3.982325052739706106e-02 1.701189099304016396e+24
3.984392365712480927e-02 1.644676052457427038e+24
3.985311967734314620e-02 1.619613125836165083e+24
3.987251451637619654e-02 1.566398657926894650e+24
3.990081146547289070e-02 1.489411393127806904e+24
3.990963575965032761e-02 1.465198522511313613e+24
3.993123668191442266e-02 1.406758469734691661e+24
3.994932445209043587e-02 1.358227153408532238e+24
3.995450550987919569e-02 1.344317827449384373e+24
3.995795540469765372e-02 1.335247316284631595e+24
3.997808817497786049e-02 1.282225932732569775e+24
4.002842026576249046e-02 1.155032652436736133e+24
4.003024995816494708e-02 1.150734567359725269e+24
4.004761536205218159e-02 1.108524421046207815e+24
4.005309812071349701e-02 1.095426473389076834e+24
4.005719011967514426e-02 1.085969470624905761e+24
4.005835929189277556e-02 1.083243073580259890e+24
4.007965556315355032e-02 1.034658747062537266e+24
4.010241213201232863e-02 9.849459248848648054e+23
4.015362408052534915e-02 8.833018108619778152e+23
4.016102207501802412e-02 8.698640377593464713e+23
4.016595165796954525e-02 8.609046081988749364e+23
4.018224069813227523e-02 8.326612738991529321e+23
4.018448157763132578e-02 8.288112407018635337e+23
4.020073496804444507e-02 8.020259619794628767e+23
4.020505891751356697e-02 7.951635823506366535e+23
4.023262751149658117e-02 7.536390682136610005e+23
4.028022537687161314e-02 6.901708391756354028e+23
4.032053566042041737e-02 6.434967758564401925e+23
4.036160666958719945e-02 6.029494988063714511e+23
4.040679510097545252e-02 5.646353890147985921e+23
4.042191235629588597e-02 5.529640095016342530e+23
4.047802312197038010e-02 5.144889264988765259e+23
4.051815442166082498e-02 4.912150419471834043e+23
4.054620833483466719e-02 4.767329859349121870e+23
4.054932930094112126e-02 4.749568406650747292e+23
4.058886811071333450e-02 4.564112096856095116e+23
4.062048678645216460e-02 4.430629289040926852e+23
4.065013861344757978e-02 4.316357309962168849e+23
4.070468886447622253e-02 4.130424608013770230e+23
4.072618544875679369e-02 4.063505810322055611e+23
4.076362064102335286e-02 3.956252509509657905e+23
4.117850535580021287e-02 3.185906827986053460e+23
4.129525924180538210e-02 3.050188519500821740e+23
4.145938352029911872e-02 2.897818419062572455e+23
4.156021615065540881e-02 2.819192915516874880e+23
4.175577689167997431e-02 2.687479610565336236e+23
4.178179469328330981e-02 2.671728072323995428e+23
4.187093245468304081e-02 2.619183896899990900e+23
4.196833352710942211e-02 2.565745324802285020e+23
4.233304842755970798e-02 2.403356179218708363e+23
4.244825436393129259e-02 2.360372917371946192e+23
4.250431439315308091e-02 2.338657608902445504e+23
4.268180590633781357e-02 2.285329818120748846e+23
4.270407021782147983e-02 2.276626885902963132e+23
4.271951629065481176e-02 2.273041653307609585e+23
4.290788485029352339e-02 2.219744429399417930e+23
4.299077821737834482e-02 2.200203454764373529e+23
4.302437774794171804e-02 2.190007437514702785e+23
4.307280885546271865e-02 2.180550517381167002e+23
4.314782781032958786e-02 2.165611922174364436e+23
4.326204014410186399e-02 2.141202217419427828e+23
4.342227664086726474e-02 2.113841842088019398e+23
4.359885821432347291e-02 2.085532199779701799e+23
4.366598530755920471e-02 2.076617219396612391e+23
4.392519594910790359e-02 2.045915243618594560e+23
4.398996987798538261e-02 2.036391863713061017e+23
4.425153368389234815e-02 2.013268233045242355e+23
4.439254203181528663e-02 2.003482077536762399e+23
4.444587145686427349e-02 2.001352562900318395e+23
4.448088028026275093e-02 1.998040473368675578e+23
4.453661010355500910e-02 1.992502565503621671e+23
4.457866932921104169e-02 1.990795900200360272e+23
4.464020922983621270e-02 1.988334388815551277e+23
4.471959686116237787e-02 1.984854252024556358e+23
4.483454700280814498e-02 1.977800851897514585e+23
4.496993433091546477e-02 1.973167218671476623e+23
4.501243673446990445e-02 1.971378058654666153e+23
4.506895531685029682e-02 1.969886472602637419e+23
4.507019419804583066e-02 1.969915071829065891e+23
4.518296542162214546e-02 1.967176194638065802e+23
4.518348918957957455e-02 1.967182736511503843e+23
4.525109274968902584e-02 1.965364043762217349e+23
4.529670380377936317e-02 1.963156857327378676e+23
4.530411448523953555e-02 1.962961975364205633e+23
4.535480114787665551e-02 1.961069658209985988e+23
4.535581403350641416e-02 1.961044399957678081e+23
4.539883343006904243e-02 1.959771975850446868e+23
4.541763266973994351e-02 1.959583962085310113e+23
4.541812893603320439e-02 1.959708592012555096e+23
4.547828597716744442e-02 1.955567236054226221e+23
4.548005826888360664e-02 1.955370497293156016e+23
4.549434648087605920e-02 1.954214089604376392e+23
4.551107844408752712e-02 1.953077880413538275e+23
4.553973099320714202e-02 1.950446260736882429e+23
4.556452963607411644e-02 1.947932418719005257e+23
4.561759771323385670e-02 1.942127317304542337e+23
4.565205263923256124e-02 1.936735154892587527e+23
4.567964061659258307e-02 1.931957598938665415e+23
4.569452206526250504e-02 1.929217678532365003e+23
4.570761821707851336e-02 1.927104172250823467e+23
4.573483999092924773e-02 1.920407002317591465e+23
4.575582171889634037e-02 1.915185036910126957e+23
4.577544526435621541e-02 1.909873802738820123e+23
4.580047064155999548e-02 1.903128641206876992e+23
4.581389175709935091e-02 1.898459958964456291e+23
4.583649918683146279e-02 1.890097409321797954e+23
4.584775676569632918e-02 1.885861518997163008e+23
4.587533693121056966e-02 1.875744045602677404e+23
4.590785431092300056e-02 1.862535201763416049e+23
4.593721900750386000e-02 1.849840312579851393e+23
4.594558648823144492e-02 1.845848772046928877e+23
4.599906894255571810e-02 1.818851858388248418e+23
4.600168567226188554e-02 1.818154726210952799e+23
4.604468783460752973e-02 1.806390141615861997e+23
4.605265111382417231e-02 1.804092593092302282e+23
4.608043978813974179e-02 1.796674367972572052e+23
4.609551703360078440e-02 1.792247908476862543e+23
4.613000390858008892e-02 1.782110639034992270e+23
4.615339587673790434e-02 1.775740997903459969e+23
4.615932832970772587e-02 1.773978348166651241e+23
4.617002247475686383e-02 1.770922925412182414e+23
4.617616030507337016e-02 1.768234544202684469e+23
4.617969121775202662e-02 1.767192671923385863e+23
4.619066237533344527e-02 1.762841868091628936e+23
4.622822240087005180e-02 1.752247613996305513e+23
4.624261671302341142e-02 1.748269825700316022e+23
4.624645640497912491e-02 1.747197497419089366e+23
4.624812187069417269e-02 1.746693406988120380e+23
4.625001403953733770e-02 1.746163339770034641e+23
4.628601144927690925e-02 1.737470891650855584e+23
4.628639477170115590e-02 1.737384741284277104e+23
4.628679363834439786e-02 1.737252224905737069e+23
4.628725755685678123e-02 1.737113835581638527e+23
4.629708740723586374e-02 1.734121747308145227e+23
4.635642397463233394e-02 1.715216733033794906e+23
4.636883862192179434e-02 1.711464338705297472e+23
4.640222780348757237e-02 1.701448377340452856e+23
4.640901514702253094e-02 1.699420571947685160e+23
4.642535003940710669e-02 1.694533727622612323e+23
4.642694293016714352e-02 1.694019420983631785e+23
4.651770788567549664e-02 1.666421862249194722e+23
4.652874973648608165e-02 1.662906168393015933e+23
4.655382151143495212e-02 1.655391758851778219e+23
4.655411055728795461e-02 1.655345320654110059e+23
4.660627377715448327e-02 1.639526496873910444e+23
4.661920711318656707e-02 1.635422217807401792e+23
4.662391154712163671e-02 1.634023909464649425e+23
4.666977781842274881e-02 1.618276472338371398e+23
4.668779633466606932e-02 1.613631012461933683e+23
4.670345378445025369e-02 1.608662078925536158e+23
4.670872254175681415e-02 1.606968877735921676e+23
4.674723901667928588e-02 1.595282003493416222e+23
4.674889656212766892e-02 1.594626411457357084e+23
4.676693172715863656e-02 1.589051903259447898e+23
4.676845978891127492e-02 1.588566434936422390e+23
4.678189970660695529e-02 1.583759186017674309e+23
4.680940512131596259e-02 1.574781732704705158e+23
4.685523462545814616e-02 1.559623889523670296e+23
4.691500934812325996e-02 1.541202235611800572e+23
4.691750846919081480e-02 1.540270808577555049e+23
4.693014335092850209e-02 1.536256173998850578e+23
4.698173273741796524e-02 1.517063100199191099e+23
4.698862485327533201e-02 1.514632851862041259e+23
4.701652059713398030e-02 1.505890393071440657e+23
4.701961234498983067e-02 1.504911259997512569e+23
4.704750808884845120e-02 1.495419130370953241e+23
4.710187527726885509e-02 1.477138444123052200e+23
4.710855131079379893e-02 1.474887420333787605e+23
4.714386233089388339e-02 1.462806309127877716e+23
4.715874156641459980e-02 1.457607754707843101e+23
4.720885183957985315e-02 1.440254403822666530e+23
4.723969569594906742e-02 1.430207411244575029e+23
4.724564490752729273e-02 1.428139946134426280e+23
4.726626782259458343e-02 1.421067971039310926e+23
4.726965792770410763e-02 1.419879803660608251e+23
4.727049221467467810e-02 1.419565385821136492e+23
4.734470038264309427e-02 1.392562628962684062e+23
4.734819551921523595e-02 1.391285835643072146e+23
4.737415414776884048e-02 1.382312537926912998e+23
4.738002333013673767e-02 1.380106924605537434e+23
4.738069441929509962e-02 1.379760314940396206e+23
4.738243634203193749e-02 1.379145581962033952e+23
4.738824186677689787e-02 1.377053885591402190e+23
4.738998357313110865e-02 1.376498023861511478e+23
4.739075785313461714e-02 1.376211711484291575e+23
4.739644793800813771e-02 1.374270561519647033e+23
4.740054808118990964e-02 1.372915779745000498e+23
4.740262295097573408e-02 1.372185439031705396e+23
4.742244768189358278e-02 1.365496802002687765e+23
4.751612402351983871e-02 1.330715786424872610e+23
4.760049218467445054e-02 1.300919884047784062e+23
4.760098455926575073e-02 1.300727018754315922e+23
4.762250064625782320e-02 1.291073182334163563e+23
4.765224932225497340e-02 1.280820314981966262e+23
4.767844631050212334e-02 1.271121988468934684e+23
4.776838842481774539e-02 1.238200149664310420e+23
4.778837462099012195e-02 1.230630751339096876e+23
4.779367062202206223e-02 1.228660229885385045e+23
4.782179459301944685e-02 1.218197866544335285e+23
4.783449334931417357e-02 1.212939081245706420e+23
4.787536955032457853e-02 1.198019132618851914e+23
4.791145922999815593e-02 1.183580960016991959e+23
4.791472265010562198e-02 1.182292049513218782e+23
4.791673949993545401e-02 1.181524374260769127e+23
4.794951105009114672e-02 1.169140576486972017e+23
4.794996786983782289e-02 1.168963647945809162e+23
4.795373588003574994e-02 1.167564414839854402e+23
4.797633927635619466e-02 1.158796320225642267e+23
4.798798909326066481e-02 1.153826832980825971e+23
4.800347682352656964e-02 1.148408961037307562e+23
4.801300475165085763e-02 1.144759735091969571e+23
4.803408967438958788e-02 1.136614748505341291e+23
4.804950867925258245e-02 1.130665130322899973e+23
4.809294903300177088e-02 1.113805242287084829e+23
4.810641705917972910e-02 1.107468179498104311e+23
4.812696882221439987e-02 1.099542892620053050e+23
4.816725167901651089e-02 1.084004751590632236e+23
4.818194610931984811e-02 1.078402864318353936e+23
4.820377436317955372e-02 1.069926177419164228e+23
4.822582964491344687e-02 1.061793046086801162e+23
4.823270606184618808e-02 1.059065426482047725e+23
4.823893235598800816e-02 1.056625354080055680e+23
4.824408182659216393e-02 1.054622892044740618e+23
4.825362416014638417e-02 1.050839104909956843e+23
4.828148406193169540e-02 1.039951616664468728e+23
4.833207474949537119e-02 1.018843928592604788e+23
4.833400882539419519e-02 1.018098452810687610e+23
4.833483452062105334e-02 1.017812334273255755e+23
4.836355595829047727e-02 1.006328598361881654e+23
4.836438165351736318e-02 1.006000626862475769e+23
4.839310309118678710e-02 9.943976497695460583e+22
4.839573899959546954e-02 9.933499643742034644e+22
4.846605627292344814e-02 9.659205766577911339e+22
4.846868144299558423e-02 9.648723013164964669e+22
4.846872492110190778e-02 9.648729021417605877e+22
4.852903368034416909e-02 9.401151867277462104e+22
4.853073451076046763e-02 9.394372497117054134e+22
4.861667725399347606e-02 9.041268591627856983e+22
4.862101380014817453e-02 9.023678610890723584e+22
4.866240341680196785e-02 8.849783500473547673e+22
4.866770616278877359e-02 8.826500224667924772e+22
4.875874851360362250e-02 8.457163505951294725e+22
4.877330267919444823e-02 8.400768473045170494e+22
4.877681458819625032e-02 8.386722192072561289e+22
4.878658169288054708e-02 8.345179759511640578e+22
4.879009360188237693e-02 8.330355486188662633e+22
4.879986070656663899e-02 8.289250812691927689e+22
4.880337261556844802e-02 8.274535748480548838e+22
4.889695869857322436e-02 7.878692037231492517e+22
4.889721398626852011e-02 7.877572569857321547e+22
4.889723561941289320e-02 7.877380400644395893e+22
4.893922717234146236e-02 7.694388283194125949e+22
4.894617842224591175e-02 7.664153990557135903e+22
4.902267702075458616e-02 7.330603235840962750e+22
4.903333042341759263e-02 7.289062130019188762e+22
4.907910973232704199e-02 7.097961583378129591e+22
4.909784920355073773e-02 7.016009371665979723e+22
4.914814005524065915e-02 6.794755966873709943e+22
4.916843644390787166e-02 6.705783319076853829e+22
4.917750308707655865e-02 6.665753427938206181e+22
4.919779947574375034e-02 6.576027246110505645e+22
4.924000402789981135e-02 6.373788801387041548e+22
4.925351441406787545e-02 6.318030332472855835e+22
4.926011626893651157e-02 6.288825999032948307e+22
4.926026626469737907e-02 6.288118963330732366e+22
4.927056600542539799e-02 6.232710302789702307e+22
4.927256919709139399e-02 6.223908847564493947e+22
4.927260240459802737e-02 6.223856013408529809e+22
4.928764711153826167e-02 6.161310469379955098e+22
4.937006557345034741e-02 5.797935525109193664e+22
4.937816273145882728e-02 5.760996765036535035e+22
4.937870757223857682e-02 5.758570743493229858e+22
4.946716670823204237e-02 5.355873817387480803e+22
4.947745430427361729e-02 5.308109477731625651e+22
4.948349662978514946e-02 5.279996961206339161e+22
4.948647649179582775e-02 5.266112337609752576e+22
4.948842328857317591e-02 5.256855491887061428e+22
4.952861922146280238e-02 5.067761861466194025e+22
4.954894391402449305e-02 4.971076900271985944e+22
4.954904209493041917e-02 4.970533625703157885e+22
4.956649008660456157e-02 4.893761361471638340e+22
4.956881237288641995e-02 4.882604828182200713e+22
4.959306054799541424e-02 4.761123459781727827e+22
4.960886007780794527e-02 4.683826255405439255e+22
4.963860158382340376e-02 4.536621069726765810e+22
4.966478464426803824e-02 4.408094328212631952e+22
4.967927025326018819e-02 4.337163364297715430e+22
4.968857356113791368e-02 4.289955527474766099e+22
4.972536702105398443e-02 4.109372167136896195e+22
4.974417625504238410e-02 4.012943869803513040e+22
4.976439081407482007e-02 3.909200906543635523e+22
4.977358810664242461e-02 3.861591577180466735e+22
4.979006377425482938e-02 3.775589708952248517e+22
4.981795736370819155e-02 3.630704296681838268e+22
4.983869902080405312e-02 3.522136110159055395e+22
4.987534503354236481e-02 3.328564406121164230e+22
4.989155398737173813e-02 3.242404180711684912e+22
4.993502467481782808e-02 3.015150500871587601e+22
4.994720534090309888e-02 2.951776334528897666e+22
4.995109219855831811e-02 2.931801731228722266e+22
4.997326868294177382e-02 2.818432261168199369e+22
4.999812664771411536e-02 2.697971587173974226e+22
5.000539755611733278e-02 2.658606028231664049e+22
5.000593741006109649e-02 2.656733002231963032e+22
5.006031198934868254e-02 2.398061336497559175e+22
5.013110508211973682e-02 2.092938377130544202e+22
5.013315762607023496e-02 2.084800868659905954e+22
5.013477685693761704e-02 2.078830577374434689e+22
5.017947071498012751e-02 1.916751009481935448e+22
5.022396025393720959e-02 1.778294593735226923e+22
5.026237785359442822e-02 1.673215105795903770e+22
5.027019717519165543e-02 1.653636726475551932e+22
5.029862944061155861e-02 1.581311407766659452e+22
5.030312033426087570e-02 1.571582126181464408e+22
5.030610640574187387e-02 1.564865093718270961e+22
5.031148836509133360e-02 1.553754160058775214e+22
5.031393863665581390e-02 1.548305751016104106e+22
5.036939716801234340e-02 1.445746448644990986e+22
5.038155536188206746e-02 1.423844038158280190e+22
5.049570928864642594e-02 1.263216336060998379e+22
5.053537089979343033e-02 1.213467567315271811e+22
5.057876439109610517e-02 1.169667525187353759e+22
5.066784938323351528e-02 1.097869133808622423e+22
5.074853854586161561e-02 1.048958421347091245e+22
5.075717052937876034e-02 1.044166858706976244e+22
5.076486812058739889e-02 1.039856505293893953e+22
5.093980829934892374e-02 9.511096304651546395e+21
5.105952668219407992e-02 9.216250609393192665e+21
5.110514323694812650e-02 9.086390721221900632e+21
5.114990750309139633e-02 9.002952917952791314e+21
5.121455175373335750e-02 8.685913705750276866e+21
5.127693223517896387e-02 8.609839204123085373e+21
5.139552110654931061e-02 8.387070939796503265e+21
5.149425936907656848e-02 8.192073506901294318e+21
5.157649045936527066e-02 8.044704851332757979e+21
5.165499625484643725e-02 7.895535575667807617e+21
5.175745981218122377e-02 7.656199898010182746e+21
5.189497986660806389e-02 7.456842272213125038e+21
5.207270652002912725e-02 7.347723863366908772e+21
5.214868657909133010e-02 7.262551991991767400e+21
5.234514321696810690e-02 6.998732753697131987e+21
5.239858994645338330e-02 6.951599846233102877e+21
5.247400972468441865e-02 6.865661423675248738e+21
5.272785110441590567e-02 6.641330982895018312e+21
5.280492668049039523e-02 6.586089097613239386e+21
5.314119274862828812e-02 6.361265138493154132e+21
5.314621695867779300e-02 6.358561875887199879e+21
5.323709638938473043e-02 6.349385566660587422e+21
5.350648933929481182e-02 6.288253104683152835e+21
5.355453439284064976e-02 6.278384671117949272e+21
5.391596618724921186e-02 6.061584186795352916e+21
5.396787603705303221e-02 6.069756542354049729e+21
5.428242366241523009e-02 5.972347228356319642e+21
5.429478737302975005e-02 5.970227312790153986e+21
5.436426134842307217e-02 5.962804509401538363e+21
5.446903230884760083e-02 5.962560108775607370e+21
5.448767753287803856e-02 5.959928800985567199e+21
5.464327724466545161e-02 5.946796016387134325e+21
5.468781099019572739e-02 5.947042098535998685e+21
5.475879378136670750e-02 5.949164370612568719e+21
5.478790966630497222e-02 5.896328255685538087e+21
5.487803844057073666e-02 5.905064509414664307e+21
5.490183875750270087e-02 5.904623056428700008e+21
5.505040498622217754e-02 5.922264491317323104e+21
5.505598654205832998e-02 5.920924938896466248e+21
5.506355290961990195e-02 5.922054612933106729e+21
5.516040027033994320e-02 5.886861621457709957e+21
5.529068683596528866e-02 5.958806922675296928e+21
5.534756083238129287e-02 5.962974865582946517e+21
5.537144615961529792e-02 5.969358710201372377e+21
5.548272156968658830e-02 5.997104158565246960e+21
5.548546665433153058e-02 5.996919434091538940e+21
5.549956168842332116e-02 6.001054095709404398e+21
5.551581021663681836e-02 5.985064803426203861e+21
5.552122634251210886e-02 5.993700176858198311e+21
5.559539199965524842e-02 5.994170920751250538e+21
5.563292249860239680e-02 5.997489874420539326e+21
5.564168130903651005e-02 5.996160051563369333e+21
5.565658091228684740e-02 5.947602164693286781e+21
5.568718558856763229e-02 5.845567672248432591e+21
5.568905407686366993e-02 5.845045804278869918e+21
5.569752106226380506e-02 5.843389723168944947e+21
5.573622590978675323e-02 5.868429149462492873e+21
5.576755240143619480e-02 5.838334567852255740e+21
5.578552964824635280e-02 5.871589214953249178e+21
5.580649162080757175e-02 5.848180337236390183e+21
5.584711743803536660e-02 5.796223038175343280e+21
5.586337343003964367e-02 5.770338396142166868e+21
5.587793119183059876e-02 5.747293973680688726e+21
5.589105544303243911e-02 5.705713606173096149e+21
5.591572340972591343e-02 5.627802404255821726e+21
5.595919445864310643e-02 5.527550686087261192e+21
5.602383537859220025e-02 5.423370242714359562e+21
5.603822344440204800e-02 5.419007309006031028e+21
5.604202525925353756e-02 5.417979874704577528e+21
5.604700652712092668e-02 5.417218517950671094e+21
5.605240903169874528e-02 5.460746193464547344e+21
5.605540047039921092e-02 5.459021006640236200e+21
5.605766761312122592e-02 5.457371606449371742e+21
5.607658817052754013e-02 5.454320343395273277e+21
5.613135335152313193e-02 5.429567125974350299e+21
5.617008980003258822e-02 5.468108326908441133e+21
5.618683645775780083e-02 5.415859204940364775e+21
5.619692114605541466e-02 5.411019795798131999e+21
5.620830051432848529e-02 5.406041123964493758e+21
5.622118104622370743e-02 5.402599234216647459e+21
5.623215955653605019e-02 5.397899904715780522e+21
5.626232241785628779e-02 5.375703221398665167e+21
5.628524767713385252e-02 5.362409536366865023e+21
5.629610500401558554e-02 5.356249930005267612e+21
5.630627573865638197e-02 5.351613942756555096e+21
5.633833734528215925e-02 5.393051693760307528e+21
5.639994438757606893e-02 5.351403433812759151e+21
5.643358174416340800e-02 5.333371287308847809e+21
5.645074395942568241e-02 5.321735374829395116e+21
5.646648024309144920e-02 5.263436948699265106e+21
5.651786830032157899e-02 5.233662627784580661e+21
5.652603574860488173e-02 5.229121482350091305e+21
5.657381049815426999e-02 5.238974425417440559e+21
5.664003031979473329e-02 5.190880438917260116e+21
5.673821181468315100e-02 5.121440511729114022e+21
5.674485594117372605e-02 5.116885547676885582e+21
5.678619976926627816e-02 5.083066421140901593e+21
5.678695613317021051e-02 5.082705756113340465e+21
5.679458818489434985e-02 5.075959779519866339e+21
5.679662397819622982e-02 5.073422416266452271e+21
5.680638198401446320e-02 5.064949483693234192e+21
5.680841777731631542e-02 5.062914276989145711e+21
5.681817578313454881e-02 5.053405498321308484e+21
5.682021157643640102e-02 5.052081204746421010e+21
5.684895601882854893e-02 5.030173438349521453e+21
5.691064301376895507e-02 4.930246714451519603e+21
5.693205109162501748e-02 4.910616430037093581e+21
5.694297990754075556e-02 4.899735252903508574e+21
5.701736498448683327e-02 4.875304580627382141e+21
5.702375223809778848e-02 4.820848435892687208e+21
5.706157389369475447e-02 4.785822223733371175e+21
5.706561575132979014e-02 4.782142879210754015e+21
5.706620256455772339e-02 4.781685612314992050e+21
5.713360581490762452e-02 4.708892691633807557e+21
5.713664100764066778e-02 4.705951820471156081e+21
5.715878457958327441e-02 4.680556686524700164e+21
5.716181977231631073e-02 4.677652953965702152e+21
5.717979894952322090e-02 4.657093729969981358e+21
5.719965681074608288e-02 4.636349458368253395e+21
5.722790362990687330e-02 4.607345636777466528e+21
5.725665674596967097e-02 4.620094824293353914e+21
5.730545591160567803e-02 4.566220477795747234e+21
5.737704424064892644e-02 4.426089890410737959e+21
5.740059364804284137e-02 4.444974045775420457e+21
5.744311110491990419e-02 4.394622174448711631e+21
5.747293385109871616e-02 4.356770766741055209e+21
5.755443167055177695e-02 4.247695661377078690e+21
5.756907540769222453e-02 4.228666422961006707e+21
5.762956546387016515e-02 4.146468425425008722e+21
5.766456592737033426e-02 4.099413518600254783e+21
5.767111740984016965e-02 4.091104906612651852e+21
5.769113003169382831e-02 4.063932502355646349e+21
5.769586822713929086e-02 4.055652455785039921e+21
5.772927790458459024e-02 4.012409417693599367e+21
5.773861289702832134e-02 3.999911430678186033e+21
5.774697090070736449e-02 3.988152367257487409e+21
5.776412155191176789e-02 3.963560447632800219e+21
5.781058728997652552e-02 3.894587522502739100e+21
5.783200019628204763e-02 3.862567983550312743e+21
5.792969430587605745e-02 3.713764081224248197e+21
5.795323945808886906e-02 3.678419330440948613e+21
5.800597388735423410e-02 3.594429694709774418e+21
5.802999564355570267e-02 3.512504034328033362e+21
5.811241771104475734e-02 3.379653157057352172e+21
5.814445670574996256e-02 3.329139120587936367e+21
5.820136048473193574e-02 3.235006686090161553e+21
5.821876807224194567e-02 3.207931375689226781e+21
5.823492957938616182e-02 3.179254243672295211e+21
5.824228744706999583e-02 3.166991754956128125e+21
5.824872589351543645e-02 3.155656775776883180e+21
5.825920725789143079e-02 3.125068825276247966e+21
5.826928710035164660e-02 3.107754310558169956e+21
5.827893476549963342e-02 3.090241125369144934e+21
5.828909562054159638e-02 3.084188975250008441e+21
5.833436116064859289e-02 3.003187908385905836e+21
5.838361046309172714e-02 2.915018893375763382e+21
5.841590163412491155e-02 2.859236053860080419e+21
5.845742298445093243e-02 2.777748849367250895e+21
5.852849727319447276e-02 2.672661451055585821e+21
5.855731949919417562e-02 2.617071877976970232e+21
5.860419826395197457e-02 2.475334932444021785e+21
5.862575034836026849e-02 2.432848443070581572e+21
5.872229795569069294e-02 2.274911443063621026e+21
5.873102853529664491e-02 2.255399832166007308e+21
5.873436031934205909e-02 2.248390281139057328e+21
5.873683331415188030e-02 2.249891460190510776e+21
5.874844195940943231e-02 2.222521154333392503e+21
5.875573243475937929e-02 2.205892375157687190e+21
5.875819728919525614e-02 2.199850781909121761e+21
5.876829557570382306e-02 2.176681939833259033e+21
5.877715701384156333e-02 2.153985602641665982e+21
5.879688077398220747e-02 2.108202346607311323e+21
5.881378897117930937e-02 2.068950790276778557e+21
5.885530252005072988e-02 1.969808815268134388e+21
5.886343107843137329e-02 1.951190311123259490e+21
5.890114335459026990e-02 1.854262189729452655e+21
5.890387501408793358e-02 1.847867500624156819e+21
5.894504923374774275e-02 1.746708738374101369e+21
5.896639051217505284e-02 1.683632382357609382e+21
5.896905486704116101e-02 1.676481580859058815e+21
5.899890085318110905e-02 1.604697824465131405e+21
5.902374460170474457e-02 1.547777637163364516e+21
5.904043841854152153e-02 1.512720656480263995e+21
5.904594453894928402e-02 1.501325966790179946e+21
5.906934994591872545e-02 1.453485947488192954e+21
5.907491472326543980e-02 1.442212961638017663e+21
5.909331082290771031e-02 1.403901356793118065e+21
5.911384748256976601e-02 1.360862617277113303e+21
5.911827198404542155e-02 1.351829309877654913e+21
5.913011111639505241e-02 1.329364065360773382e+21
5.914495338168005573e-02 1.302499810730026992e+21
5.916243169360619475e-02 1.272229287855904784e+21
5.922517153018362623e-02 1.153960076162330657e+21
5.923141937926797163e-02 1.145018715385919701e+21
5.924006008218253572e-02 1.134002457959900119e+21
5.924218966938445824e-02 1.131257545207238492e+21
5.930390904278785152e-02 1.056691598773120401e+21
5.933761865132199803e-02 1.015358319473651483e+21
5.933873809729414694e-02 1.014332114668110610e+21
5.937747232659096319e-02 9.787004875322929971e+20
5.939330552402040386e-02 9.668290492875360174e+20
5.939474587427942542e-02 9.657828506708233421e+20
5.944574271318164849e-02 9.300746608672186040e+20
5.945366582740160832e-02 9.261705612125245276e+20
5.945396808817545592e-02 9.260090410889217311e+20
5.953810083782463958e-02 8.770590330864264806e+20
5.958725253072292422e-02 8.637324177951942246e+20
5.962612769687981873e-02 8.333485792961671987e+20
5.965382867375947779e-02 8.211458273630438031e+20
5.966839581391304020e-02 8.168574131358257644e+20
5.969120165522194543e-02 8.080330811261089219e+20
5.970631793460304260e-02 8.031142018470333645e+20
5.977747162422761273e-02 7.839312226487671194e+20
5.988272825071360578e-02 7.570325932359339213e+20
5.989710113966294908e-02 7.369874990463376425e+20
5.990136817395218249e-02 7.362326084621757317e+20
5.997246106912008240e-02 7.241023252779614863e+20
6.008599341286627316e-02 7.181762665028410409e+20
6.010401856794201497e-02 7.022859078616780636e+20
6.011213212805881917e-02 7.013717794260334674e+20
6.011647330315725984e-02 7.008846947816915599e+20
6.015891191613277622e-02 6.936398810694933545e+20
6.018431314335635773e-02 6.893569384150296166e+20
6.029430340228041085e-02 6.751906971504987341e+20
6.031237558997794290e-02 6.836433615806381425e+20
6.033188889260971549e-02 6.813437500120952996e+20
6.036308410045724410e-02 6.781726058454935142e+20
6.054349949486422661e-02 6.476699137782349824e+20
6.062517410641517224e-02 6.403071025693679944e+20
6.074049212510033297e-02 6.295886114691381985e+20
6.082080391824990634e-02 6.238666224645334630e+20
6.085555802589993901e-02 6.218569198827338465e+20
6.093241541193757799e-02 6.115957290229230469e+20
6.097032461220071309e-02 6.093168235418484736e+20
6.107527524738276536e-02 6.023150062370692792e+20
6.122378367124506338e-02 5.924773455792249242e+20
6.125350306131813888e-02 5.952804930651996815e+20
6.145461486272418145e-02 5.794167683226566001e+20
6.146401759395135611e-02 5.792725388826492928e+20
6.196855186988787373e-02 5.474655355536111043e+20
6.238728637350938327e-02 5.149165517685665300e+20
6.262673509457132581e-02 5.121525058701756334e+20
6.280907412623928932e-02 5.061966638871100129e+20
6.308132754280962318e-02 4.989233938670322975e+20
6.308697165874582735e-02 4.988333007823262843e+20
6.308980049017123837e-02 4.978279194003774505e+20
6.368591161364266229e-02 4.783551634359129866e+20
6.389522938075027636e-02 4.726618436313398641e+20
6.397452344540863201e-02 4.708262950283642143e+20
6.401713790098867429e-02 4.713252228350180721e+20
6.407378315063752550e-02 4.688802737915365949e+20
6.426299136113446109e-02 4.662224755152707256e+20
6.459663228045173233e-02 4.063926401944151654e+20
6.495176383945221177e-02 4.282316821360221225e+20
6.497475449892380073e-02 4.280556273191344538e+20
6.522799562650481719e-02 4.179215393725334159e+20
6.552895811801451309e-02 4.076465366649119703e+20
6.559555483723111813e-02 4.034937825646068367e+20
6.567610164333827216e-02 4.000114080685279150e+20
6.570409803382175340e-02 3.999387575210797302e+20
6.572135621086860890e-02 4.006886459114582180e+20
6.598821178806529852e-02 3.775281330395869348e+20
6.631758956700777030e-02 3.672516021276516680e+20
6.654158684207800434e-02 3.603274935278649999e+20
6.656354537284210615e-02 3.610216456621751665e+20
6.722165094989325518e-02 3.606508573540256317e+20
6.730141279034503043e-02 3.571993326300533883e+20
6.733546002834731037e-02 3.550752673435054244e+20
6.740972490413255080e-02 3.537683213606216008e+20
6.754736859617933853e-02 3.483503319747257303e+20
6.765386458284373961e-02 3.428772638118889390e+20
6.816992491210246974e-02 3.570831039990750249e+20
6.835731778419820714e-02 3.615093089454221558e+20
6.837744368407686069e-02 3.152509723429556716e+20
6.899999999999996414e-02 3.215116250041526518e+20
