-2.131628207280300602e-17 1.174453523939529064e+21
1.021774682420236455e-03 1.337827766410182394e+21
1.082835948172075234e-03 1.377897417467322171e+21
1.241994295263289467e-03 1.226099634543955804e+21
1.308613317468570016e-03 1.234237845587110920e+21
1.338128377213827509e-03 1.238308519313422680e+21
2.043549364840494161e-03 1.513036256714647405e+21
2.483988590526593244e-03 1.307458618674424316e+21
3.105927898113776571e-03 1.435567275122857869e+21
3.122299546832294978e-03 1.435681814623198118e+21
3.165443902327151355e-03 1.443726833374009754e+21
3.585056431888627819e-03 1.488603214037381808e+21
3.739238026257346754e-03 1.511232932160636715e+21
4.048008356104052137e-03 1.562457902369013236e+21
4.117539528234406658e-03 1.599753334362119602e+21
4.254746910328229687e-03 1.619716468851262882e+21
4.565196580609391826e-03 1.509803592721104110e+21
4.669803641425716509e-03 1.697244607327486083e+21
5.046505936913562099e-03 1.724706204185379996e+21
5.337404328494105635e-03 1.757893449973583053e+21
5.597362546324682366e-03 1.787061499134841717e+21
5.629016031545432640e-03 1.793675535533598835e+21
5.678208321360081468e-03 1.799187681076135330e+21
5.765915814811968694e-03 1.805617661098404872e+21
5.834151170948871472e-03 1.814871563188524024e+21
6.343476301928085634e-03 1.877336133059328082e+21
6.364867070456106841e-03 1.878654135121044308e+21
6.564847047988699343e-03 1.895038113226292724e+21
6.734604294155943464e-03 1.956912960395065164e+21
6.867282700773874420e-03 1.973958438308974166e+21
6.906527813171817187e-03 1.991201470106298221e+21
6.943077550850983506e-03 1.993834370755310649e+21
6.961857002195841713e-03 2.006863474755937763e+21
7.355954554584343344e-03 2.087441185914349421e+21
7.515911492826351029e-03 2.132154522298017382e+21
7.582400068424288361e-03 2.143252821485354222e+21
7.691264534491214049e-03 2.192324634810272973e+21
7.749660780325364449e-03 2.200597776743688831e+21
7.915812691249126884e-03 2.223395831122034688e+21
8.005599775480423327e-03 2.253278285412293149e+21
8.069247456886394915e-03 2.261845284408103010e+21
8.143367006066383820e-03 2.292635998890322559e+21
8.174667836637677584e-03 2.312927311385374228e+21
8.197578877465415068e-03 2.318598594863877325e+21
8.628977163876125692e-03 2.504700021233846059e+21
8.652466590411049194e-03 2.514048817195939004e+21
8.770383791034373072e-03 2.566434184791636050e+21
8.961665839257091509e-03 2.691403086579481182e+21
9.021723143299119688e-03 2.735007489702600114e+21
9.084139138020294602e-03 2.785891426312524923e+21
9.126433077551973291e-03 2.815597187290254803e+21
9.143336102745255184e-03 2.834127252684928451e+21
9.151114442324867829e-03 2.839188636949879456e+21
9.269780242380832452e-03 2.962324894637618102e+21
9.356809073802921026e-03 3.074324686878306468e+21
9.386951011944855844e-03 3.124229389272120033e+21
9.470203811756401635e-03 3.313333028879672541e+21
9.480850854109995271e-03 3.332496185581942342e+21
9.549084918796208604e-03 3.493390971763639190e+21
9.661214588500197792e-03 3.828709008066389475e+21
9.795495708145477570e-03 4.510020777961158345e+21
9.820353924306371440e-03 4.653749231352943215e+21
9.822992868479971107e-03 4.669202406241410744e+21
9.850114835910925640e-03 4.846975354973012886e+21
9.873812467295187828e-03 5.004502050917929976e+21
9.903964376570833020e-03 5.223978069492074807e+21
9.923829391105464318e-03 5.384758620959022252e+21
9.925738336229219735e-03 5.398640141477976474e+21
9.937866732174470419e-03 5.497450667919370355e+21
9.972741171267451854e-03 5.792082020326643335e+21
9.978878491793108027e-03 5.842959094920881635e+21
1.000133059889276796e-02 6.034216226252782567e+21
1.000870335941539922e-02 6.104288995391541608e+21
1.001189949860078685e-02 6.130327545292998574e+21
1.007179870294331626e-02 6.724171283423913050e+21
1.007415178934337185e-02 6.749092777982137729e+21
1.007551932944589571e-02 6.760116275045326651e+21
1.009709713959489399e-02 6.957184890352232825e+21
1.009784118922979305e-02 6.964722871683199795e+21
1.011098793619809658e-02 7.088348136077512409e+21
1.011146227025623741e-02 7.093077203200877003e+21
1.012613530583605231e-02 7.229330982398027891e+21
1.014265030956428178e-02 7.375096317011044598e+21
1.014434076286827545e-02 7.389441411816188019e+21
1.016703598711285808e-02 7.604706945164315197e+21
1.019674672021861003e-02 7.869338393088314311e+21
1.019724936395571303e-02 7.873401103455829885e+21
1.019966167999347521e-02 7.897534780006643794e+21
1.024279838482855358e-02 8.284171301215409275e+21
1.025328107620962145e-02 8.370671161551440839e+21
1.026184459297238040e-02 8.448192423446785819e+21
1.027142787708379933e-02 8.526150863594709844e+21
1.028309460473656248e-02 8.624740103431789740e+21
1.029039725766969261e-02 8.699890192155551990e+21
1.030424573848422697e-02 8.817271822394415120e+21
1.034699463583585270e-02 9.169731839440015327e+21
1.041201310471871061e-02 9.674754010232274289e+21
1.043432419706747868e-02 9.837290273726399513e+21
1.045711578561956019e-02 1.001289018544644896e+22
1.047993510813565940e-02 1.017881007948676098e+22
1.049243271727058266e-02 1.026907837469710877e+22
1.051638305186538246e-02 1.048542846184448433e+22
1.051882208388589014e-02 1.050278850781978716e+22
1.062811195348468789e-02 1.126624956072713414e+22
1.063718416581395897e-02 1.132921620599715712e+22
1.063977285279696719e-02 1.134552211552067597e+22
1.070275594069763220e-02 1.176619621877760708e+22
1.070721845617770597e-02 1.179957196971067205e+22
1.075354639552530446e-02 1.213431705067433283e+22
1.075639027479380512e-02 1.215175194949463520e+22
1.077378197485538182e-02 1.225833877083349687e+22
1.077434205817550186e-02 1.226166479486698127e+22
1.079173375823708377e-02 1.237062692424822397e+22
1.079229384155720728e-02 1.237415944386240315e+22
1.081043046442124560e-02 1.248011094583316945e+22
1.081502377897753352e-02 1.251069329662766848e+22
1.085145951676737448e-02 1.273910286292107238e+22
1.088866955110842465e-02 1.296445612863865330e+22
1.091281637194264735e-02 1.311996626872637902e+22
1.096900736220381492e-02 1.345260055929133675e+22
1.105324192216972611e-02 1.393971707106025066e+22
1.105812213710187161e-02 1.396696241416748558e+22
1.108370115534495180e-02 1.412717617139949555e+22
1.117134401201776671e-02 1.462545842652130050e+22
1.118502100440678902e-02 1.469991944166135824e+22
1.122757472309531164e-02 1.494517947786421338e+22
1.124092099371442992e-02 1.501695693984781409e+22
1.124374692639994698e-02 1.503089699933786839e+22
1.126585051932358847e-02 1.515194592551069811e+22
1.128648377727555982e-02 1.525409053777082083e+22
1.129936914533718854e-02 1.532033807956279558e+22
1.131887829733288671e-02 1.542259144826255992e+22
1.133101721594678007e-02 1.548820664558648767e+22
1.134136427984110650e-02 1.553790623725542965e+22
1.136246205435306744e-02 1.565977242855890590e+22
1.137602149550759681e-02 1.572748304638596979e+22
1.140388995727916951e-02 1.586171307824641789e+22
1.143929972716306413e-02 1.603795641337687677e+22
1.150064532912379971e-02 1.635931010300058691e+22
1.153796939225947352e-02 1.653963244709618699e+22
1.157420254676253847e-02 1.670940647637563054e+22
1.165066015016535776e-02 1.708956648562940392e+22
1.165834731093337226e-02 1.713039679589716276e+22
1.168093985109405243e-02 1.722940378951958554e+22
1.169636576463221542e-02 1.729074972247918746e+22
1.170197790399484482e-02 1.731290759228259566e+22
1.179598366969505409e-02 1.772931862593582347e+22
1.182789702213340663e-02 1.785208395880473611e+22
1.182804026049640543e-02 1.785213669812527851e+22
1.182827861318833454e-02 1.785270222438947357e+22
1.184798405332085011e-02 1.792455686572764824e+22
1.185018166108860876e-02 1.793665924579170294e+22
1.186065414501830464e-02 1.798178091211544750e+22
1.186285175278606330e-02 1.799419941348528095e+22
1.193440096041136975e-02 1.828230113271916318e+22
1.195321422853387779e-02 1.834896014427776510e+22
1.196609691864289338e-02 1.839166183497807797e+22
1.197832650239070117e-02 1.843216400270085430e+22
1.200017165230056297e-02 1.851125317200715658e+22
1.205665371678441358e-02 1.873542388500284414e+22
1.207909423182138356e-02 1.880495371450739956e+22
1.208475658697919647e-02 1.882819596534729304e+22
1.211373135304500033e-02 1.893194327830958388e+22
1.216183846467425167e-02 1.907520029293873516e+22
1.217639590630690063e-02 1.915360215803893069e+22
1.218043610586470350e-02 1.916530793925686224e+22
1.219499354749735767e-02 1.920549726850282789e+22
1.219903374705516054e-02 1.922173477361517435e+22
1.221359118868782165e-02 1.927466682186309671e+22
1.221713807993333838e-02 1.928788340862357602e+22
1.224914910602661368e-02 1.937475809576269277e+22
1.227943979538416094e-02 1.946864126274437330e+22
1.228330635068053747e-02 1.947784806954041134e+22
1.234208396346468846e-02 1.964896040724626355e+22
1.238499388925563306e-02 1.977233302984428670e+22
1.241391395810392990e-02 1.985457087803706416e+22
1.246734562632674341e-02 1.999395394395820995e+22
1.248914197935242602e-02 2.004155053180565691e+22
1.250207974907541035e-02 2.006869506196328835e+22
1.255010869676284786e-02 2.017660268933564020e+22
1.257368502679308622e-02 2.024316256233820520e+22
1.257519372739671591e-02 2.024620312981653999e+22
1.260292386577749162e-02 2.030448299880421209e+22
1.263343618654732235e-02 2.036493260920495853e+22
1.264630348925470903e-02 2.042702613791784724e+22
1.264914754273554522e-02 2.043065113363885536e+22
1.266471334700063935e-02 2.045453629450382370e+22
1.270688631615910294e-02 2.035053706141235990e+22
1.272156837965122446e-02 2.037526280306445989e+22
1.273081793351733652e-02 2.039712776000402516e+22
1.275763292517378793e-02 2.044358832696759786e+22
1.276377477060018292e-02 2.045050601077769817e+22
1.280333321097981529e-02 2.050481418392099304e+22
1.283517068994463259e-02 2.055273593596889426e+22
1.283750271720474241e-02 2.055571215851483405e+22
1.283981909894925562e-02 2.055816181271607483e+22
1.285207479359630478e-02 2.056839792936791258e+22
1.285498010650898242e-02 2.057110570586808202e+22
1.286783705508763760e-02 2.058175369123763061e+22
1.287657332206828924e-02 2.059736595005767575e+22
1.291776415015248938e-02 2.085422626629519776e+22
1.292593387526474319e-02 2.087571967600442212e+22
1.295408148494689785e-02 2.090745760041052144e+22
1.295696104029811849e-02 2.090903415797074362e+22
1.295836546402214483e-02 2.090999385460837240e+22
1.298188200993998821e-02 2.096018893704252726e+22
1.300704787678337235e-02 2.107240579761593909e+22
1.300888184339506724e-02 2.109078007390615162e+22
1.300904471348178840e-02 2.109080802200335994e+22
1.300972923331026807e-02 2.109383073750227249e+22
1.301170797260599657e-02 2.111387166668952175e+22
1.304663676978332250e-02 2.142414775220897107e+22
1.306230631759370923e-02 2.154410515317066301e+22
1.309611330231611956e-02 2.181302020567527640e+22
1.312106568724403025e-02 2.199085110091151154e+22
1.312919158666199342e-02 2.204761939150042772e+22
1.316100517290860576e-02 2.224327052363131414e+22
1.317776623299642645e-02 2.234139303799347059e+22
1.320972505322462812e-02 2.249112362480633381e+22
1.325573934983854951e-02 2.264675480747455912e+22
1.325574136834653874e-02 2.264674926639875044e+22
1.325574268120666664e-02 2.264677177965787323e+22
1.325574697472831423e-02 2.264675515164861347e+22
1.327213482033997791e-02 2.268720932422849606e+22
1.332504194387551175e-02 2.278319039168207703e+22
1.333148082207054330e-02 2.295776858286465430e+22
1.333480716195985585e-02 2.295950175811773714e+22
1.335293506711929777e-02 2.296165055903575520e+22
1.354724000643075903e-02 2.297560067480139858e+22
1.356693827837489146e-02 2.295866259842611020e+22
1.361472025632372469e-02 2.291803358960270128e+22
1.363572648706688241e-02 2.289339574305187640e+22
1.364770996420098560e-02 2.288043168971805321e+22
1.365969534387068487e-02 2.286430263314419496e+22
1.378769964295110777e-02 2.276884663453921942e+22
1.380311418526525107e-02 2.275385921427212337e+22
1.386949088215119752e-02 2.272217762872206714e+22
1.402485733325909215e-02 2.279682513193970277e+22
1.403360054060673150e-02 2.278088496493245340e+22
1.403852113455218015e-02 2.280363020167589921e+22
1.405916835157103827e-02 2.279289741766009920e+22
1.453147041500153606e-02 2.281533974502938824e+22
1.457812527096512441e-02 2.282607718269022372e+22
1.484417200029812360e-02 2.303618912526223488e+22
1.501002127304180110e-02 2.330317077331361294e+22
1.502075840651827948e-02 2.331302693587047888e+22
1.502956156584384605e-02 2.332012815127749958e+22
1.506823985690526613e-02 2.337529886114713489e+22
1.511647721785938474e-02 2.342336978413401250e+22
1.514843186163719949e-02 2.360481321691119197e+22
1.515476366616523747e-02 2.367550245567483137e+22
1.524959519509990445e-02 2.361671346181698172e+22
1.564866332863150064e-02 2.435923102619017203e+22
1.577082892793008409e-02 2.459950505074019743e+22
1.579183987913070422e-02 2.463708537507108042e+22
1.586680816928674395e-02 2.482275924565267841e+22
1.591996293145591171e-02 2.494369559898281633e+22
1.597052427162734198e-02 2.499269140161028633e+22
1.605015290590502616e-02 2.521914093851749279e+22
1.607674640400375346e-02 2.509226498745351904e+22
1.612465165887566262e-02 2.536866304961511057e+22
1.617021961532459293e-02 2.545915323274316114e+22
1.619773250544612880e-02 2.574915158484207220e+22
1.628668463872077338e-02 2.600854812871346251e+22
1.641111121032117273e-02 2.615640144130613864e+22
1.662242090795321148e-02 2.695208833325124184e+22
1.667425699359494085e-02 2.708905833376232191e+22
1.695284254730738613e-02 2.838631859047557077e+22
1.701537522367711081e-02 2.834826055299589630e+22
1.728326418666156078e-02 2.990694258825549473e+22
1.739990078531277601e-02 3.061355566208023056e+22
1.744347445349201178e-02 3.089518407417625733e+22
1.752064105273456671e-02 3.144282605346914671e+22
1.760368472032246626e-02 3.205860335454741175e+22
1.772743618622174208e-02 3.314878076369660333e+22
1.776389498715292073e-02 3.349462066677035093e+22
1.787602611158296828e-02 3.485606256771933091e+22
1.798172422399404308e-02 3.608881448149633414e+22
1.798738951025988589e-02 3.617735970005171831e+22
1.799335734998391834e-02 3.626703985796744793e+22
1.800278441404083718e-02 3.612012544958689129e+22
1.812284398464151375e-02 3.780025617263130942e+22
1.821088403336686493e-02 3.931736660245533950e+22
1.830728990916462295e-02 4.155798589408387950e+22
1.840708888526191439e-02 4.449803504736303422e+22
1.841148119448083112e-02 4.464415919629134935e+22
1.843849056008978193e-02 4.561746083326481295e+22
1.848500118928635833e-02 4.747503001803375929e+22
1.850420382517659751e-02 4.829368971304016596e+22
1.852003627786861367e-02 4.900009466768218548e+22
1.854063280164947383e-02 4.999488992378904327e+22
1.856051544897055830e-02 5.103374249034320236e+22
1.858097934086061151e-02 5.216147441358411189e+22
1.870466936053767973e-02 6.094627013141972648e+22
1.878545171481045203e-02 6.905949927842663891e+22
1.879157509120882655e-02 6.977547980560084553e+22
1.885184170901025788e-02 7.757727443589852981e+22
1.888930244320674579e-02 8.308417099919294412e+22
1.896951290529274442e-02 9.677972425873651925e+22
1.902145539146099518e-02 1.065145633108417724e+23
1.902312181147607084e-02 1.068569314117516106e+23
1.903156189688220284e-02 1.084687300917433645e+23
1.905188338149132674e-02 1.124560454505137156e+23
1.905642629840226601e-02 1.133563159260956973e+23
1.907149070907330005e-02 1.163412932920345415e+23
1.907662169367050492e-02 1.173439854444661189e+23
1.909346739402293866e-02 1.206710475014278595e+23
1.909850859171767154e-02 1.217135721604579873e+23
1.919506963917064213e-02 1.408131476296759436e+23
1.919530033640685224e-02 1.408532650212477035e+23
1.925568643003505026e-02 1.527569700381599046e+23
1.925783991294680725e-02 1.531798252350003730e+23
1.925797092216617254e-02 1.532051895800881606e+23
1.925804657206795292e-02 1.532194538423783543e+23
1.935482660127938251e-02 1.717681136080599866e+23
1.941555439231657312e-02 1.830285607005280650e+23
1.942528011469198818e-02 1.848394638176901891e+23
1.942968869982650629e-02 1.856666463322810058e+23
1.951318195993917426e-02 2.007969884906912555e+23
1.951974251267616853e-02 2.019830039405484636e+23
1.953565898197476627e-02 2.047946469987935616e+23
1.954454168023116167e-02 2.063994410812984368e+23
1.956045814952978371e-02 2.092419554066978308e+23
1.957003327057935116e-02 2.109151463095644507e+23
1.958608079277144448e-02 2.137241402659054436e+23
1.963123174292162945e-02 2.216174143667046911e+23
1.966194267889621178e-02 2.269501069605884186e+23
1.972451546714591025e-02 2.372952916333285626e+23
1.975862379231583740e-02 2.432965332028286095e+23
1.981133925744530538e-02 2.523860913350107569e+23
1.983811739767405574e-02 2.569427699092695370e+23
1.990466821078047330e-02 2.680698071565323783e+23
1.993116679186021298e-02 2.724870022732182245e+23
1.999245430574377730e-02 2.826034962756769153e+23
2.001429211645190664e-02 2.862114817377221864e+23
2.002541333941702112e-02 2.880153049362948749e+23
2.005140949597922564e-02 2.922482505380414714e+23
2.005389370856547337e-02 2.926579580965495400e+23
2.007289741538799757e-02 2.957770897514996234e+23
2.007538162797424183e-02 2.961974918305224621e+23
2.009438533479675909e-02 2.992891447203784829e+23
2.014651773155219303e-02 3.076907999765287131e+23
2.016263244563384210e-02 3.100770334881548358e+23
2.019657050526670744e-02 3.157554225042518767e+23
2.021453156664920064e-02 3.186424045356652880e+23
2.024911018049057460e-02 3.242092714342353323e+23
2.027107593822465373e-02 3.274416983851869133e+23
2.030333063190436702e-02 3.325778531969274500e+23
2.033467779850163179e-02 3.375360557947101360e+23
2.035740272720585817e-02 3.411728286925277689e+23
2.037951943081546535e-02 3.446476686313473966e+23
2.039925387987154629e-02 3.477528998188443448e+23
2.041585418691980319e-02 3.504046906035785391e+23
2.043558863597587719e-02 3.534873214909950449e+23
2.047109959525661438e-02 3.590243479993061348e+23
2.049393217704593637e-02 3.625343197055868878e+23
2.049513814097679229e-02 3.627227570170616695e+23
2.049651986626421438e-02 3.629391185438212840e+23
2.051231430764748759e-02 3.654205688539858862e+23
2.051611864406039168e-02 3.660230552185904583e+23
2.053335678364897124e-02 3.686949510448089158e+23
2.057240108149077304e-02 3.746900876210568220e+23
2.062346248295454307e-02 3.825696353371950573e+23
2.068286091362510695e-02 3.917666500034229615e+23
2.069697146701039367e-02 3.939542129406021552e+23
2.072555808414014780e-02 3.983086993091837727e+23
2.073157141395627623e-02 3.992467892224884788e+23
2.073665594399357048e-02 3.999917933594757709e+23
2.074233649262858734e-02 4.008641040355018618e+23
2.077754902077727159e-02 4.061595180246305216e+23
2.078272513358528015e-02 4.069434030932747511e+23
2.080088167081600367e-02 4.096563009303197379e+23
2.082306178508306141e-02 4.127392264420373226e+23
2.082721698415057610e-02 4.133559352424967931e+23
2.083961535047280586e-02 4.151988677714169121e+23
2.086203982899543716e-02 4.185453854111558827e+23
2.086521767298609928e-02 4.190175703641863917e+23
2.087186554617754056e-02 4.200264899082857617e+23
2.090082305667730067e-02 4.243585656078897911e+23
2.092011364593087189e-02 4.274078360100492657e+23
2.094352285612746667e-02 4.308955149294394807e+23
2.096433168500327210e-02 4.337610091405679736e+23
2.099448848716968519e-02 4.382189799617797439e+23
2.105769611780736184e-02 4.476712048127884248e+23
2.106169529306781141e-02 4.482592582446113693e+23
2.110832866165594790e-02 4.551272847217152785e+23
2.113578068878876545e-02 4.590939651866913491e+23
2.115372729634594148e-02 4.617211364727090630e+23
2.118307976005932153e-02 4.657449332627114945e+23
2.122014891704530198e-02 4.712833743171752496e+23
2.122174725367808462e-02 4.715160269772305182e+23
2.122253859072020798e-02 4.716223316058530864e+23
2.130782233927267649e-02 4.837918113386746348e+23
2.130865672961099189e-02 4.839064802004200189e+23
2.131287263661677325e-02 4.845048935044212295e+23
2.133072577505493173e-02 4.869871152759246800e+23
2.133268118831070301e-02 4.872793474373280418e+23
2.135053432674885454e-02 4.897950071353557501e+23
2.135248974000462929e-02 4.900576261613140574e+23
2.136689676173886623e-02 4.920812881145595041e+23
2.137536477550372807e-02 4.932987620017718858e+23
2.137832034943281875e-02 4.937083469011917314e+23
2.144918776059454718e-02 5.037655227286338373e+23
2.146279923311423393e-02 5.056274525734122585e+23
2.150116667745579496e-02 5.109464709432967095e+23
2.155043309447633379e-02 5.176429189059264842e+23
2.161818728943169787e-02 5.271075684924214466e+23
2.162871414320570104e-02 5.285443367531334704e+23
2.165268651491017438e-02 5.317571911355802950e+23
2.172254583951985576e-02 5.411816679661574732e+23
2.178718681826884856e-02 5.499493794230208467e+23
2.178872804760411189e-02 5.501581628253359969e+23
2.179584596262762811e-02 5.510699260648855081e+23
2.179707425130143761e-02 5.512148433738949282e+23
2.180370007335420690e-02 5.520977230351079603e+23
2.180687046704011048e-02 5.525130338698658673e+23
2.183131659771793062e-02 5.557501240117751898e+23
2.183801445195727997e-02 5.566465519324442269e+23
2.184073495684555818e-02 5.569922253784318256e+23
2.186011297229778841e-02 5.595725378660677536e+23
2.186152350254407656e-02 5.597659473528337864e+23
2.186424750172143161e-02 5.601152498724970881e+23
2.186651885575372628e-02 5.604163693565129775e+23
2.189018955411088305e-02 5.635260464275476028e+23
2.190468419776435763e-02 5.654046207438558268e+23
2.192495316004215017e-02 5.677440379346015318e+23
2.194223393746023293e-02 5.699623996732303391e+23
2.195323382855808581e-02 5.713987352930989994e+23
2.198304047300688249e-02 5.751858653577890402e+23
2.201099097620354619e-02 5.787841637291303266e+23
2.202380552855725399e-02 5.804970736606128080e+23
2.203940659427382556e-02 5.825149111802773446e+23
2.209896739075264266e-02 5.902789629992596207e+23
2.210854529651914632e-02 5.912928504054987924e+23
2.211699728811817797e-02 5.923414719188517572e+23
2.212854533136964647e-02 5.937757792657859244e+23
2.212972031599694939e-02 5.938980115942994912e+23
2.213657925108741126e-02 5.947610622913182433e+23
2.214294099644667155e-02 5.955236149901556659e+23
2.214408205025781770e-02 5.956571732392641110e+23
2.215619219367278778e-02 5.971873203634800406e+23
2.216623057995565499e-02 5.984031357262059411e+23
2.222672991105365328e-02 6.058619758758047085e+23
2.226236621271948657e-02 6.103793260446588170e+23
2.227017375211353539e-02 6.113505720620488872e+23
2.227915584065124840e-02 6.124130871198445816e+23
2.231688057101989184e-02 6.170649197863378260e+23
2.236041477195199398e-02 6.221837439667088675e+23
2.237311276725010081e-02 6.237337162628660262e+23
2.237614499574974714e-02 6.240987397923622208e+23
2.238793121709932096e-02 6.254764966896173444e+23
2.239814203642271490e-02 6.267180804976905468e+23
2.240293079655983691e-02 6.272972598316589163e+23
2.241384599857383988e-02 6.285573163982508073e+23
2.241863475871096537e-02 6.291571871054130525e+23
2.242737059570337407e-02 6.303550305922273247e+23
2.242958213624221889e-02 6.306166979531256061e+23
2.243616212158035597e-02 6.313543314964348467e+23
2.243760836901860511e-02 6.315170300053814499e+23
2.253355581781881639e-02 6.426282613664414266e+23
2.253660408564649859e-02 6.429679945626472468e+23
2.256304084606877008e-02 6.460239760273952054e+23
2.258967588567984200e-02 6.490580926096696746e+23
2.268771292816145271e-02 6.605054344083382227e+23
2.269096121111312606e-02 6.608600760137336383e+23
2.273110730484844896e-02 6.653613709043285749e+23
2.274174340234107541e-02 6.662946425331563878e+23
2.284187003850409250e-02 6.773401228348890871e+23
2.284188236969180927e-02 6.773419270316851798e+23
2.284192908296830971e-02 6.773496472986162897e+23
2.286164897270331550e-02 6.794633006136947093e+23
2.286170429979805796e-02 6.794720854089929473e+23
2.289606182712049590e-02 6.831287634557706133e+23
2.289627233960786490e-02 6.831458272109632611e+23
2.289649472720194090e-02 6.831451497245210522e+23
2.300835629594819368e-02 6.957098834691836200e+23
2.301507330682120087e-02 6.969934797360771776e+23
2.310523374622736395e-02 7.132368507559896930e+23
2.312111396343658615e-02 7.159486979846791066e+23
2.322904493160756964e-02 7.301530625899067941e+23
2.324456251318310698e-02 7.317658241063780247e+23
2.331423332488022013e-02 7.375108550892813843e+23
2.334573319967123139e-02 7.397953442501171830e+23
2.344973356726693173e-02 7.449917352843334952e+23
2.345807269816188589e-02 7.453068656138908179e+23
2.348619516376602295e-02 7.461358655376904673e+23
2.353405699173176727e-02 7.474750703763330590e+23
2.353622253518070431e-02 7.475241388317859056e+23
2.353904741094794625e-02 7.476081345347084920e+23
2.354950967885368132e-02 7.478683660755294203e+23
2.370428400934462485e-02 7.503549418207874657e+23
2.383994141042340698e-02 7.518754198290864768e+23
2.389014586022634307e-02 7.524816728526978097e+23
2.390168667304208919e-02 7.529584916829827645e+23
2.391201932394431545e-02 7.527886154061020649e+23
2.393302656505303522e-02 7.530221493192347395e+23
2.402077841170294562e-02 7.540998155955976966e+23
2.405617414376013535e-02 7.545397499420909502e+23
2.409908933673953965e-02 7.552320032629864373e+23
2.415986354636176850e-02 7.562154639656557425e+23
2.437152316393773749e-02 7.608898960442727240e+23
2.444334146500197480e-02 7.622804252737568674e+23
2.460854036175945392e-02 7.668725937023725244e+23
2.463530913849492146e-02 7.676291913970623080e+23
2.483848529221177256e-02 7.740983342636775883e+23
2.483950083350136562e-02 7.741611610807229963e+23
2.486466502739506299e-02 7.754252672284117560e+23
2.504713377702470073e-02 7.828474189451031793e+23
2.506843022266409815e-02 7.836619408346476813e+23
2.527747954397156077e-02 7.939812158387261371e+23
2.529837515311642027e-02 7.950093911175213015e+23
2.551740257417240212e-02 8.080578795136518518e+23
2.558267809253800956e-02 8.122932452543505986e+23
2.585442999569037559e-02 8.316711638302631668e+23
2.587220092874139427e-02 8.330240735296566319e+23
2.619145741720833517e-02 8.609078225482220044e+23
2.621136818071395647e-02 8.630199922582574072e+23
2.624337675473052342e-02 8.661709101358464054e+23
2.659138079357181716e-02 9.053139436761750207e+23
2.666178489205862576e-02 9.148706999696304898e+23
2.672318717454630344e-02 9.229647448793416435e+23
2.680397300692324847e-02 9.344842153978488685e+23
2.687141145576472934e-02 9.449997418731502117e+23
2.715267171648814981e-02 9.976605877300795110e+23
2.723500616837864347e-02 1.016165981270957623e+24
2.732698835648781840e-02 1.037802398865691964e+24
2.755023725091516190e-02 1.103936106219354261e+24
2.765416208885110999e-02 1.141370277879582451e+24
2.792761987638825785e-02 1.267879654833497907e+24
2.803186396333322630e-02 1.333502145362982020e+24
2.807359538326655371e-02 1.362172599594438189e+24
2.808488132028237952e-02 1.370914578919644849e+24
2.810021766587997294e-02 1.382828456298201513e+24
2.815603317039986134e-02 1.428939275074458870e+24
2.817673788660841547e-02 1.447233384631032464e+24
2.827381476634957536e-02 1.547125455193493486e+24
2.831304900764033960e-02 1.595248163158797790e+24
2.843664676232222216e-02 1.782737104274457985e+24
2.844371598619398547e-02 1.795723313963548231e+24
2.845412301924735501e-02 1.815539964039824356e+24
2.853869347432589840e-02 1.999206878971835560e+24
2.856221345226388555e-02 2.060793755658543952e+24
2.862000403697544451e-02 2.233524989699621095e+24
2.875312891335497431e-02 2.791329866372352569e+24
2.876153737915936037e-02 2.835675093135132579e+24
2.880832782051780463e-02 3.106776230726042164e+24
2.881439166764312304e-02 3.145433347326530982e+24
2.883348543744028783e-02 3.270676747478752437e+24
2.884785857965492181e-02 3.370584374462910025e+24
2.885390937503183595e-02 3.413256101737412306e+24
2.887873664058654768e-02 3.597968140363555613e+24
2.891236009867658580e-02 3.866871774254502286e+24
2.898155948636059465e-02 4.487061592642760307e+24
2.898435801326610523e-02 4.512964250360386370e+24
2.898500312450019711e-02 4.519178758130906280e+24
2.898592402119243294e-02 4.527957977775173251e+24
2.899125391164985785e-02 4.578412421922678553e+24
2.899397424099686010e-02 4.605814821924508006e+24
2.899712218524728644e-02 4.636699212761332414e+24
2.900272180155355484e-02 4.690059229316354257e+24
2.901718464203707423e-02 4.830757304317855679e+24
2.906232379488764977e-02 5.282775267163929305e+24
2.908816361541621126e-02 5.548219875093139176e+24
2.909448158765700482e-02 5.613152800301371248e+24
2.912652016049750367e-02 5.944956894164809276e+24
2.913285679138736400e-02 6.011130557164275594e+24
2.913912774654695698e-02 6.075754339819107335e+24
2.917054496236849703e-02 6.401747120022066796e+24
2.919170446107273442e-02 6.621027935509419483e+24
2.921539625751278652e-02 6.864641558548794076e+24
2.921781082586209083e-02 6.889571773365504820e+24
2.922436422685243188e-02 6.956514675791536943e+24
2.925569709181615255e-02 7.275881398777277267e+24
2.926298490433012697e-02 7.350073986150156791e+24
2.927341671930147951e-02 7.455620945907276470e+24
2.930815246924112216e-02 7.805297941206929028e+24
2.933174928397938586e-02 8.039897712053753666e+24
2.939372610348011880e-02 8.649362872197436909e+24
2.941634889463890304e-02 8.869090835961820182e+24
2.944755128905993807e-02 9.171006794901447703e+24
2.948527601632824902e-02 9.533673716255334376e+24
2.952446730263010716e-02 9.906496916239781795e+24
2.956512023001891046e-02 1.029111749750452015e+25
2.958695010887875398e-02 1.049507248399869707e+25
2.959763674454440538e-02 1.059492965664126855e+25
2.961721607178756377e-02 1.077808005430179048e+25
2.962790270745322210e-02 1.087781127922673424e+25
2.964748203469637355e-02 1.105976525238978917e+25
2.965816867036203536e-02 1.115901390922128200e+25
2.970985464234507378e-02 1.163749722935059500e+25
2.973122058402159415e-02 1.183462749763850890e+25
2.976947419491149383e-02 1.218699770764525326e+25
2.978908137284027105e-02 1.236721837390215862e+25
2.985529476441212832e-02 1.297186243405262435e+25
2.988407695148445967e-02 1.323395591619755204e+25
2.990593562967788430e-02 1.343293714356570701e+25
2.991999407531852756e-02 1.356005973133601566e+25
2.999999505753821877e-02 1.428307733520611384e+25
3.003693331894734600e-02 1.461778860505836635e+25
3.003925440599973865e-02 1.463817893763874487e+25
3.004312107284850750e-02 1.467244458594273651e+25
3.004544215990090361e-02 1.469329908633727382e+25
3.004930882674968287e-02 1.472857489191364601e+25
3.005162991380207552e-02 1.474927996626466724e+25
3.005829289044901695e-02 1.480965971387413683e+25
3.007582791742182196e-02 1.496718642037717247e+25
3.011181264727544327e-02 1.529083820515380915e+25
3.015874856777743876e-02 1.571230636828104738e+25
3.019571347716315871e-02 1.604340840065877198e+25
3.021681462672469454e-02 1.623227416297466016e+25
3.025173607456176431e-02 1.654362060890595029e+25
3.027162336620890098e-02 1.672108495951517809e+25
3.032109846652435853e-02 1.716236720068601463e+25
3.034650869898377831e-02 1.738889781594770083e+25
3.035319074320813951e-02 1.744941738868433193e+25
3.035522124821634152e-02 1.746745387888106040e+25
3.038449816464035627e-02 1.772691406056542902e+25
3.038764549940183371e-02 1.775552532790819868e+25
3.039540521636460366e-02 1.782490316785793604e+25
3.044765176739943485e-02 1.828865520567220745e+25
3.045294106990127994e-02 1.833650900258796761e+25
3.045835410894605008e-02 1.838472225228707754e+25
3.047204162894049523e-02 1.850625031544416374e+25
3.051705463157506487e-02 1.890584983119050823e+25
3.052907008849858536e-02 1.901199255232421441e+25
3.054979014385264882e-02 1.919586248194853812e+25
3.055795287447755568e-02 1.926829695928984879e+25
3.059886365144302497e-02 1.963121470734912210e+25
3.060697059360467306e-02 1.970330309887416544e+25
3.061222479090832879e-02 1.974958971280786311e+25
3.061581773425905637e-02 1.978142048924838010e+25
3.070435944458411656e-02 2.056511961812703436e+25
3.072605268425553440e-02 2.075777583725333704e+25
3.074242365327964008e-02 2.090258729274920228e+25
3.076806678200067618e-02 2.112918729642003842e+25
3.077773684602023302e-02 2.121442369353688832e+25
3.079804048560379551e-02 2.139410999394025312e+25
3.087262251565095483e-02 2.205400354988336687e+25
3.091270839264056297e-02 2.240814067195277373e+25
3.092107182613644534e-02 2.248206372803173220e+25
3.092207217594751187e-02 2.249051221273127750e+25
3.093616956119999914e-02 2.261452091949714110e+25
3.096707759983750863e-02 2.288746096347914734e+25
3.098491051599781831e-02 2.304497337958660282e+25
3.098857925261115989e-02 2.307733136660415830e+25
3.100641216877147999e-02 2.323480193175241406e+25
3.101500311573375523e-02 2.331074322167285335e+25
3.102966265378947347e-02 2.344066798768058688e+25
3.106285501946410774e-02 2.373358289928747462e+25
3.108133565966300638e-02 2.389723109543371992e+25
3.109738750939504762e-02 2.403732952636319122e+25
3.112190571868065150e-02 2.425488331607930768e+25
3.113042095428242978e-02 2.433002910488933322e+25
3.114153006970654669e-02 2.442798661980499901e+25
3.118418300454446623e-02 2.480454197270059657e+25
3.120139094649014566e-02 2.495659337530869401e+25
3.122303102397994135e-02 2.514630092512761967e+25
3.125333350300278645e-02 2.541459681294864187e+25
3.127000913157795131e-02 2.556158220763508233e+25
3.129421144784274439e-02 2.577563370039773484e+25
3.132173937322334234e-02 2.601841419848235425e+25
3.132461117291353292e-02 2.604358608456517913e+25
3.132941186481397189e-02 2.608627972229059196e+25
3.135037213191005367e-02 2.627112663929077056e+25
3.135517282381048570e-02 2.631379360912317516e+25
3.137613309090658137e-02 2.649872625166636979e+25
3.138093378280701340e-02 2.654073845059909575e+25
3.143540351092154878e-02 2.702083574631590979e+25
3.145715067444656426e-02 2.721293474730634771e+25
3.146272129689565294e-02 2.726248955865791716e+25
3.152513977325332312e-02 2.781375004811856993e+25
3.155858528904002813e-02 2.811064903039022810e+25
3.160124598650214389e-02 2.848681197054378202e+25
3.164372719635824560e-02 2.886328985739867742e+25
3.167485196137839049e-02 2.913735255503171504e+25
3.173593872011822026e-02 2.967712728285098107e+25
3.174534129855770964e-02 2.976093866282710941e+25
3.175059076289555443e-02 2.980767982334133079e+25
3.177601768568315971e-02 3.003337763046747895e+25
3.178126715002100450e-02 3.007985650959468160e+25
3.180669407280860284e-02 3.030593610647028452e+25
3.181194353714644762e-02 3.035207852176758658e+25
3.187668200845960448e-02 3.092517517988160683e+25
3.187845811260468787e-02 3.094139339497237734e+25
3.189840595800090550e-02 3.111719246658565861e+25
3.194451779551551324e-02 3.152734413387449688e+25
3.195674759009923399e-02 3.163626873804796691e+25
3.202559853788268518e-02 3.224749297623959976e+25
3.204730524655990259e-02 3.244148590856859270e+25
3.208308051099562769e-02 3.276089304008425139e+25
3.214932985027787321e-02 3.335356857687388894e+25
3.217370414706590548e-02 3.357218886019157851e+25
3.217805176397380701e-02 3.361120446217349153e+25
3.219376060350586516e-02 3.375199588430094219e+25
3.219810822041378057e-02 3.379117671538886667e+25
3.221381705994583178e-02 3.393278299241598872e+25
3.221816467685374719e-02 3.397142198825981815e+25
3.226431963947461873e-02 3.438823296644679571e+25
3.231390441366950583e-02 3.483762280460344520e+25
3.231902554607320177e-02 3.488326927594552347e+25
3.233397727736303517e-02 3.502056042951510531e+25
3.235828719511046198e-02 3.524212363679409113e+25
3.236710782543218007e-02 3.532326197370006319e+25
3.241419942832078627e-02 3.575603288979663662e+25
3.244174100885444806e-02 3.601473963176776333e+25
3.245872239622515920e-02 3.617450772409336197e+25
3.250398501658258166e-02 3.660810653737763789e+25
3.251079655129394952e-02 3.667494884631061130e+25
3.252846747934290406e-02 3.684937644791098179e+25
3.256898928626893869e-02 3.726050880795152867e+25
3.257019303343046401e-02 3.727164267807573264e+25
3.259798269327520565e-02 3.757080728894459644e+25
3.260234066821984800e-02 3.761882122406138064e+25
3.262751582471651313e-02 3.790156280262894432e+25
3.264863393295576455e-02 3.815330353778904255e+25
3.266522735385851695e-02 3.836270534659601525e+25
3.267435241859499573e-02 3.848073686468415958e+25
3.270570469365265132e-02 3.891955142479510892e+25
3.272535532371349115e-02 3.922047376600176882e+25
3.274136116210257796e-02 3.948718990325233862e+25
3.276989355097496837e-02 4.001618450614471862e+25
3.283176500681680987e-02 4.148500964878818007e+25
3.285887361883060853e-02 4.231986967163130036e+25
3.289888422604129309e-02 4.382095135775365615e+25
3.290058620744327339e-02 4.389379120229824317e+25
3.290674655831699741e-02 4.415980580906443729e+25
3.300807643339397079e-02 4.962698986022553121e+25
3.302631570325333804e-02 5.071956587377045677e+25
3.305179608862363755e-02 5.225129508434422471e+25
3.307219994872691998e-02 5.346174237627951898e+25
3.307941556074741468e-02 5.388136511967705120e+25
3.310145190317462238e-02 5.514529091956278749e+25
3.312702032015409082e-02 5.656206263567234616e+25
3.313654178840429870e-02 5.707465072861239020e+25
3.316663527204653794e-02 5.864163312392053614e+25
3.318195587309385325e-02 5.940689346090407274e+25
3.321652883240822779e-02 6.106200203716620491e+25
3.323518794862873049e-02 6.191186805326265328e+25
3.324913655933749851e-02 6.253606233822088498e+25
3.326245984301307718e-02 6.312568966094690005e+25
3.329641259536701703e-02 6.456331172963201978e+25
3.332041481244842063e-02 6.556029808240040046e+25
3.333132272431536119e-02 6.599721534869605326e+25
3.333494993023784075e-02 6.614166628626123414e+25
3.334005463118407120e-02 6.634082984422269627e+25
3.334148070463280322e-02 6.639594845838202586e+25
3.334558321517862994e-02 6.655851251515542188e+25
3.334684302844348469e-02 6.660986004428568937e+25
3.342057090814402193e-02 6.937339591643602237e+25
3.342612910533865334e-02 6.957339244288120487e+25
3.342780361615926149e-02 6.963096207358191537e+25
3.343208519215008778e-02 6.978679506787080516e+25
3.343916218400584672e-02 7.003516411220876640e+25
3.346452955048442174e-02 7.091696380591714980e+25
3.346873134841544389e-02 7.105813090328362111e+25
3.347243355503209949e-02 7.118591170369108301e+25
3.350937829580073052e-02 7.238725900084947074e+25
3.357840253987121049e-02 7.444167390743821597e+25
3.359245280259384042e-02 7.484988892613004940e+25
3.361164555131495452e-02 7.537101543570369346e+25
3.365581732751283389e-02 7.648592548275155641e+25
3.369227552925802699e-02 7.734002614777289346e+25
3.370606217605161270e-02 7.764512999275152827e+25
3.371920839740378401e-02 7.792697897216489317e+25
3.372859060588527524e-02 7.812482057275782451e+25
3.373664273192159002e-02 7.829022003063264693e+25
3.376132224800544590e-02 7.877018924778976618e+25
3.380482872957524948e-02 7.957943129758502960e+25
3.381320681450367821e-02 7.972763390285493309e+25
3.382037142501091720e-02 7.984560241500617932e+25
3.383303423762942796e-02 8.006292547653642235e+25
3.384785409528000277e-02 8.030015768796045326e+25
3.385730897888150626e-02 8.044286410064664170e+25
3.389222989962843019e-02 8.095608003931732468e+25
3.390625742185069541e-02 8.115435023977265366e+25
3.391397302942449760e-02 8.126029155133972343e+25
3.392791362845636038e-02 8.144213212598889438e+25
3.393574121226702878e-02 8.154242265464482851e+25
3.396698735591872909e-02 8.192277990513196454e+25
3.399414937489837057e-02 8.223263794461303594e+25
3.400405684631157416e-02 8.232569524553685230e+25
3.400441888770378007e-02 8.233469761722237662e+25
3.401459106702259955e-02 8.244726774834401687e+25
3.401812111675845546e-02 8.248421365365893796e+25
3.403956550305631268e-02 8.270107621019649887e+25
3.404302355423118737e-02 8.273446392789328325e+25
3.410208634183239246e-02 8.327632318193644925e+25
3.410728916669845262e-02 8.331730457870910477e+25
3.411476176166102631e-02 8.337894171659347400e+25
3.414909058064281161e-02 8.362929927724015741e+25
3.422010683121384095e-02 8.406989690836526061e+25
3.422767919905977257e-02 8.411054996577416104e+25
3.423511643981846236e-02 8.414471636532722858e+25
3.425515760705444279e-02 8.425649061845363605e+25
3.434359726839045918e-02 8.459412919508661124e+25
3.434806923142109253e-02 8.460666160822314772e+25
3.435145455726684727e-02 8.461652986621963251e+25
3.435478250377109466e-02 8.462026379465412340e+25
3.435825876585649891e-02 8.463093837059964540e+25
3.436152257373104729e-02 8.464387821319388257e+25
3.445260932974236051e-02 8.481742946601288590e+25
3.445291752018767722e-02 8.481516664031508285e+25
3.445610477785766151e-02 8.481171312738935575e+25
3.447183009288974642e-02 8.482509821520929489e+25
3.447913407875426856e-02 8.482375490449120504e+25
3.455251237985172003e-02 8.479870882449624867e+25
3.455937132695208192e-02 8.479117415026295497e+25
3.457946150063960500e-02 8.477815155497722653e+25
3.461173358515672732e-02 8.471606302223251305e+25
3.465195908395638652e-02 8.460621680115258891e+25
3.465922629904673313e-02 8.459054364758747248e+25
3.467009393117241600e-02 8.455206128743728575e+25
3.467736114626276261e-02 8.452850181236078916e+25
3.472239421379759439e-02 8.435627900849614176e+25
3.474905153692198212e-02 8.424308536196504442e+25
3.476892072422789470e-02 8.414188783981580561e+25
3.478310798840123647e-02 8.406256423384594750e+25
3.484343875057183126e-02 8.367928084440249425e+25
3.485548456980078896e-02 8.359072040675707221e+25
3.488274662684021782e-02 8.338741213458185473e+25
3.488885483053971726e-02 8.334364349545003299e+25
3.496127354605838011e-02 8.271017888658010546e+25
3.496191760267960275e-02 8.269870931226641689e+25
3.496217443091836213e-02 8.269331265686334225e+25
3.497908862764723126e-02 8.252297360684327909e+25
3.497934545588598371e-02 8.252675235970706424e+25
3.499625965261484589e-02 8.234594143587624689e+25
3.507832400986458238e-02 8.138334371451595934e+25
3.507840135635213741e-02 8.138165924384010171e+25
3.509004580220866087e-02 8.122397782940536636e+25
3.509989942827415610e-02 8.109143654605872681e+25
3.510082203194277856e-02 8.107476895418996421e+25
3.519690178954822113e-02 7.956088935132933857e+25
3.519755578259665257e-02 7.954786108266120965e+25
3.520335364402053802e-02 7.945062367363922189e+25
3.524148731046516936e-02 7.874676319733654290e+25
3.524486276151543585e-02 7.867855968371704139e+25
3.524694849343778386e-02 7.863769141131294260e+25
3.524847975084764024e-02 7.860842717352703826e+25
3.524889672312182809e-02 7.860099991543723630e+25
3.525259433403342413e-02 7.852600220636899619e+25
3.530761105876795147e-02 7.736411341169377724e+25
3.530954243081386307e-02 7.732078170901194976e+25
3.531199422265084154e-02 7.727149934086265183e+25
3.531543066144868931e-02 7.719238048069005599e+25
3.531620151249758449e-02 7.717574068621114050e+25
3.533700915449738272e-02 7.668430985482756568e+25
3.537361292688442210e-02 7.577901917798389987e+25
3.538271855001932226e-02 7.554388298609495858e+25
3.539100301467274640e-02 7.532493319044597531e+25
3.539281512705353544e-02 7.527308505310695641e+25
3.541144052180535823e-02 7.477397439232314070e+25
3.541924615702488066e-02 7.455769388155992152e+25
3.541988673404407317e-02 7.453865916754655267e+25
3.542400173345803399e-02 7.442195129176841352e+25
3.544318139072264590e-02 7.386543979114011335e+25
3.552322854719924816e-02 7.136654357659841465e+25
3.553240253984348701e-02 7.105396846332904732e+25
3.554173690287389109e-02 7.073727522107743396e+25
3.559714096477577944e-02 6.876703295734507626e+25
3.562721093737360872e-02 6.764100774134914608e+25
3.563325673561643092e-02 6.741051714861318391e+25
3.563920873860766669e-02 6.718040547925388498e+25
3.564630416821421705e-02 6.690631216637155657e+25
3.565604856542949064e-02 6.652594480794292681e+25
3.570108097306158579e-02 6.470240738105165520e+25
3.571314495750355783e-02 6.419185813545570779e+25
3.573146071143568775e-02 6.341938536810229925e+25
3.573850356849808674e-02 6.311971848279575081e+25
3.579053243416613350e-02 6.075722089372139268e+25
3.579541712750015231e-02 6.052948827224182843e+25
3.581835350544562008e-02 5.941664346657735849e+25
3.582095857156668284e-02 5.928462500612432809e+25
3.586936119752279217e-02 5.677697917577907344e+25
3.587736426362910652e-02 5.634187207286829086e+25
3.587763113011868676e-02 5.632487707639804752e+25
3.589558983002844039e-02 5.532204675324647804e+25
3.589586450336156032e-02 5.531023935252620644e+25
3.589644588357852190e-02 5.527197268057894654e+25
3.594435329803934848e-02 5.248845056878523633e+25
3.595037575386387380e-02 5.212879641914685272e+25
3.595693045726694459e-02 5.173375470560666282e+25
3.597529352194004520e-02 5.062748408281558442e+25
3.598033739645427331e-02 5.032238044341861726e+25
3.599529086020732127e-02 4.943466155650664158e+25
3.603670477559674235e-02 4.699967920291582582e+25
3.604047141358501100e-02 4.678960944573444070e+25
3.605729070285125515e-02 4.588556025804531984e+25
3.608833995360908459e-02 4.438021016212347294e+25
3.609434292937609146e-02 4.411448314359618582e+25
3.610219452139232232e-02 4.378007423196813964e+25
3.610551300321502427e-02 4.364166350481468060e+25
3.611297478284244966e-02 4.334301725555877708e+25
3.613238879857201546e-02 4.262106503481283614e+25
3.614185395500808806e-02 4.229699283116277351e+25
3.614437999471101920e-02 4.221238329750049523e+25
3.621657747302119146e-02 4.029807489138214820e+25
3.622102990587300342e-02 4.020273511531323868e+25
3.622805673736551046e-02 4.005823643812851475e+25
3.623465323786938252e-02 3.992897791019725883e+25
3.623745534633487225e-02 3.987431733747884259e+25
3.624639379679188422e-02 3.970804472936728319e+25
3.627763131484945669e-02 3.917638240620238881e+25
3.631270510055140122e-02 3.865772422264375316e+25
3.632596062368449036e-02 3.847844466468948276e+25
3.633557108952972792e-02 3.835334580398380814e+25
3.634711095299374140e-02 3.820717279458524325e+25
3.641043488824398378e-02 3.747974388302397883e+25
3.641200038136644529e-02 3.746245043079710706e+25
3.641334729676946880e-02 3.744698403688744030e+25
3.641463293187056222e-02 3.743371282314361468e+25
3.641667646703165839e-02 3.741092922545028401e+25
3.647851859029139360e-02 3.677809443471641334e+25
3.648775760141739072e-02 3.668755799891821398e+25
3.650696774869337941e-02 3.650117884315381002e+25
3.653839991202662701e-02 3.620190154452710965e+25
3.656243476731287773e-02 3.597605340664231344e+25
3.663037229613988477e-02 3.534726957469678061e+25
3.663344542302413021e-02 3.531934892022264624e+25
3.666627784828342673e-02 3.502075160302292403e+25
3.668860516554361267e-02 3.481759255761403655e+25
3.668965521248594708e-02 3.480732235198924418e+25
3.670304932429228895e-02 3.468699040209257360e+25
3.672136790393359246e-02 3.452057853335093923e+25
3.675208407734310845e-02 3.424432497673947469e+25
3.678868069944516567e-02 3.391595737155509440e+25
3.679228517687277433e-02 3.388348953069202439e+25
3.680734894727165363e-02 3.374723170822705724e+25
3.681095342469926923e-02 3.371550858257275403e+25
3.682601719509817628e-02 3.358091735049236210e+25
3.690260009490573673e-02 3.289471702102776304e+25
3.691487728788771933e-02 3.278487380546189417e+25
3.695360662848085759e-02 3.243930106573964257e+25
3.696195842782455665e-02 3.236610166162247002e+25
3.703599688050392830e-02 3.170554739289630571e+25
3.704594464430753520e-02 3.161714335443153506e+25
3.708965518502009562e-02 3.122899229446070978e+25
3.709789966055092314e-02 3.115578402921692768e+25
3.716891875792095040e-02 3.052472055327615231e+25
3.717701200072733719e-02 3.045271685332590578e+25
3.718049840190786048e-02 3.042191979517296009e+25
3.720124621199312476e-02 3.023913830239364953e+25
3.720473261317364805e-02 3.020598751955678424e+25
3.722548042325888457e-02 3.002249354668833812e+25
3.724914664579936224e-02 2.981183430808606651e+25
3.725616178558817382e-02 2.974966820111079835e+25
3.727085925205236155e-02 2.962044816468711788e+25
3.730979835495926850e-02 2.927754276847506698e+25
3.739430524649284271e-02 2.852909838519260983e+25
3.740071156414986192e-02 2.847286655755195123e+25
3.740910384266422223e-02 2.839744757471842524e+25
3.743581299286426883e-02 2.816236313261186187e+25
3.747157222122792647e-02 2.784512583536584960e+25
3.747396076799516806e-02 2.782389988258804452e+25
3.755501759549363661e-02 2.711039972225236261e+25
3.758051441789134889e-02 2.688453663551570833e+25
3.761540356517135975e-02 2.657460917293334178e+25
3.761627680888388059e-02 2.656737778833894963e+25
3.762992073061161014e-02 2.644627869841541245e+25
3.764293797519293466e-02 2.633151605172993218e+25
3.764403627319133638e-02 2.632252774939133999e+25
3.766881493366028982e-02 2.610546284414743337e+25
3.766930192841992653e-02 2.610190770278266721e+25
3.769608035651460243e-02 2.586472773128098124e+25
3.769817107697161912e-02 2.584609853899292431e+25
3.770170809523270411e-02 2.581539864952334846e+25
3.770268133919264797e-02 2.580626971628243967e+25
3.774219051470576597e-02 2.545932235481742126e+25
3.776547777516362642e-02 2.525228383339777377e+25
3.782315472025830905e-02 2.474399966493001577e+25
3.782765846440198226e-02 2.470434649323668760e+25
3.785294376376658471e-02 2.448166589450070885e+25
3.787925564922160065e-02 2.425024144130274393e+25
3.789122960277273300e-02 2.414339055937602326e+25
3.792829614754449769e-02 2.381603571373656158e+25
3.794540164038200797e-02 2.366471466433736046e+25
3.798871617362898495e-02 2.328214251232366830e+25
3.799153334141783245e-02 2.325669521455255497e+25
3.800468190620457515e-02 2.314217009673913423e+25
3.807186919660518476e-02 2.254654453887027787e+25
3.807665639308287220e-02 2.250493714043753727e+25
3.809784120471389202e-02 2.231849358525640408e+25
3.809995438033461634e-02 2.229935709876009168e+25
3.812113919196564310e-02 2.211228647657642490e+25
3.812325236758635355e-02 2.209397576543144824e+25
3.813567330102622666e-02 2.198416118297402840e+25
3.820473576142847938e-02 2.137342548773720566e+25
3.824496831802966929e-02 2.101748666644422656e+25
3.826829771906362782e-02 2.081011066751615534e+25
3.834065475246106053e-02 2.017126397267495031e+25
3.834093690983767649e-02 2.016772649312879818e+25
3.834101729944650733e-02 2.016717658521878381e+25
3.840767813485685550e-02 1.957745547588520577e+25
3.841976572204407886e-02 1.947047541611299620e+25
3.846263197274833734e-02 1.908997249000050553e+25
3.847551601944646654e-02 1.897491256335908269e+25
3.849678289752339611e-02 1.878561389206567031e+25
3.850966694422153919e-02 1.867220642343794633e+25
3.853093382229848263e-02 1.848335985305065215e+25
3.853855972980732569e-02 1.841598035944481009e+25
3.853970473592025631e-02 1.840562548184147735e+25
3.857481583044732737e-02 1.809410366387746115e+25
3.858150033668458767e-02 1.803457586380568932e+25
3.858565894871146540e-02 1.799690489879460141e+25
3.865637006588391877e-02 1.736811792252087359e+25
3.873212053157187168e-02 1.669161449208675993e+25
3.873954872607747457e-02 1.662570902263579116e+25
3.879019004321916653e-02 1.617312175550990889e+25
3.882427952365822416e-02 1.586774471528990989e+25
3.888274072645916263e-02 1.534292077160872501e+25
3.890143365665563180e-02 1.517513965947237908e+25
3.898057909644900287e-02 1.446375097499078340e+25
3.899195352306446954e-02 1.435997414424251723e+25
3.899247661918241875e-02 1.435532744240375126e+25
3.899296551248540577e-02 1.435043818733019737e+25
3.899405010790239767e-02 1.433992771234242903e+25
3.899781027571368880e-02 1.430675622400199538e+25
3.901024608714602493e-02 1.419525523219724445e+25
3.901532269329640451e-02 1.414962650301603114e+25
3.902178068754500601e-02 1.409168770801354265e+25
3.902685729369538559e-02 1.404604071941559714e+25
3.907623253508809430e-02 1.359605211859780822e+25
3.914963011060277470e-02 1.293014682524112040e+25
3.915919290216885590e-02 1.284278086260070219e+25
3.918974509223949187e-02 1.256394307649904443e+25
3.921578600588804253e-02 1.232570143050379833e+25
3.930289915359740094e-02 1.152221827143422833e+25
3.930811892980926037e-02 1.147449115271005899e+25
3.935263289078357735e-02 1.106141136119886100e+25
3.936241632300525178e-02 1.097033288630991328e+25
3.945616819659202718e-02 1.009105849770785680e+25
3.947695018604027023e-02 9.895305024114998368e+24
3.947729147437778474e-02 9.891685282790207794e+24
3.949807346382605555e-02 9.693616525497930527e+24
3.949841475216355619e-02 9.690608505067940790e+24
3.950202611813379699e-02 9.656397482317828808e+24
3.951804358632342307e-02 9.503934656063100437e+24
3.955161399217255180e-02 9.181430426750624247e+24
3.958964501900866240e-02 8.811942111759811106e+24
3.959369404506462436e-02 8.772730085494891171e+24
3.964201576392940851e-02 8.299768094571029965e+24
3.965528065966677368e-02 8.166917986100234311e+24
3.969990771039826061e-02 7.724436172779286128e+24
3.971569600692829299e-02 7.565139636163629688e+24
3.976471578304604376e-02 7.068098568777681303e+24
3.978464067081011191e-02 6.863676218110402798e+24
3.981017040178785188e-02 6.599646887892687469e+24
3.982325052739706106e-02 6.464518516158469857e+24
3.984392365712480927e-02 6.249768938648333988e+24
3.985311967734314620e-02 6.154529817711370243e+24
3.987251451637619654e-02 5.952314840127457383e+24
3.990081146547289070e-02 5.659763234597653300e+24
3.990963575965032761e-02 5.567754326436456411e+24
3.993123668191442266e-02 5.345682126376383206e+24
3.994932445209043587e-02 5.161263124773992038e+24
3.995450550987919569e-02 5.108407686259233549e+24
3.995795540469765372e-02 5.073939743917228509e+24
3.997808817497786049e-02 4.872458486901970534e+24
4.002842026576249046e-02 4.389124022463893871e+24
4.003024995816494708e-02 4.372791299170339236e+24
4.004761536205218159e-02 4.212392743283636188e+24
4.005309812071349701e-02 4.162620542226150837e+24
4.005719011967514426e-02 4.126683931754100486e+24
4.005835929189277556e-02 4.116323622990996293e+24
4.007965556315355032e-02 3.931703182375861923e+24
4.010241213201232863e-02 3.742794458248398930e+24
4.015362408052534915e-02 3.356546825336603021e+24
4.016102207501802412e-02 3.305483287603207020e+24
4.016595165796954525e-02 3.271437455311635162e+24
4.018224069813227523e-02 3.164112785082868677e+24
4.018448157763132578e-02 3.149482658948290550e+24
4.020073496804444507e-02 3.047698599920247385e+24
4.020505891751356697e-02 3.021621557363532079e+24
4.023262751149658117e-02 2.863828403737708762e+24
4.028022537687161314e-02 2.622649133776825863e+24
4.032053566042041737e-02 2.445287693518764058e+24
4.036160666958719945e-02 2.291208040992257937e+24
4.040679510097545252e-02 2.145614424170823781e+24
4.042191235629588597e-02 2.101263182132940177e+24
4.047802312197038010e-02 1.955057867172895496e+24
4.051815442166082498e-02 1.866617106003210950e+24
4.054620833483466719e-02 1.811585293352187845e+24
4.054932930094112126e-02 1.804835941348683022e+24
4.058886811071333450e-02 1.734362543915191694e+24
4.062048678645216460e-02 1.683639077168780535e+24
4.065013861344757978e-02 1.640215725289345569e+24
4.070468886447622253e-02 1.569561298860909219e+24
4.072618544875679369e-02 1.544132155862673831e+24
4.076362064102335286e-02 1.503375901759219498e+24
4.117850535580021287e-02 1.210644544355932033e+24
4.129525924180538210e-02 1.159071587254243974e+24
4.145938352029911872e-02 1.101170949133462579e+24
4.156021615065540881e-02 1.071293257795807643e+24
4.175577689167997431e-02 1.021242201910234290e+24
4.178179469328330981e-02 1.015256617386221263e+24
4.187093245468304081e-02 9.952898305613155281e+23
4.196833352710942211e-02 9.749831730592132398e+23
4.233304842755970798e-02 9.132752969076168081e+23
4.244825436393129259e-02 8.969416571603502550e+23
4.250431439315308091e-02 8.886898398264721398e+23
4.268180590633781357e-02 8.684252787257393629e+23
4.270407021782147983e-02 8.651181643733085937e+23
4.271951629065481176e-02 8.637557759258885441e+23
4.290788485029352339e-02 8.435028301783537088e+23
4.299077821737834482e-02 8.360772597598974168e+23
4.302437774794171804e-02 8.322027731047304911e+23
4.307280885546271865e-02 8.286091432367748819e+23
4.314782781032958786e-02 8.229324764345244100e+23
4.326204014410186399e-02 8.136567880605451241e+23
4.342227664086726474e-02 8.032598445418937340e+23
4.359885821432347291e-02 7.925021796887298845e+23
4.366598530755920471e-02 7.891144867315385851e+23
4.392519594910790359e-02 7.774477338925897739e+23
4.398996987798538261e-02 7.738288490438794181e+23
4.425153368389234815e-02 7.650418668652184333e+23
4.439254203181528663e-02 7.613231264527345412e+23
4.444587145686427349e-02 7.605139100179009540e+23
4.448088028026275093e-02 7.592553158165596985e+23
4.453661010355500910e-02 7.571509097719749967e+23
4.457866932921104169e-02 7.565023760474521049e+23
4.464020922983621270e-02 7.555670011323054419e+23
4.471959686116237787e-02 7.542445476892253020e+23
4.483454700280814498e-02 7.515642533632683362e+23
4.496993433091546477e-02 7.498034697948118762e+23
4.501243673446990445e-02 7.491235878206432545e+23
4.506895531685029682e-02 7.485567835309440615e+23
4.507019419804583066e-02 7.485676512072209185e+23
4.518296542162214546e-02 7.475268741989977461e+23
4.518348918957957455e-02 7.475293600970897212e+23
4.525109274968902584e-02 7.468382542917931568e+23
4.529670380377936317e-02 7.459995213549906092e+23
4.530411448523953555e-02 7.459254658281190782e+23
4.535480114787665551e-02 7.452063826593399869e+23
4.535581403350641416e-02 7.451967844719506007e+23
4.539883343006904243e-02 7.447132607441020083e+23
4.541763266973994351e-02 7.446418143582291031e+23
4.541812893603320439e-02 7.446891736939317040e+23
4.547828597716744442e-02 7.431154540520169475e+23
4.548005826888360664e-02 7.430406931887195318e+23
4.549434648087605920e-02 7.426012571538282670e+23
4.551107844408752712e-02 7.421694962691319561e+23
4.553973099320714202e-02 7.411694782411126059e+23
4.556452963607411644e-02 7.402142157638078772e+23
4.561759771323385670e-02 7.380082713206785908e+23
4.565205263923256124e-02 7.359592451144551246e+23
4.567964061659258307e-02 7.341437698799907509e+23
4.569452206526250504e-02 7.331025978023344372e+23
4.570761821707851336e-02 7.322994632625653379e+23
4.573483999092924773e-02 7.297545342033386464e+23
4.575582171889634037e-02 7.277701833401382396e+23
4.577544526435621541e-02 7.257519100498443858e+23
4.580047064155999548e-02 7.231887431830948681e+23
4.581389175709935091e-02 7.214146407660876024e+23
4.583649918683146279e-02 7.182368663453287181e+23
4.584775676569632918e-02 7.166272251157232652e+23
4.587533693121056966e-02 7.127825780642018314e+23
4.590785431092300056e-02 7.077632082315675204e+23
4.593721900750386000e-02 7.029391411406054202e+23
4.594558648823144492e-02 7.014223529542408701e+23
4.599906894255571810e-02 6.911635068942212022e+23
4.600168567226188554e-02 6.908985957621964158e+23
4.604468783460752973e-02 6.864280381517580825e+23
4.605265111382417231e-02 6.855549667715634011e+23
4.608043978813974179e-02 6.827360308527071536e+23
4.609551703360078440e-02 6.810539705133284605e+23
4.613000390858008892e-02 6.772017950599341366e+23
4.615339587673790434e-02 6.747813225556540287e+23
4.615932832970772587e-02 6.741115134286761327e+23
4.617002247475686383e-02 6.729504484652361512e+23
4.617616030507337016e-02 6.719288612819336073e+23
4.617969121775202662e-02 6.715329484821508768e+23
4.619066237533344527e-02 6.698796388748023080e+23
4.622822240087005180e-02 6.658538082810378238e+23
4.624261671302341142e-02 6.643422433288393557e+23
4.624645640497912491e-02 6.639347571810916893e+23
4.624812187069417269e-02 6.637432022196958947e+23
4.625001403953733770e-02 6.635417759632780228e+23
4.628601144927690925e-02 6.602386328118554295e+23
4.628639477170115590e-02 6.602058952514603770e+23
4.628679363834439786e-02 6.601555388843547175e+23
4.628725755685678123e-02 6.601029507982630417e+23
4.629708740723586374e-02 6.589659536358579267e+23
4.635642397463233394e-02 6.517820270648559309e+23
4.636883862192179434e-02 6.503561128169194201e+23
4.640222780348757237e-02 6.465500359071620588e+23
4.640901514702253094e-02 6.457794675318846474e+23
4.642535003940710669e-02 6.439224609994413273e+23
4.642694293016714352e-02 6.437270239130137007e+23
4.651770788567549664e-02 6.332399205037419277e+23
4.652874973648608165e-02 6.319039531263506053e+23
4.655382151143495212e-02 6.290484690765914550e+23
4.655411055728795461e-02 6.290308224468714458e+23
4.660627377715448327e-02 6.230196521492272067e+23
4.661920711318656707e-02 6.214600218984101509e+23
4.662391154712163671e-02 6.209286631525156966e+23
4.666977781842274881e-02 6.149446221356141495e+23
4.668779633466606932e-02 6.131793414959604685e+23
4.670345378445025369e-02 6.112911416157043677e+23
4.670872254175681415e-02 6.106477234458978073e+23
4.674723901667928588e-02 6.062066987805601348e+23
4.674889656212766892e-02 6.059575732857848212e+23
4.676693172715863656e-02 6.038392543461295931e+23
4.676845978891127492e-02 6.036547759052036621e+23
4.678189970660695529e-02 6.018280169925012850e+23
4.680940512131596259e-02 5.984165759809854605e+23
4.685523462545814616e-02 5.926565809553017259e+23
4.691500934812325996e-02 5.856563337623257230e+23
4.691750846919081480e-02 5.853023907102872295e+23
4.693014335092850209e-02 5.837768256548133111e+23
4.698173273741796524e-02 5.764834416037763083e+23
4.698862485327533201e-02 5.755599451160775733e+23
4.701652059713398030e-02 5.722378021388315473e+23
4.701961234498983067e-02 5.718657306278557374e+23
4.704750808884845120e-02 5.682587127714927304e+23
4.710187527726885509e-02 5.613120353367709754e+23
4.710855131079379893e-02 5.604566442594991813e+23
4.714386233089388339e-02 5.558658112607376229e+23
4.715874156641459980e-02 5.538903561170852155e+23
4.720885183957985315e-02 5.472960675618896426e+23
4.723969569594906742e-02 5.434782011264071631e+23
4.724564490752729273e-02 5.426925625082263519e+23
4.726626782259458343e-02 5.400052057594187125e+23
4.726965792770410763e-02 5.395537011284052038e+23
4.727049221467467810e-02 5.394342221115641488e+23
4.734470038264309427e-02 5.291731524149220087e+23
4.734819551921523595e-02 5.286879698531161536e+23
4.737415414776884048e-02 5.252781090071500261e+23
4.738002333013673767e-02 5.244399742425262132e+23
4.738069441929509962e-02 5.243082623775618682e+23
4.738243634203193749e-02 5.240746633287586661e+23
4.738824186677689787e-02 5.232798169832121749e+23
4.738998357313110865e-02 5.230685889871211355e+23
4.739075785313461714e-02 5.229597900783858640e+23
4.739644793800813771e-02 5.222221516500022958e+23
4.740054808118990964e-02 5.217073333595482379e+23
4.740262295097573408e-02 5.214298032748729268e+23
4.742244768189358278e-02 5.188881152502875449e+23
4.751612402351983871e-02 5.056713021995521178e+23
4.760049218467445054e-02 4.943488341118275373e+23
4.760098455926575073e-02 4.942755451887155654e+23
4.762250064625782320e-02 4.906070811938013535e+23
4.765224932225497340e-02 4.867109830767148720e+23
4.767844631050212334e-02 4.830256115627896571e+23
4.776838842481774539e-02 4.705152871067439218e+23
4.778837462099012195e-02 4.676389101754282295e+23
4.779367062202206223e-02 4.668901104990838871e+23
4.782179459301944685e-02 4.629144043997316493e+23
4.783449334931417357e-02 4.609160624088111372e+23
4.787536955032457853e-02 4.552464705112292039e+23
4.791145922999815593e-02 4.497599547221292289e+23
4.791472265010562198e-02 4.492701678500857040e+23
4.791673949993545401e-02 4.489784506867256603e+23
4.794951105009114672e-02 4.442725984529135719e+23
4.794996786983782289e-02 4.442053654660641550e+23
4.795373588003574994e-02 4.436736558542604615e+23
4.797633927635619466e-02 4.403417736661834085e+23
4.798798909326066481e-02 4.384533653180484231e+23
4.800347682352656964e-02 4.363945697669870455e+23
4.801300475165085763e-02 4.350078611742787465e+23
4.803408967438958788e-02 4.319127605085539087e+23
4.804950867925258245e-02 4.296519013482854068e+23
4.809294903300177088e-02 4.232451319289357491e+23
4.810641705917972910e-02 4.208370443169542491e+23
4.812696882221439987e-02 4.178254296976799815e+23
4.816725167901651089e-02 4.119209252888372975e+23
4.818194610931984811e-02 4.097922041296851084e+23
4.820377436317955372e-02 4.065710572655333668e+23
4.822582964491344687e-02 4.034804614297195507e+23
4.823270606184618808e-02 4.024439641245250476e+23
4.823893235598800816e-02 4.015167348851952541e+23
4.824408182659216393e-02 4.007557978552305996e+23
4.825362416014638417e-02 3.993179562254116365e+23
4.828148406193169540e-02 3.951807032274593828e+23
4.833207474949537119e-02 3.871597683409723117e+23
4.833400882539419519e-02 3.868764870623129785e+23
4.833483452062105334e-02 3.867677617927446635e+23
4.836355595829047727e-02 3.824039344661610302e+23
4.836438165351736318e-02 3.822793050869169641e+23
4.839310309118678710e-02 3.778701661658457299e+23
4.839573899959546954e-02 3.774720450481534135e+23
4.846605627292344814e-02 3.670488594042530562e+23
4.846868144299558423e-02 3.666505141277161675e+23
4.846872492110190778e-02 3.666507423537047840e+23
4.852903368034416909e-02 3.572427947936727559e+23
4.853073451076046763e-02 3.569851782442885411e+23
4.861667725399347606e-02 3.435672077506372834e+23
4.862101380014817453e-02 3.428987874214303656e+23
4.866240341680196785e-02 3.362907627232332318e+23
4.866770616278877359e-02 3.354059968808614720e+23
4.875874851360362250e-02 3.213711787135752859e+23
4.877330267919444823e-02 3.192281637922186493e+23
4.877681458819625032e-02 3.186944042745114070e+23
4.878658169288054708e-02 3.171157893951697097e+23
4.879009360188237693e-02 3.165524661433064416e+23
4.879986070656663899e-02 3.149904864023227096e+23
4.880337261556844802e-02 3.144313131174776852e+23
4.889695869857322436e-02 2.993892287152086476e+23
4.889721398626852011e-02 2.993466888735262276e+23
4.889723561941289320e-02 2.993393864547962412e+23
4.893922717234146236e-02 2.923856759665604575e+23
4.894617842224591175e-02 2.912367711576847936e+23
4.902267702075458616e-02 2.785618246101320010e+23
4.903333042341759263e-02 2.769832599517808202e+23
4.907910973232704199e-02 2.697214282439157455e+23
4.909784920355073773e-02 2.666072396458200777e+23
4.914814005524065915e-02 2.581995983380158444e+23
4.916843644390787166e-02 2.548186330184568317e+23
4.917750308707655865e-02 2.532974951273059016e+23
4.919779947574375034e-02 2.498878955017914464e+23
4.924000402789981135e-02 2.422028248766824988e+23
4.925351441406787545e-02 2.400839999677791082e+23
4.926011626893651157e-02 2.389742337930500768e+23
4.926026626469737907e-02 2.389473664043948358e+23
4.927056600542539799e-02 2.368418349226424973e+23
4.927256919709139399e-02 2.365073791544170528e+23
4.927260240459802737e-02 2.365053714505324487e+23
4.928764711153826167e-02 2.341286373402485142e+23
4.937006557345034741e-02 2.203203709690138549e+23
4.937816273145882728e-02 2.189166966323383087e+23
4.937870757223857682e-02 2.188245076636411458e+23
4.946716670823204237e-02 2.035220046659265946e+23
4.947745430427361729e-02 2.017069577955285485e+23
4.948349662978514946e-02 2.006386808784518507e+23
4.948647649179582775e-02 2.001110644624849476e+23
4.948842328857317591e-02 1.997593038315746094e+23
4.952861922146280238e-02 1.925737371693706211e+23
4.954894391402449305e-02 1.888997042845848091e+23
4.954904209493041917e-02 1.888790598405211805e+23
4.956649008660456157e-02 1.859617100772114233e+23
4.956881237288641995e-02 1.855377613361552378e+23
4.959306054799541424e-02 1.809214641013538286e+23
4.960886007780794527e-02 1.779841669247570301e+23
4.963860158382340376e-02 1.723903637503444213e+23
4.966478464426803824e-02 1.675063421647734136e+23
4.967927025326018819e-02 1.648109623818254308e+23
4.968857356113791368e-02 1.630170625744751024e+23
4.972536702105398443e-02 1.561548875137943308e+23
4.974417625504238410e-02 1.524906083378630681e+23
4.976439081407482007e-02 1.485483712561441617e+23
4.977358810664242461e-02 1.467392149491949555e+23
4.979006377425482938e-02 1.434711406617064028e+23
4.981795736370819155e-02 1.379654893984330642e+23
4.983869902080405312e-02 1.338398942823856095e+23
4.987534503354236481e-02 1.264841622013387148e+23
4.989155398737173813e-02 1.232100703939670961e+23
4.993502467481782808e-02 1.145744218330728130e+23
4.994720534090309888e-02 1.121662010499136320e+23
4.995109219855831811e-02 1.114071653357318675e+23
4.997326868294177382e-02 1.070991211824101573e+23
4.999812664771411536e-02 1.025216111593469604e+23
5.000539755611733278e-02 1.010257175343711094e+23
5.000593741006109649e-02 1.009545424566013552e+23
5.006031198934868254e-02 9.112499977579954124e+22
5.013110508211973682e-02 7.953030535719479883e+22
5.013315762607023496e-02 7.922107943505502195e+22
5.013477685693761704e-02 7.899420796154149863e+22
5.017947071498012751e-02 7.283517275828474662e+22
5.022396025393720959e-02 6.757381925313690416e+22
5.026237785359442822e-02 6.358079186726701289e+22
5.027019717519165543e-02 6.283681210070053421e+22
5.029862944061155861e-02 6.008844524221568857e+22
5.030312033426087570e-02 5.971873189869980012e+22
5.030610640574187387e-02 5.946348428709014274e+22
5.031148836509133360e-02 5.904126808810424631e+22
5.031393863665581390e-02 5.883422814755919967e+22
5.036939716801234340e-02 5.493696812602014617e+22
5.038155536188206746e-02 5.410467534669571162e+22
5.049570928864642594e-02 4.800081439410702674e+22
5.053537089979343033e-02 4.611035918977518377e+22
5.057876439109610517e-02 4.444595551334921614e+22
5.066784938323351528e-02 4.171761345926587744e+22
5.074853854586161561e-02 3.985900422258558920e+22
5.075717052937876034e-02 3.967692474404303169e+22
5.076486812058739889e-02 3.951313122411344298e+22
5.093980829934892374e-02 3.614074542040881195e+22
5.105952668219407992e-02 3.502032872577967115e+22
5.110514323694812650e-02 3.452685948672180801e+22
5.114990750309139633e-02 3.420979445918066121e+22
5.121455175373335750e-02 3.300504339970971088e+22
5.127693223517896387e-02 3.271595778063326826e+22
5.139552110654931061e-02 3.186943359507924779e+22
5.149425936907656848e-02 3.112843885199688624e+22
5.157649045936527066e-02 3.056843337767280076e+22
5.165499625484643725e-02 3.000158587653101034e+22
5.175745981218122377e-02 2.909210420626921934e+22
5.189497986660806389e-02 2.833453538467085130e+22
5.207270652002912725e-02 2.791987174037923457e+22
5.214868657909133010e-02 2.759621238302701519e+22
5.234514321696810690e-02 2.659367991276690054e+22
5.239858994645338330e-02 2.641456885644834059e+22
5.247400972468441865e-02 2.608799433290564606e+22
5.272785110441590567e-02 2.523550723171436986e+22
5.280492668049039523e-02 2.502557758607634255e+22
5.314119274862828812e-02 2.417119335783540248e+22
5.314621695867779300e-02 2.416092021212532074e+22
5.323709638938473043e-02 2.412603396425038954e+22
5.350648933929481182e-02 2.389367668962238661e+22
5.355453439284064976e-02 2.385616582026173874e+22
5.391596618724921186e-02 2.303222870369985836e+22
5.396787603705303221e-02 2.306326717447009416e+22
5.428242366241523009e-02 2.269298944975762673e+22
5.429478737302975005e-02 2.268492776835554843e+22
5.436426134842307217e-02 2.265668765489215570e+22
5.446903230884760083e-02 2.265570225301251896e+22
5.448767753287803856e-02 2.264569253817593155e+22
5.464327724466545161e-02 2.259568705871595491e+22
5.468781099019572739e-02 2.259658979208374885e+22
5.475879378136670750e-02 2.260459693171505155e+22
5.478790966630497222e-02 2.240379496505024289e+22
5.487803844057073666e-02 2.243690783832825607e+22
5.490183875750270087e-02 2.243520589610080849e+22
5.505040498622217754e-02 2.250206722334261877e+22
5.505598654205832998e-02 2.249696942656550076e+22
5.506355290961990195e-02 2.250125118218317909e+22
5.516040027033994320e-02 2.236737016525944049e+22
5.529068683596528866e-02 2.264050676522436841e+22
5.534756083238129287e-02 2.265620512142719451e+22
5.537144615961529792e-02 2.268039849855122670e+22
5.548272156968658830e-02 2.278545881687919061e+22
5.548546665433153058e-02 2.278474661231104885e+22
5.549956168842332116e-02 2.280040138037732888e+22
5.551581021663681836e-02 2.273957255993518929e+22
5.552122634251210886e-02 2.277236316870642814e+22
5.559539199965524842e-02 2.277377814936289909e+22
5.563292249860239680e-02 2.278616158837720639e+22
5.564168130903651005e-02 2.278105112026049570e+22
5.565658091228684740e-02 2.259642883780638251e+22
5.568718558856763229e-02 2.220847058119255969e+22
5.568905407686366993e-02 2.220647259351853249e+22
5.569752106226380506e-02 2.220011218768906473e+22
5.573622590978675323e-02 2.229492475495222503e+22
5.576755240143619480e-02 2.218025853232443136e+22
5.578552964824635280e-02 2.230643523059865931e+22
5.580649162080757175e-02 2.221724316458576511e+22
5.584711743803536660e-02 2.201929888435957400e+22
5.586337343003964367e-02 2.192071555680616369e+22
5.587793119183059876e-02 2.183294164860469563e+22
5.589105544303243911e-02 2.167474323899266210e+22
5.591572340972591343e-02 2.137830190486322047e+22
5.595919445864310643e-02 2.099662614977692723e+22
5.602383537859220025e-02 2.059957555700828838e+22
5.603822344440204800e-02 2.058272814101996922e+22
5.604202525925353756e-02 2.057875101577606752e+22
5.604700652712092668e-02 2.057576146963395930e+22
5.605240903169874528e-02 2.074106527438574138e+22
5.605540047039921092e-02 2.073445281317102446e+22
5.605766761312122592e-02 2.072814094499089429e+22
5.607658817052754013e-02 2.071618352813854163e+22
5.613135335152313193e-02 2.062105559620945078e+22
5.617008980003258822e-02 2.076675460796934573e+22
5.618683645775780083e-02 2.056788094766622441e+22
5.619692114605541466e-02 2.054929549639568222e+22
5.620830051432848529e-02 2.053015482578912674e+22
5.622118104622370743e-02 2.051682704290442799e+22
5.623215955653605019e-02 2.049875828171093102e+22
5.626232241785628779e-02 2.041383173527979636e+22
5.628524767713385252e-02 2.036287986389798093e+22
5.629610500401558554e-02 2.033926701928644660e+22
5.630627573865638197e-02 2.032145897036655362e+22
5.633833734528215925e-02 2.047832041398583532e+22
5.639994438757606893e-02 2.031891777168554852e+22
5.643358174416340800e-02 2.024978205900642294e+22
5.645074395942568241e-02 2.020525353737744548e+22
5.646648024309144920e-02 1.998343314324186359e+22
5.651786830032157899e-02 1.986936567516103075e+22
5.652603574860488173e-02 1.985196381262921597e+22
5.657381049815426999e-02 1.988855429549931469e+22
5.664003031979473329e-02 1.970462988626392043e+22
5.673821181468315100e-02 1.943904234918822439e+22
5.674485594117372605e-02 1.942161801306033252e+22
5.678619976926627816e-02 1.929238930083778711e+22
5.678695613317021051e-02 1.929100441472888052e+22
5.679458818489434985e-02 1.926524012942904944e+22
5.679662397819622982e-02 1.925556149294161776e+22
5.680638198401446320e-02 1.922319555773676598e+22
5.680841777731631542e-02 1.921542664576899534e+22
5.681817578313454881e-02 1.917912452990177903e+22
5.682021157643640102e-02 1.917405685266191378e+22
5.684895601882854893e-02 1.909031170087384095e+22
5.691064301376895507e-02 1.870952872470317420e+22
5.693205109162501748e-02 1.863456747307079513e+22
5.694297990754075556e-02 1.859303052117080749e+22
5.701736498448683327e-02 1.849892193170899337e+22
5.702375223809778848e-02 1.829188141916452658e+22
5.706157389369475447e-02 1.815813277862969999e+22
5.706561575132979014e-02 1.814408326773266291e+22
5.706620256455772339e-02 1.814233631413756966e+22
5.713360581490762452e-02 1.786457416094717051e+22
5.713664100764066778e-02 1.785334846016349798e+22
5.715878457958327441e-02 1.775646910326998512e+22
5.716181977231631073e-02 1.774538327083839599e+22
5.717979894952322090e-02 1.766695346548153254e+22
5.719965681074608288e-02 1.758778753475018752e+22
5.722790362990687330e-02 1.747709292228268314e+22
5.725665674596967097e-02 1.752505331521179091e+22
5.730545591160567803e-02 1.731950224553807970e+22
5.737704424064892644e-02 1.678579171144375678e+22
5.740059364804284137e-02 1.685715229429904651e+22
5.744311110491990419e-02 1.666509528099879649e+22
5.747293385109871616e-02 1.652075347526178518e+22
5.755443167055177695e-02 1.610488746190691526e+22
5.756907540769222453e-02 1.603233100878346348e+22
5.762956546387016515e-02 1.571895076345560537e+22
5.766456592737033426e-02 1.553954934459473068e+22
5.767111740984016965e-02 1.550786601112491891e+22
5.769113003169382831e-02 1.540427235774874360e+22
5.769586822713929086e-02 1.537272574085747127e+22
5.772927790458459024e-02 1.520783613878707893e+22
5.773861289702832134e-02 1.516018597830521468e+22
5.774697090070736449e-02 1.511535908136769552e+22
5.776412155191176789e-02 1.502161880168770883e+22
5.781058728997652552e-02 1.475873130000016631e+22
5.783200019628204763e-02 1.463669442039845067e+22
5.792969430587605745e-02 1.406957514023577321e+22
5.795323945808886906e-02 1.393486047435489385e+22
5.800597388735423410e-02 1.361480065098618556e+22
5.802999564355570267e-02 1.330307126985387042e+22
5.811241771104475734e-02 1.279682434116547405e+22
5.814445670574996256e-02 1.260431971937031920e+22
5.820136048473193574e-02 1.224563618733513035e+22
5.821876807224194567e-02 1.214244594037277327e+22
5.823492957938616182e-02 1.203319411062231322e+22
5.824228744706999583e-02 1.198646806415203002e+22
5.824872589351543645e-02 1.194328551331111056e+22
5.825920725789143079e-02 1.182686693629932601e+22
5.826928710035164660e-02 1.176089553763929424e+22
5.827893476549963342e-02 1.169417778073472650e+22
5.828909562054159638e-02 1.167100388551722166e+22
5.833436116064859289e-02 1.136240871861611030e+22
5.838361046309172714e-02 1.102649538504973038e+22
5.841590163412491155e-02 1.081395203884625324e+22
5.845742298445093243e-02 1.050356736775292558e+22
5.852849727319447276e-02 1.010295236030748846e+22
5.855731949919417562e-02 9.891188733250564522e+21
5.860419826395197457e-02 9.351720715154099274e+21
5.862575034836026849e-02 9.189876685708836471e+21
5.872229795569069294e-02 8.587890285469597958e+21
5.873102853529664491e-02 8.513578096749393740e+21
5.873436031934205909e-02 8.486876799351880942e+21
5.873683331415188030e-02 8.492533954088016019e+21
5.874844195940943231e-02 8.388304006430197809e+21
5.875573243475937929e-02 8.324973203077986255e+21
5.875819728919525614e-02 8.301968459882261643e+21
5.876829557570382306e-02 8.213731920574577377e+21
5.877715701384156333e-02 8.127312392991998476e+21
5.879688077398220747e-02 7.952952877444836098e+21
5.881378897117930937e-02 7.803464791009785807e+21
5.885530252005072988e-02 7.425914034818403795e+21
5.886343107843137329e-02 7.355009430797768720e+21
5.890114335459026990e-02 6.985936279010178761e+21
5.890387501408793358e-02 6.961582548995093299e+21
5.894504923374774275e-02 6.576374623887933047e+21
5.896639051217505284e-02 6.336273291904804717e+21
5.896905486704116101e-02 6.309048012622824210e+21
5.899890085318110905e-02 6.035697964188326429e+21
5.902374460170474457e-02 5.818961653765839520e+21
5.904043841854152153e-02 5.685452008187543683e+21
5.904594453894928402e-02 5.642059347366088016e+21
5.906934994591872545e-02 5.459873791312956228e+21
5.907491472326543980e-02 5.416945427779957031e+21
5.909331082290771031e-02 5.271069597203511116e+21
5.911384748256976601e-02 5.107210866514651513e+21
5.911827198404542155e-02 5.072819466479569207e+21
5.913011111639505241e-02 4.987280510748438036e+21
5.914495338168005573e-02 4.884991746622753866e+21
5.916243169360619475e-02 4.769731122313375515e+21
5.922517153018362623e-02 4.319570314675552256e+21
5.923141937926797163e-02 4.285528090814861279e+21
5.924006008218253572e-02 4.243577866101378777e+21
5.924218966938445824e-02 4.233125602055233208e+21
5.930390904278785152e-02 3.949219020950268281e+21
5.933761865132199803e-02 3.791896778437651595e+21
5.933873809729414694e-02 3.787988892443974042e+21
5.937747232659096319e-02 3.652330923695873720e+21
5.939330552402040386e-02 3.607123719966163993e+21
5.939474587427942542e-02 3.603139466620124529e+21
5.944574271318164849e-02 3.467175047140037624e+21
5.945366582740160832e-02 3.452301278103365747e+21
5.945396808817545592e-02 3.451685801602134311e+21
5.953810083782463958e-02 3.265326469471189598e+21
5.958725253072292422e-02 3.214521923417866764e+21
5.962612769687981873e-02 3.098950929722599014e+21
5.965382867375947779e-02 3.052507723476046447e+21
5.966839581391304020e-02 3.036175516315413381e+21
5.969120165522194543e-02 3.002589523046162235e+21
5.970631793460304260e-02 2.983864309858995536e+21
5.977747162422761273e-02 2.910828925967914762e+21
5.988272825071360578e-02 2.808449738972153774e+21
5.989710113966294908e-02 2.732259030678874620e+21
5.990136817395218249e-02 2.729384329187446751e+21
5.997246106912008240e-02 2.683204134726520013e+21
6.008599341286627316e-02 2.660573820174561444e+21
6.010401856794201497e-02 2.600174431069522100e+21
6.011213212805881917e-02 2.596693892900335387e+21
6.011647330315725984e-02 2.594839235312374776e+21
6.015891191613277622e-02 2.567276206573341377e+21
6.018431314335635773e-02 2.550982331280028336e+21
6.029430340228041085e-02 2.497078603518757044e+21
6.031237558997794290e-02 2.529188396365105332e+21
6.033188889260971549e-02 2.520439240995913073e+21
6.036308410045724410e-02 2.508372294173143859e+21
6.054349949486422661e-02 2.392380158233959989e+21
6.062517410641517224e-02 2.364371976472789778e+21
6.074049212510033297e-02 2.323604731169263321e+21
6.082080391824990634e-02 2.301838809044500349e+21
6.085555802589993901e-02 2.294192866025902440e+21
6.093241541193757799e-02 2.255182231461431345e+21
6.097032461220071309e-02 2.246513587940414718e+21
6.107527524738276536e-02 2.219884765342223565e+21
6.122378367124506338e-02 2.182475117477971624e+21
6.125350306131813888e-02 2.193122206686155637e+21
6.145461486272418145e-02 2.132811552152566104e+21
6.146401759395135611e-02 2.132262317250348581e+21
6.196855186988787373e-02 2.011343517297421582e+21
6.238728637350938327e-02 1.887628174881510916e+21
6.262673509457132581e-02 1.877112015186898190e+21
6.280907412623928932e-02 1.854470807377798496e+21
6.308132754280962318e-02 1.826821301284923769e+21
6.308697165874582735e-02 1.826478819727042413e+21
6.308980049017123837e-02 1.822658309301969879e+21
6.368591161364266229e-02 1.748643055553550483e+21
6.389522938075027636e-02 1.727003353642798154e+21
6.397452344540863201e-02 1.720026405342676779e+21
6.401713790098867429e-02 1.721921295649252835e+21
6.407378315063752550e-02 1.712629337944179868e+21
6.426299136113446109e-02 1.702525721329918018e+21
6.459663228045173233e-02 1.475166340429288833e+21
6.495176383945221177e-02 1.558149097920561414e+21
6.497475449892380073e-02 1.557479744721835524e+21
6.522799562650481719e-02 1.518966971802857767e+21
6.552895811801451309e-02 1.479918922320265347e+21
6.559555483723111813e-02 1.464137223700161495e+21
6.567610164333827216e-02 1.450903271406815937e+21
6.570409803382175340e-02 1.450627075572188316e+21
6.572135621086860890e-02 1.453476450406377456e+21
6.598821178806529852e-02 1.365463497788687385e+21
6.631758956700777030e-02 1.326410175163592606e+21
6.654158684207800434e-02 1.300096394494768579e+21
6.656354537284210615e-02 1.302733960405772403e+21
6.722165094989325518e-02 1.301321531242941776e+21
6.730141279034503043e-02 1.288205140949345501e+21
6.733546002834731037e-02 1.280133102644375585e+21
6.740972490413255080e-02 1.275166303889634886e+21
6.754736859617933853e-02 1.254577043401113600e+21
6.765386458284373961e-02 1.233779047102911087e+21
6.816992491210246974e-02 1.287758771475986514e+21
6.835731778419820714e-02 1.304577426577250845e+21
6.837744368407686069e-02 1.128795675224214995e+21
6.899999999999996414e-02 1.181158562677648523e+21
