-7.105427357601002007e-18 2.293938121454291486e+24
1.449783608713062229e-05 2.293941188745833495e+24
7.600552165782659684e-05 2.293953411899633831e+24
1.697141683400218352e-04 2.293971858044117758e+24
5.162223086912049678e-04 2.294029034823033201e+24
7.551655787318126058e-04 2.294061340625153290e+24
8.018523443030716553e-04 2.294066833362543568e+24
9.128885949770122570e-04 2.294079579202304459e+24
9.806092129306662793e-04 2.294086975776819035e+24
1.056604074672676946e-03 2.294094634149504455e+24
1.272068677503796234e-03 2.294114955276139138e+24
1.441010216565359776e-03 2.294128423303973295e+24
1.806838974240186201e-03 2.294153481745913388e+24
1.862883325091253470e-03 2.294156570066949402e+24
1.907309487917046870e-03 2.294159149704614947e+24
1.977078859087420294e-03 2.294162867762135113e+24
2.015348048001676991e-03 2.294165001446095067e+24
2.063261819753399971e-03 2.294167289724299995e+24
2.206748883330078483e-03 2.294174037676464254e+24
2.442036960266158116e-03 2.294183447632402312e+24
2.795516898101425320e-03 2.294195024224552139e+24
3.303052845951974601e-03 2.294206468370334979e+24
3.513169920688511555e-03 2.294209737578444218e+24
3.613719899204802678e-03 2.294211126517860869e+24
3.726409298420677030e-03 2.294212465878721970e+24
3.888960448772195520e-03 2.294214273261902760e+24
4.152211593906073896e-03 2.294216140033682364e+24
4.327514597409909056e-03 2.294216828569684527e+24
4.410251530407826616e-03 2.294217046734356777e+24
4.461655360428757287e-03 2.294217280209424038e+24
4.825839810034878753e-03 2.294217563186467581e+24
5.153584677835354802e-03 2.294216800300661293e+24
5.193935029771815440e-03 2.294217142472051675e+24
5.216076587405019636e-03 2.294217035240099801e+24
5.594025567345376274e-03 2.294215266765860432e+24
5.614992633039918302e-03 2.294215260754699367e+24
5.757387824140174602e-03 2.294214104550545350e+24
6.333167316551041245e-03 2.294474193414892657e+24
6.729653298966695521e-03 2.294470803563117558e+24
6.926600822038601023e-03 2.294468687000454709e+24
7.010022507565530706e-03 2.294467829131390566e+24
7.433742355618221630e-03 2.294463338757682803e+24
7.727588079883446724e-03 2.294459939022009524e+24
7.879363226371630113e-03 2.294458172725624591e+24
8.006913813190422169e-03 2.294456907745745856e+24
8.236880815605595457e-03 2.294454062018125011e+24
8.287796980461784729e-03 2.294453132191621441e+24
8.333798908337236924e-03 2.294452747538615851e+24
8.626840935414265346e-03 2.294449050684833023e+24
9.062351286799818009e-03 2.294714746169289809e+24
9.100741452811740226e-03 2.294714289003027973e+24
9.151944586893166408e-03 2.294713579648241826e+24
9.982456826175821127e-03 2.294438711525648328e+24
1.016821641390457456e-02 2.294436303283430881e+24
1.017604942515644255e-02 2.294436195615093687e+24
1.111190690101184278e-02 2.294424368585981032e+24
1.112942643120095471e-02 2.294424380757267662e+24
1.138807236491887719e-02 2.294421086291405211e+24
1.164743287629668375e-02 2.294418043880470772e+24
1.167440164555698379e-02 2.294417561359823793e+24
1.177702164483698452e-02 2.294144865165649763e+24
1.178062844998216743e-02 2.294144813637124569e+24
1.178315340329508243e-02 2.294144838649284303e+24
1.226250217969354107e-02 2.294481016051842452e+24
1.260564643247948265e-02 2.294477087881491529e+24
1.280741867214901276e-02 2.294474745076588082e+24
1.284244429122601699e-02 2.294474207011395196e+24
1.315779601603038126e-02 2.294398248255085968e+24
1.324276761792032853e-02 2.294397441111195130e+24
1.414537043530663188e-02 2.294387371640719638e+24
1.426254276354360639e-02 2.294386104929260682e+24
1.436104755338257592e-02 2.294385151422449825e+24
1.437138380896016074e-02 2.294385042566552027e+24
1.440129676316703224e-02 2.294384795809244984e+24
1.549999999999999989e-02 2.294372909373416538e+24
1.623116769203344564e-02 2.294365759681841630e+24
1.678809008929871283e-02 2.294360906209851685e+24
1.722642241822275322e-02 2.294356814643837274e+24
1.775457784814657436e-02 2.294083121412582259e+24
1.780189655763032841e-02 2.294082830278141690e+24
1.807618017859740842e-02 2.294080672738416177e+24
1.842467076813377944e-02 2.294077838494137722e+24
1.868241857648065066e-02 2.294075566344978100e+24
1.915583846016722519e-02 2.294071611022729768e+24
1.936640821595250403e-02 2.294069927615749488e+24
1.945132611366876679e-02 2.294069597247461275e+24
1.959454884664408800e-02 2.294068512605744986e+24
1.991409789941002428e-02 2.294066225615096628e+24
2.001234013354851252e-02 2.294065124366913448e+24
2.027897073871883990e-02 2.294063317267345454e+24
2.050711136941042387e-02 2.294061514646736324e+24
2.050727524401349533e-02 2.294061517411559512e+24
2.050732264419134754e-02 2.294061516444403208e+24
2.050734200688342918e-02 2.294061513771441854e+24
2.090656899780573424e-02 2.294058815041121924e+24
2.126525984599452260e-02 2.294056158208656790e+24
2.149756692554062598e-02 2.294054504957182256e+24
2.151797600485589809e-02 2.294054289629626084e+24
2.210430805864888049e-02 2.294050443678201059e+24
2.228710094197682359e-02 2.294049016531298657e+24
2.250346508574463042e-02 2.294047728916430097e+24
2.271080647666175178e-02 2.294046459676754212e+24
2.283139724667543682e-02 2.294045720607949255e+24
2.293614882610750180e-02 2.294045024417177473e+24
2.301890902941496411e-02 2.294044527126384923e+24
2.304365248040535913e-02 2.294044333554125253e+24
2.319853260055189034e-02 2.294043192379793213e+24
2.337856497650472182e-02 2.294041861374562548e+24
2.345215275146755526e-02 2.294041421931715188e+24
2.359236091165657287e-02 2.294040486401767243e+24
2.389360011535915027e-02 2.294038654863221692e+24
2.401292244151340127e-02 2.294037857158627978e+24
2.409450353885776719e-02 2.294037241115222999e+24
2.414234949961918675e-02 2.294037113721766925e+24
2.424143133874294767e-02 2.294036597606907959e+24
2.437332662708887113e-02 2.294035485994683883e+24
2.456586775785066581e-02 2.294034470375368641e+24
2.459373083342749830e-02 2.294034461426350356e+24
2.459667756693428506e-02 2.294034459927386637e+24
2.461086436869066446e-02 2.294034363588943926e+24
2.465076243498698014e-02 2.294034037942097961e+24
2.468375836956679392e-02 2.294033809519495740e+24
2.470271643028662187e-02 2.294033640156130888e+24
2.477777553822086906e-02 2.294033139328449681e+24
2.486428919361653722e-02 2.294032487957419616e+24
2.497357468526021154e-02 2.294032056093668847e+24
2.497515792858402348e-02 2.294032008760536963e+24
2.498314637827787899e-02 2.294031973965479769e+24
2.500345233495523956e-02 2.294031810744226851e+24
2.513856512160567158e-02 2.294030923191746346e+24
2.514189094231512531e-02 2.294030938180880219e+24
2.517988360794566269e-02 2.294030711185472815e+24
2.518901630141881509e-02 2.294030640374892466e+24
2.521465523388476127e-02 2.294030430456173025e+24
2.523417028331481626e-02 2.294030135005301598e+24
2.525727043949180239e-02 2.294030185392642439e+24
2.525888976897028293e-02 2.294030172798934502e+24
2.526130942410381372e-02 2.294030149804961378e+24
2.526592757776565876e-02 2.294030134824662790e+24
2.531190227666820294e-02 2.294029787763148541e+24
2.531685688839912726e-02 2.294029805174478076e+24
2.532112601443745406e-02 2.294029842715877751e+24
2.532661382134001812e-02 2.294029891817889499e+24
2.533995268653483138e-02 2.294029748322142544e+24
2.537470970630088460e-02 2.294029432556652675e+24
2.538849740659858412e-02 2.294029390799116607e+24
2.539327470777466220e-02 2.294029425204529805e+24
2.542185983384282616e-02 2.294029175662864453e+24
2.542586920397912550e-02 2.294029132271290092e+24
2.542882753587191041e-02 2.294029134188961851e+24
2.543243319158460664e-02 2.294029086277647376e+24
2.543594002635122739e-02 2.294029076446008748e+24
2.544467613077622259e-02 2.294029053387203362e+24
2.544758910605969537e-02 2.294029038393203827e+24
2.548801088786983859e-02 2.294028833675478254e+24
2.549674325801001840e-02 2.294028827839573866e+24
2.550163709581078353e-02 2.294028835695737723e+24
2.551517476691619532e-02 2.294028507988088335e+24
2.554366621351956967e-02 2.294028508914890201e+24
2.555884031052442495e-02 2.294028337899789642e+24
2.556733416527033620e-02 2.294028282378950613e+24
2.558276042777270567e-02 2.294028299028841770e+24
2.559933894974660007e-02 2.294028135290179510e+24
2.560315595484883786e-02 2.294028077251386644e+24
2.562707778870920369e-02 2.294028024455308958e+24
2.564201527046629236e-02 2.294027929222543032e+24
2.566812336861063609e-02 2.294027936665222871e+24
2.566876331973770922e-02 2.294027942569651047e+24
2.568022216660261273e-02 2.294027853007943295e+24
2.570741577987033580e-02 2.294027714280385013e+24
2.571123923347932647e-02 2.294027678509621576e+24
2.571852085373882088e-02 2.294027656872331716e+24
2.575673059715139976e-02 2.294027356443990477e+24
2.576544959635687290e-02 2.294027302410051677e+24
2.576744815316403189e-02 2.294027276312087166e+24
2.576880129725738280e-02 2.294027282960145711e+24
2.580649877755709573e-02 2.294026896025509880e+24
2.583631953580691962e-02 2.294026762721850779e+24
2.584782269646954123e-02 2.294026694567622341e+24
2.585443670903410027e-02 2.294026569940443301e+24
2.585923687355338313e-02 2.294026561889118814e+24
2.589430484085125661e-02 2.294026398493422578e+24
2.591367977435677858e-02 2.294026260905918535e+24
2.591739228432693443e-02 2.294026202849778833e+24
2.598850718759826428e-02 2.294025761296242004e+24
2.605437548879743770e-02 2.294025472477132136e+24
2.605748731421097739e-02 2.294025421314071883e+24
2.605834198410560132e-02 2.294025412454682318e+24
2.605885326977216976e-02 2.294025414611847359e+24
2.612136413920719200e-02 2.294025168783035473e+24
2.619929168388426127e-02 2.294024471491784353e+24
2.620250294210704767e-02 2.294024473486756397e+24
2.621123296362107627e-02 2.294024259586906946e+24
2.626282205584509755e-02 2.294024092010645236e+24
2.628818651618542238e-02 2.294024028338272885e+24
2.629363673803823687e-02 2.294023886305520909e+24
2.629787722994661806e-02 2.294023942150743250e+24
2.630380598202089817e-02 2.294023913446346966e+24
2.631866988008775901e-02 2.294023862081483648e+24
2.632773860955464271e-02 2.294023792746621313e+24
2.634263300861846083e-02 2.294023774266766460e+24
2.634613620145245805e-02 2.294023776143747968e+24
2.634996053522712864e-02 2.294023701160032171e+24
2.641358886633642447e-02 2.294023126259071866e+24
2.643091948850607650e-02 2.294023101543152670e+24
2.645670632713514533e-02 2.294023011218921525e+24
2.646764242219226682e-02 2.294022847971593323e+24
2.652938820639804199e-02 2.294022603775189790e+24
2.655637628023931746e-02 2.294022439683925480e+24
2.657355854200173575e-02 2.294022295250620450e+24
2.658532430915740152e-02 2.294022204525079104e+24
2.664518754645965604e-02 2.294021873833191949e+24
2.665197486264607452e-02 2.294021885719093302e+24
2.665845497366258962e-02 2.294021952481957421e+24
2.666391787299314531e-02 2.294021868109933010e+24
2.667868362261190812e-02 2.294021819902612879e+24
2.668080274865669912e-02 2.294021796935409481e+24
2.668672349649291869e-02 2.294021739333391972e+24
2.670148276040404042e-02 2.294021668985803997e+24
2.670390530880395810e-02 2.294021659049756056e+24
2.674831544849141235e-02 2.294021407762814637e+24
2.677406661692455919e-02 2.294021095189318155e+24
2.678230883367815202e-02 2.294021058746146450e+24
2.681442733945907028e-02 2.294020690592361611e+24
2.686812121860214855e-02 2.294020577762058380e+24
2.687867461565006388e-02 2.294020469900895945e+24
2.691894798141583958e-02 2.294020327143237778e+24
2.692022437856517181e-02 2.294020317858715169e+24
2.692121508925054973e-02 2.294020298201018686e+24
2.699048191233635596e-02 2.294019670708554283e+24
2.700675809075450684e-02 2.294019678549482280e+24
2.701528559997988174e-02 2.294019703758061069e+24
2.703156177839800833e-02 2.294019427672691178e+24
2.706580663118028293e-02 2.294019206519705506e+24
2.708458993704311937e-02 2.294019150615178258e+24
2.709457339072552165e-02 2.294019100957082330e+24
2.710627579259658471e-02 2.294019248000358991e+24
2.710654083181877200e-02 2.294019240973604590e+24
2.711358334279734272e-02 2.294019146575760710e+24
2.713633101243443854e-02 2.294018942572513685e+24
2.713653439827727609e-02 2.294018945160977731e+24
2.714091304696793217e-02 2.294018893787364759e+24
2.714441279573266697e-02 2.294018853810056129e+24
2.721175513200554258e-02 2.294018449397571652e+24
2.722558994514207020e-02 2.294018368850483516e+24
2.723138990613932497e-02 2.294018328492555689e+24
2.725601425744684017e-02 2.294018247715376492e+24
2.729840645256939244e-02 2.294017960323733902e+24
2.730732685168693955e-02 2.294017933199906521e+24
2.731245496300966497e-02 2.294017835416448638e+24
2.732432867803861326e-02 2.294017841084943254e+24
2.733284605876225987e-02 2.294017788375914087e+24
2.736246574305423174e-02 2.294017702716894941e+24
2.736865256912750233e-02 2.294017635233100697e+24
2.740836833513688592e-02 2.294017386100481319e+24
2.741150876780158382e-02 2.294017297039394687e+24
2.741533550729064253e-02 2.294017231070612307e+24
2.741690563180118959e-02 2.294017244618057729e+24
2.742360993974649400e-02 2.294017194277444254e+24
2.743453029990146688e-02 2.294017154592418885e+24
2.744200751742039909e-02 2.294017128380135767e+24
2.745661429304964429e-02 2.294017038118092259e+24
2.746022898923456898e-02 2.294017149682767412e+24
2.746752590308585568e-02 2.294017034767103745e+24
2.748036742914991212e-02 2.294016889537323338e+24
2.749516588898866590e-02 2.294016828482120178e+24
2.754012070797785469e-02 2.294016503065211998e+24
2.757859514839321527e-02 2.294016539726284038e+24
2.758664889426940686e-02 2.294016486591240822e+24
2.761671373666047674e-02 2.294016323469142860e+24
2.762078500293673605e-02 2.294016278012204358e+24
2.763378490730619350e-02 2.294016193547163841e+24
2.766731512978149940e-02 2.294015961948511957e+24
2.767723814091958834e-02 2.294015971824522429e+24
2.769608370913822365e-02 2.294015879896229447e+24
2.772562280276725730e-02 2.294015725381444052e+24
2.774107234794509144e-02 2.294015464478217960e+24
2.775943341507258744e-02 2.294015224751767012e+24
2.776389867413321666e-02 2.294015198477479599e+24
2.778897376294895902e-02 2.294015121155208333e+24
2.782195963819615245e-02 2.294015026884998802e+24
2.782510540791247738e-02 2.294014952799129007e+24
2.785040385582089953e-02 2.294014958325786892e+24
2.785065272335117068e-02 2.294014976688366589e+24
2.785097187252957851e-02 2.294014969024610019e+24
2.792894686005957527e-02 2.294014512710290380e+24
2.793976819438613937e-02 2.294014459639455583e+24
2.795521652182583056e-02 2.294014293338687223e+24
2.799751411020855174e-02 2.294014221729829489e+24
2.800632630283440491e-02 2.294014061473983590e+24
2.802845829875165104e-02 2.294013900744175701e+24
2.802902882313370800e-02 2.294013900126379821e+24
2.802976015688950218e-02 2.294013940984741399e+24
2.804777627790141364e-02 2.294013988364718222e+24
2.806193883551473534e-02 2.294013952859466711e+24
2.812799397731964926e-02 2.294013258264889996e+24
2.813024369346998899e-02 2.294013261765878632e+24
2.815832507024205664e-02 2.294013104212502659e+24
2.819245480929484862e-02 2.294012977826052939e+24
2.822131736885937284e-02 2.294012638852520723e+24
2.822967090548800934e-02 2.294012534312050639e+24
2.824959563279218211e-02 2.294012519026750854e+24
2.826144326368503976e-02 2.294012516210502948e+24
2.830117653757159221e-02 2.294012237359877152e+24
2.834208998896977846e-02 2.294012142120111234e+24
2.835028618350372148e-02 2.294012080897957596e+24
2.835991018922018672e-02 2.294012028785052441e+24
2.836063126028572773e-02 2.294012050226303350e+24
2.836638131359868129e-02 2.294012089704075340e+24
2.837795556499126196e-02 2.294011966333368045e+24
2.837805371081470254e-02 2.294011971020171113e+24
2.837817946382974535e-02 2.294011984535580643e+24
2.841059990723559733e-02 2.294011761611805993e+24
2.844163229038075211e-02 2.294011575675595254e+24
2.845694026358326981e-02 2.294011516240598177e+24
2.847220912133138077e-02 2.294011332111384332e+24
2.850489465851121715e-02 2.294011181838034834e+24
2.850877623247506307e-02 2.294011215441939220e+24
2.851706581900067053e-02 2.294011163323062987e+24
2.852098666801753182e-02 2.294011093815102464e+24
2.852879378919859210e-02 2.294011089612729563e+24
2.853090719198414504e-02 2.294011096723888393e+24
2.853228991212330631e-02 2.294011103942772519e+24
2.853385104108334056e-02 2.294011105312651264e+24
2.859750514529647153e-02 2.294010610266286485e+24
2.860563167370916079e-02 2.294010525407628321e+24
2.864641876917244090e-02 2.294010406015912947e+24
2.865576280472314011e-02 2.294010277349660226e+24
2.868219866084263658e-02 2.294010061434935853e+24
2.870858177917131812e-02 2.294010080791227101e+24
2.878215432756869169e-02 2.294009642230746412e+24
2.879659470464353971e-02 2.294009560018614347e+24
2.882123007714010310e-02 2.294009482131972299e+24
2.883025033687672961e-02 2.294394140786567523e+24
2.891469850028868110e-02 2.294393675977232874e+24
2.894549259033695268e-02 2.294393454636301581e+24
2.900396841582074392e-02 2.294393131623073458e+24
2.908828788225724382e-02 2.294392769229468977e+24
2.908979735065531438e-02 2.294392741855186483e+24
2.912912087438031608e-02 2.294392472706892614e+24
2.915271146275798253e-02 2.294392219963827895e+24
2.916201359656903080e-02 2.294392064748294158e+24
2.917010025189947092e-02 2.294391985096700262e+24
2.919447251628109335e-02 2.294392204990920945e+24
2.930183784643805925e-02 2.294391557495222692e+24
2.940267337762060215e-02 2.294391065538796703e+24
2.940653730216540376e-02 2.294390938356774622e+24
2.941659619060757458e-02 2.294390826801661139e+24
2.952728022935741103e-02 2.294814480069702724e+24
2.964010642357218020e-02 2.294787666074738025e+24
2.969033437957837446e-02 2.294787624284561280e+24
2.969851769188557727e-02 2.294787611461797636e+24
2.971933352174496376e-02 2.294787509089143844e+24
2.973789127483374151e-02 2.294787417724705980e+24
2.998680368935215459e-02 2.294741375492865734e+24
3.006147869226763122e-02 2.294684600701078548e+24
3.018148267913290869e-02 2.294624587134403139e+24
3.033936340030169224e-02 2.294623797498089637e+24
3.036374453276301233e-02 2.294623560994359616e+24
3.055873040325654544e-02 2.294884064432626340e+24
3.060312576796664005e-02 2.294883725161065538e+24
3.061724810833575672e-02 2.294883608825934238e+24
3.085315012931108200e-02 2.295425641624625845e+24
3.089513281636981773e-02 2.295425359898322143e+24
3.107525703182299412e-02 2.295422186903543755e+24
3.109468282906620307e-02 2.295422251936582415e+24
3.115948428740298454e-02 2.295342848666613594e+24
3.122920565445814339e-02 2.295274475784267710e+24
3.128904673553974808e-02 2.295275826738695095e+24
3.136993776552039759e-02 2.295275665399474834e+24
3.140857254142569860e-02 2.295275521857781125e+24
3.145929871953691975e-02 2.295178027367781794e+24
3.150283643925650551e-02 2.295187329599534124e+24
3.154502536068697072e-02 2.295187246952970679e+24
3.165766079544841266e-02 2.295602733204444304e+24
3.185062212408131671e-02 2.295337559531747747e+24
3.207836197342378570e-02 2.295336178679279652e+24
3.210687481152262740e-02 2.295336042885674464e+24
3.213356324303333345e-02 2.295335767395242638e+24
3.217463951329388450e-02 2.295279376456440705e+24
3.225197873375273278e-02 2.295683378601254598e+24
3.252499085655351230e-02 2.295417328866167588e+24
3.270332419032703775e-02 2.295416294511055024e+24
3.294304199256405802e-02 2.295810299558885260e+24
3.294311513474865866e-02 2.295810299526721592e+24
3.294339942756184525e-02 2.295810309034672963e+24
3.317867934510120020e-02 2.295809181558240392e+24
3.324109902594971078e-02 2.295808870371969760e+24
3.329882468596592066e-02 2.295808465610324306e+24
3.332512302494555073e-02 2.296144107838110217e+24
3.336561790287922297e-02 2.296143772056485490e+24
3.348824571802569428e-02 2.296024931460108400e+24
3.355348485793403779e-02 2.295661762518441603e+24
3.355634567495090204e-02 2.295661764002406759e+24
3.356213869096579677e-02 2.295661704337872134e+24
3.361724177427069526e-02 2.295661369221240951e+24
3.369422386354066490e-02 2.295329165754733936e+24
3.369564747572591917e-02 2.295329144336645785e+24
3.378756832495626722e-02 2.295328661589451898e+24
3.389223498630351827e-02 2.295328268324721199e+24
3.393847415327881645e-02 2.295327891486173991e+24
3.405298521156240044e-02 2.295281575695841023e+24
3.406829790343748193e-02 2.295208286056477689e+24
3.406883796912172496e-02 2.295208281632561785e+24
3.408086977899089931e-02 2.295208184481464822e+24
3.414103303427826197e-02 2.295208012280260458e+24
3.414754664762655739e-02 2.295149875355056154e+24
3.420028904852278478e-02 2.295149521105474439e+24
3.420679703683963957e-02 2.295149523396695878e+24
3.421047388385592414e-02 2.295149507386435409e+24
3.423300747966834950e-02 2.295149286370574353e+24
3.427427913678165322e-02 2.295063354935380116e+24
3.430776247397565593e-02 2.295063297735382819e+24
3.434262038611863438e-02 2.295075506309737891e+24
3.434713948243565268e-02 2.295075505557665764e+24
3.434871178146166326e-02 2.295075465603692764e+24
3.435168904889248503e-02 2.295075396281204231e+24
3.437255313135582913e-02 2.295075198348499683e+24
3.439750803873968532e-02 2.295075062347699367e+24
3.442013930007706279e-02 2.295559304628123206e+24
3.445998113122322043e-02 2.295500495068019003e+24
3.447917217784128574e-02 2.295500244343617367e+24
3.449127661696507058e-02 2.295500331761778345e+24
3.449412925167472110e-02 2.295500318517558688e+24
3.449416046163882726e-02 2.295500314349367284e+24
3.449725505276263898e-02 2.295500332582820936e+24
3.451054841016426566e-02 2.295500246489231362e+24
3.455458271038914370e-02 2.295500296403263586e+24
3.458353828856462753e-02 2.295499866993104689e+24
3.460390675199672555e-02 2.295499703780685713e+24
3.461345868253678376e-02 2.295230191148313537e+24
3.463152483471639009e-02 2.295230052656414741e+24
3.464209540368043405e-02 2.295230067941475082e+24
3.465496915547796458e-02 2.295230065108058582e+24
3.468941635362399190e-02 2.295229909439105416e+24
3.471703260116621587e-02 2.295229920838757416e+24
3.472757944377781458e-02 2.295229783374667111e+24
3.473376551928102074e-02 2.295229808389759770e+24
3.475507267827766811e-02 2.295229838406397681e+24
3.477228459788167525e-02 2.295229739795961562e+24
3.478346096041479846e-02 2.295229665096051567e+24
3.479625711856850628e-02 2.295229665431415230e+24
3.479992911209531248e-02 2.295229572926303577e+24
3.480667092492707726e-02 2.295229519753330968e+24
3.482889496840273907e-02 2.295229473059113320e+24
3.484519158478560641e-02 2.295229362114988194e+24
3.487116022323128589e-02 2.295229208129650934e+24
3.489059502874618940e-02 2.295229246100899258e+24
3.491073775261112344e-02 2.295215704815573701e+24
3.491513643462679228e-02 2.295215709601016599e+24
3.492646302601556951e-02 2.295215687443416416e+24
3.495996816365583293e-02 2.295215513406931456e+24
3.500273811023033727e-02 2.295215314496100720e+24
3.500347073159761763e-02 2.295215302637235112e+24
3.501588806355614841e-02 2.295215279241535443e+24
3.502322497677853863e-02 2.295215174059596962e+24
3.503253770554180108e-02 2.295215067068095611e+24
3.504112182743901460e-02 2.295215046456767943e+24
3.504193798432630319e-02 2.295215063601999021e+24
3.506207547529454488e-02 2.295214979830303664e+24
3.506288067204415410e-02 2.295214985862540939e+24
3.513421461633510490e-02 2.295214834809204980e+24
3.515000631928593550e-02 2.295214663475607632e+24
3.515692500079432153e-02 2.295214703806841700e+24
3.521297963728486913e-02 2.294942064024641815e+24
3.523492127945856284e-02 2.294941911012605348e+24
3.524697774946552314e-02 2.295334061573559258e+24
3.526307421548773718e-02 2.295333932718226508e+24
3.527783067398340688e-02 2.295333896109393619e+24
3.528047444541439898e-02 2.295333907615926685e+24
3.531714826685482950e-02 2.295265826834763211e+24
3.532958207509705184e-02 2.295265782048393926e+24
3.533471129225353863e-02 2.295265799432473772e+24
3.535638065897044047e-02 2.295265747099139353e+24
3.536150987612692032e-02 2.295265705746215779e+24
3.539896535610627393e-02 2.295265400440060855e+24
3.541355409467196458e-02 2.295265345726350333e+24
3.541674882218023845e-02 2.295265349142246809e+24
3.542010795178610061e-02 2.295265330308986477e+24
3.544709323563838971e-02 2.295249145756701816e+24
3.546138756252530111e-02 2.295249144298511295e+24
3.548813482727021518e-02 2.295249318552376630e+24
3.551450623808099366e-02 2.295249239230068749e+24
3.554808300311491920e-02 2.295249041720435928e+24
3.556152371191664829e-02 2.295248923320534534e+24
3.559500452953616445e-02 2.295248809645717789e+24
3.563780444855811635e-02 2.295248409314030990e+24
3.564907277059144869e-02 2.295248326751685949e+24
3.569585778006560683e-02 2.295248342010181649e+24
3.570206376430073991e-02 2.295248339778560934e+24
3.573251633684429440e-02 2.295248376608638057e+24
3.574398959781204671e-02 2.295248190419110415e+24
3.576476983620287264e-02 2.294979007475596986e+24
3.579279896944630862e-02 2.294978720959252625e+24
3.582327395001682485e-02 2.294978828075634444e+24
3.583312971893175963e-02 2.294978769596071365e+24
3.583890642503264473e-02 2.294978662022804614e+24
3.587125779986993085e-02 2.294978591904395021e+24
3.587851139108360482e-02 2.294978514218899177e+24
3.591108666836672486e-02 2.294978510385179961e+24
3.592254572204364033e-02 2.294978475501049977e+24
3.593523223316205661e-02 2.294978354866424755e+24
3.594233350103987618e-02 2.294978442777701665e+24
3.595502001215827165e-02 2.294978389389001171e+24
3.599002044085965191e-02 2.294984055472788443e+24
3.602048940993871767e-02 2.294984068377728501e+24
3.603420950255269845e-02 2.294984116179032758e+24
3.605819149363151399e-02 2.294927661814004392e+24
3.607465162262633862e-02 2.294856733032099772e+24
3.611988715238283187e-02 2.294856464994596114e+24
3.612445361424609230e-02 2.294856467443177103e+24
3.616136297510475633e-02 2.294856298865374385e+24
3.616245141321632744e-02 2.294856297570727360e+24
3.616947359655176691e-02 2.294856242721999173e+24
3.621758688337880366e-02 2.295240091529093050e+24
3.622180020336895206e-02 2.295240051026109145e+24
3.624469483669541525e-02 2.295240678132330361e+24
3.624763344626368011e-02 2.295240669222838659e+24
3.627052807959015024e-02 2.295240599936158073e+24
3.627271693449278522e-02 2.295240614747593312e+24
3.627331821390363670e-02 2.295240602979269373e+24
3.627444019832287009e-02 2.295240588414319891e+24
3.629862601121055382e-02 2.295240475963886653e+24
3.634427616226322544e-02 2.294971844303448491e+24
3.636197764995119375e-02 2.294971680668921471e+24
3.640713128210397442e-02 2.295410861427021987e+24
3.646432974964237961e-02 2.295410418063079402e+24
3.653249310101120556e-02 2.295410447999966212e+24
3.653432669664070931e-02 2.295410433204913321e+24
3.656651004602316790e-02 2.295410284482789779e+24
3.663003348807421233e-02 2.295409765113845619e+24
3.668639503514763839e-02 2.295409800785296527e+24
3.672071003975917874e-02 2.295409847921227671e+24
3.672553676926472443e-02 2.295409829844571463e+24
3.675157707116442213e-02 2.295409826340469245e+24
3.675191498729846185e-02 2.295409828618149994e+24
3.676861444148149527e-02 2.295409795385830878e+24
3.676895235761556274e-02 2.295409776591480266e+24
3.678565181179859617e-02 2.295409605042580771e+24
3.678598972793263588e-02 2.295409591455911292e+24
3.679962189403779976e-02 2.295409495082421111e+24
3.688645918652537492e-02 2.295409197666600535e+24
3.692880245244542503e-02 2.295894716650226796e+24
3.693495393557353484e-02 2.295894732906905108e+24
3.694251321175851671e-02 2.295894750265370038e+24
3.701565593168692353e-02 2.295832695285655452e+24
3.705032397515369696e-02 2.295798852790559149e+24
3.707052065652190198e-02 2.295798907457144485e+24
3.713845834575513899e-02 2.295798795368153146e+24
3.713930679579537097e-02 2.295798780648125817e+24
3.716746149783987929e-02 2.295751746190628547e+24
3.716786349496916525e-02 2.295751740846250685e+24
3.719601819701368051e-02 2.295751239301622667e+24
3.719642019414295953e-02 2.295751250530912105e+24
3.719732653530061911e-02 2.295751227719239405e+24
3.723690163501641032e-02 2.296198321556065939e+24
3.726002743706095105e-02 2.296198336227081516e+24
3.727039740200637635e-02 2.296198313113978617e+24
3.729833710178047379e-02 2.296198061066180788e+24
3.732861932758621548e-02 2.296197954064086706e+24
3.742974389057832779e-02 2.295940047661704136e+24
3.744072455760202867e-02 2.295940158487547204e+24
3.747267858521848016e-02 2.295940060938247718e+24
3.750060013883701332e-02 2.296203194134200989e+24
3.759946034409570453e-02 2.296869815941036371e+24
3.761092444926825845e-02 2.296869798238473693e+24
3.764702006865647266e-02 2.296823228547313886e+24
3.765772339816340214e-02 2.296823157843782644e+24
3.768168138421290614e-02 2.296823084823326732e+24
3.768792765649765092e-02 2.296823116654655165e+24
3.771185601430070838e-02 2.296771244696557085e+24
3.771444738922975076e-02 2.296771213012514086e+24
3.774325371874005103e-02 2.296771255604106764e+24
3.777269476258116737e-02 2.296688431352695971e+24
3.778342714235391475e-02 2.296688281395401306e+24
3.779157103152229469e-02 2.296688251576213511e+24
3.785298350775510162e-02 2.296688052730871362e+24
3.786057258714883855e-02 2.296632210525504471e+24
3.788500146120020451e-02 2.296632118327763494e+24
3.791986229030711031e-02 2.296632134142682139e+24
3.795997385199292862e-02 2.297129078079104582e+24
3.797022145208642230e-02 2.297129123008851686e+24
3.798178226124726553e-02 2.297129059114039758e+24
3.798657578004648733e-02 2.297128988729982142e+24
3.799866978288088393e-02 2.297128869665767420e+24
3.805474252889039927e-02 2.297093763729542263e+24
3.807092421170966967e-02 2.297093488152574362e+24
3.810597910603904376e-02 2.297078431569650299e+24
3.810874363894528605e-02 2.297078388716635846e+24
3.816521329754218872e-02 2.297020578169763320e+24
3.816648664238408983e-02 2.297020604613608526e+24
3.819023618054245839e-02 2.298162560404425802e+24
3.819265656494742062e-02 2.298162531928861886e+24
3.819571870799248758e-02 2.298162562512323273e+24
3.821773401894745098e-02 2.298162642075801889e+24
3.824850698118791720e-02 2.297880461316450861e+24
3.827686819417427944e-02 2.297880377648625798e+24
3.827759850295161387e-02 2.297880370675475542e+24
3.827802476832845024e-02 2.297880373253664148e+24
3.831538720169690854e-02 2.298618371879667631e+24
3.831716760582933035e-02 2.298618370158140586e+24
3.832833341446628683e-02 2.298558540375795832e+24
3.835797490126322679e-02 2.298459677998489811e+24
3.836156262962543001e-02 2.298459644799088398e+24
3.836466077062419822e-02 2.298459617062787675e+24
3.841176061995208585e-02 2.298382506557049745e+24
3.841428015885443165e-02 2.298382485370880701e+24
3.843150835629813300e-02 2.298322021994308143e+24
3.844282050909814119e-02 2.298093538896740304e+24
3.845621238552668353e-02 2.298093545354685611e+24
3.845962447450576582e-02 2.298093488145684452e+24
3.846286228406701341e-02 2.298093496179002289e+24
3.849276836060785967e-02 2.297947938865103589e+24
3.854258039123203972e-02 2.298413458791410275e+24
3.855995599812703928e-02 2.298413429433696852e+24
3.856432267801757074e-02 2.298413463331477396e+24
3.857036428119023364e-02 2.298413430403171634e+24
3.857143914670273233e-02 2.298413422808507397e+24
3.859000870211429929e-02 2.298322110064415629e+24
3.860215686594953288e-02 2.298321996947148453e+24
3.861451855220715546e-02 2.298321939055318630e+24
3.861476601562929822e-02 2.298321941949568241e+24
3.864440516529790010e-02 2.298844797321039613e+24
3.865626907016776054e-02 2.298844796775745196e+24
3.865738032528564377e-02 2.298844802353691433e+24
3.865981351232918029e-02 2.298844817188857976e+24
3.867057469583960044e-02 2.298844800018045804e+24
3.868569053496788424e-02 2.298844875413623463e+24
3.872595958777417385e-02 2.298450326732574405e+24
3.872924384308909507e-02 2.298450322890653413e+24
3.873521263340740789e-02 2.298462076258868523e+24
3.877218363238407739e-02 2.298462101144485635e+24
3.880411649341834746e-02 2.298461878582840884e+24
3.880879237351223671e-02 2.298461877822421220e+24
3.881045401176517334e-02 2.298461863113569396e+24
3.885824483629819054e-02 2.298473197534469811e+24
3.892371936968747753e-02 2.299003588065559639e+24
3.893239812630558405e-02 2.299003601623442101e+24
3.898459553077360251e-02 2.299003665980196821e+24
3.898711377212505519e-02 2.299003641603413342e+24
3.898941807067708709e-02 2.299003660420336423e+24
3.905752632527585699e-02 2.298988251802291891e+24
3.914513710145332143e-02 2.298838487335655197e+24
3.915354484575652577e-02 2.298838505616472944e+24
3.917900547645342124e-02 2.298560069794180045e+24
3.924363706293718113e-02 2.299011263272573924e+24
3.933773073350831789e-02 2.298949373149953093e+24
3.933923982580920381e-02 2.298949341413488139e+24
3.934125539890481055e-02 2.298949322586597781e+24
3.937690108049151511e-02 2.298900974207966896e+24
3.951538057221459788e-02 2.298605107023048161e+24
3.960686048423662370e-02 2.298516785716611762e+24
3.978781439941280612e-02 2.300844583824538372e+24
4.003356344291906371e-02 2.300403136778748146e+24
4.005553729963430565e-02 2.301007229897319375e+24
4.007038565287949355e-02 2.301007292443279376e+24
4.028666833061024521e-02 2.301034768922994060e+24
4.031069752410385704e-02 2.301034743955760490e+24
4.041229768964339081e-02 2.301423663683551420e+24
4.056585774857341536e-02 2.302662782080600066e+24
4.069462344540770299e-02 2.302970962689521741e+24
4.082101797304298063e-02 2.302699166507118977e+24
4.085635872397015700e-02 2.302578439047368340e+24
4.096392379754755508e-02 2.302736432636348508e+24
4.115888943620754636e-02 2.303635570867548088e+24
4.120399534253511853e-02 2.303054944095745081e+24
4.127567841809461763e-02 2.303547699445357942e+24
4.142771237077180063e-02 2.303816687214094442e+24
4.146142014844494267e-02 2.303667999725019915e+24
4.157537167537020406e-02 2.303788156710565930e+24
4.175646538525779744e-02 2.307115830124291901e+24
4.175885625384143096e-02 2.307115823561097347e+24
4.176395086068232509e-02 2.307115870245349061e+24
4.207340179934930535e-02 2.308656604109173789e+24
4.212438460511958721e-02 2.309905712095775594e+24
4.213363727407445219e-02 2.309905742604942638e+24
4.232897453691088913e-02 2.309707749720253213e+24
4.238126730496034889e-02 2.310156196246998458e+24
4.245391533341582452e-02 2.310857214199681293e+24
4.249355357619689216e-02 2.311189028844392971e+24
4.263415839749239850e-02 2.313052577047139559e+24
4.268132847814948283e-02 2.313249355078838367e+24
4.280145999150165859e-02 2.314509367643040412e+24
4.291370535304448591e-02 2.315911802165991836e+24
4.303634990768639285e-02 2.317493124203404386e+24
4.321494240154889754e-02 2.318953716870427816e+24
4.330515851757471557e-02 2.320509737107353860e+24
4.339394412542779689e-02 2.321038553210855744e+24
4.348402354697788325e-02 2.323776899786416530e+24
4.350345935065064173e-02 2.324917898341214247e+24
4.355169550723087674e-02 2.324698597067770321e+24
4.359579365263344802e-02 2.325828367034400220e+24
4.359602571868786275e-02 2.325828377520042645e+24
4.363557365967973140e-02 2.325977318679582100e+24
4.367980292125205055e-02 2.326727152753218001e+24
4.374794564828330540e-02 2.328673611872414651e+24
4.379278613963199368e-02 2.329370459582151476e+24
4.384277455924007888e-02 2.330592438209450001e+24
4.393616815974474982e-02 2.332748793787304339e+24
4.400718389630341176e-02 2.333690993544468279e+24
4.406117276315333481e-02 2.335760857432702608e+24
4.410262009120995141e-02 2.337746266025377850e+24
4.410431618693613082e-02 2.337745407613135904e+24
4.410440354425240045e-02 2.337745410195640684e+24
4.410477255796947660e-02 2.337745393293003049e+24
4.417303703297310175e-02 2.338490986588427512e+24
4.418695368701474474e-02 2.338383435863310754e+24
4.418925402453990209e-02 2.338383434682521434e+24
4.421675411600814454e-02 2.341116777775713961e+24
4.423626850057902488e-02 2.342321908189598644e+24
4.427041934271779694e-02 2.341910878954894117e+24
4.429537637071710721e-02 2.341628557833723712e+24
4.432264012783181800e-02 2.342129568497076470e+24
4.433220368756032176e-02 2.342027264933310084e+24
4.437772352597181558e-02 2.343601203600147901e+24
4.440433193628115505e-02 2.344020644346415148e+24
4.441095151068131380e-02 2.344572141034120600e+24
4.442684974636320477e-02 2.345407995923548309e+24
4.442980268877731037e-02 2.345872312620623476e+24
4.444729730897949149e-02 2.346213160600252407e+24
4.449638711371036587e-02 2.350100690665684450e+24
4.450040860737988074e-02 2.350100661491537661e+24
4.450645243621995095e-02 2.350790747914746722e+24
4.450743046975689371e-02 2.350758739661946872e+24
4.450879520469794293e-02 2.350758754917520383e+24
4.455906044513438524e-02 2.351538104196680374e+24
4.458326015942886550e-02 2.353095388360490705e+24
4.458362370580384176e-02 2.353095400228314809e+24
4.458913328417837829e-02 2.352983966369719576e+24
4.460697349947981977e-02 2.354252279749127826e+24
4.461072055119522789e-02 2.353981092062233167e+24
4.465034492542311467e-02 2.354503519289911380e+24
4.465951750692533778e-02 2.355186410724690395e+24
4.467667456455989838e-02 2.355052326205755258e+24
4.469351623782074484e-02 2.357170740645258752e+24
4.469749321959421567e-02 2.357100997113331516e+24
4.469930254074315490e-02 2.357020530941801806e+24
4.472119227422517024e-02 2.358199237517205595e+24
4.472248267503042829e-02 2.358203657342924626e+24
4.474396921526551524e-02 2.358396472174689970e+24
4.479039174462880885e-02 2.361306596314197170e+24
4.480830091841435381e-02 2.361174542182465984e+24
4.484040438461992656e-02 2.361223878472763382e+24
4.486030442966738169e-02 2.362689252787118930e+24
4.489364554215109077e-02 2.365672717597595532e+24
4.494829433142399217e-02 2.368692935091362489e+24
4.495663829823813573e-02 2.369412853919523155e+24
4.499745784169450341e-02 2.371793890746088924e+24
4.499987837513675509e-02 2.371790566942097564e+24
4.500032700321453943e-02 2.371790558803744692e+24
4.506286439292499918e-02 2.375626607785999356e+24
4.508044905385626133e-02 2.377101852048212707e+24
4.508724497354932997e-02 2.377119254729686623e+24
4.510302091925286888e-02 2.377623486459837841e+24
4.510981683894593058e-02 2.378677390439914507e+24
4.512559278464946949e-02 2.379382025996859368e+24
4.513238870434254507e-02 2.379983320433041923e+24
4.518557712542653482e-02 2.382852055218998701e+24
4.522407288472615056e-02 2.385295718710738007e+24
4.524665985940800467e-02 2.386449936699759234e+24
4.528435609079854707e-02 2.390421301891071788e+24
4.530591829838121615e-02 2.392465308740775248e+24
4.537421844148364913e-02 2.396622773807927609e+24
4.537610592711605051e-02 2.396167514692823418e+24
4.538790948383121526e-02 2.397892161591736411e+24
4.542746461252507306e-02 2.401008831686277421e+24
4.543396239289875654e-02 2.401455886064537716e+24
4.549873346093556703e-02 2.406640989251161356e+24
4.551479528911475669e-02 2.409877506368479445e+24
4.552315419836936577e-02 2.411570890065838432e+24
4.554035007520111644e-02 2.411526535569187468e+24
4.554870898445572552e-02 2.411448894914904386e+24
4.556590486128746231e-02 2.412929993460815306e+24
4.557978557857086249e-02 2.415152117058786401e+24
4.560692581677129598e-02 2.418156557866297989e+24
4.565329055943584402e-02 2.423882796793726396e+24
4.565995214446358363e-02 2.424586453286590934e+24
4.566965198642127660e-02 2.425542717234144986e+24
4.568410052271808242e-02 2.426991303263600475e+24
4.571163656730574398e-02 2.430040013224439011e+24
4.575096995192923927e-02 2.434627397158618259e+24
4.576060616897513478e-02 2.435247765697197435e+24
4.577215528948088558e-02 2.436405374196637197e+24
4.582710253709188636e-02 2.443376742691312784e+24
4.584600306593060448e-02 2.446469754431780183e+24
4.585987710406940615e-02 2.449208706379300821e+24
4.586347666010005125e-02 2.449628659903708818e+24
4.588489971100381121e-02 2.451925168618313483e+24
4.589217496383321548e-02 2.453862552612802145e+24
4.589531703860418033e-02 2.454434229528323946e+24
4.594964326500550894e-02 2.462593682119864514e+24
4.595423719916251482e-02 2.463640461582241993e+24
4.595875964696513605e-02 2.464311949025692187e+24
4.597066391445970429e-02 2.466030965933290501e+24
4.600890807028409218e-02 2.471705173810820319e+24
4.603102925124827327e-02 2.475445479451460704e+24
4.605516796887380859e-02 2.478494696933858776e+24
4.605909624351386261e-02 2.480020290713415900e+24
4.607141235588683992e-02 2.482690743724541875e+24
4.608482612596409567e-02 2.486272093687716134e+24
4.610555283908154833e-02 2.488862505002914919e+24
4.611434934655565115e-02 2.490609409023259559e+24
4.615552676057159409e-02 2.497668949836351140e+24
4.618708245384359201e-02 2.504456787315525924e+24
4.619981724136496687e-02 2.506356130635794241e+24
4.622283097012234304e-02 2.511860236788736949e+24
4.624406033687056966e-02 2.516382848290665850e+24
4.625458853249949515e-02 2.520380512682566463e+24
4.627925588639501125e-02 2.525110394438825019e+24
4.633131259368905575e-02 2.537261863274872509e+24
4.636429359164262465e-02 2.544883996938489408e+24
4.638343010301986674e-02 2.551622472877065351e+24
4.641187401790827088e-02 2.561598121060525685e+24
4.642019550549741913e-02 2.562124307848764261e+24
4.642318532107907875e-02 2.562666079391417807e+24
4.644266408538074570e-02 2.567899516298597759e+24
4.644565390096241225e-02 2.569119786995423421e+24
4.645948451812897950e-02 2.572450871690443698e+24
4.646862256579891576e-02 2.574819146037349390e+24
4.653829320781800727e-02 2.598392113075354790e+24
4.655007419670074281e-02 2.601931689950862767e+24
4.659861999947458727e-02 2.617751313731057277e+24
4.659901529917410273e-02 2.617783711584294602e+24
4.660821073802379200e-02 2.621979629201081053e+24
4.665669193928217301e-02 2.641715826233746659e+24
4.667621699915350947e-02 2.649001890132845903e+24
4.670455863617110903e-02 2.661222803526144894e+24
4.673603351539065698e-02 2.674399021770355864e+24
4.675539935832026539e-02 2.683338032132865590e+24
4.680551950587062693e-02 2.707889783621124291e+24
4.683273728973014194e-02 2.722770147635784646e+24
4.683414905485807495e-02 2.723325537780514102e+24
4.686136683871758302e-02 2.737126466745656769e+24
4.686277860384550908e-02 2.737433820530910696e+24
4.688999638770501716e-02 2.754103139639605351e+24
4.689511428896320222e-02 2.757545807299992816e+24
4.695973499982647459e-02 2.795672558379607798e+24
4.697939642941080518e-02 2.809829285281640175e+24
4.702126278682933896e-02 2.839835782406267635e+24
4.707099457933272557e-02 2.879464492329248500e+24
4.709752014533242354e-02 2.897785570067215228e+24
4.714791892303746984e-02 2.944486397398850533e+24
4.715252918595365383e-02 2.949027656044919229e+24
4.716877277294549003e-02 2.962646047238383603e+24
4.724043461088365398e-02 3.038228616234561025e+24
4.725642296883168780e-02 3.058082432140673060e+24
4.726275167075483230e-02 3.064871553993618655e+24
4.727874002870285919e-02 3.086137746589190397e+24
4.728506873062600369e-02 3.093475542094097534e+24
4.730105708857404445e-02 3.114223483031338885e+24
4.731068864930618872e-02 3.126955091311359991e+24
4.733957818754405689e-02 3.165060430682536859e+24
4.739159328915309999e-02 3.244238988484430426e+24
4.739540147323720309e-02 3.249907104063163189e+24
4.745531736831141295e-02 3.353505690436159014e+24
4.751354268479145854e-02 3.469158459443923563e+24
4.754627031029200201e-02 3.544938635612738762e+24
4.755795225894417222e-02 3.573871123182499070e+24
4.759790303980898640e-02 3.674215385166966187e+24
4.768750718203886713e-02 3.956203892997122821e+24
4.770094733143091098e-02 4.006678316260124902e+24
4.770538389729689355e-02 4.023083963214003180e+24
4.772321007692785499e-02 4.092835837998809179e+24
4.772672639067897238e-02 4.105937732393323303e+24
4.775060461560377834e-02 4.206569672501730042e+24
4.775789006633369277e-02 4.240250957228446967e+24
4.778159459170298190e-02 4.350070679943601319e+24
4.778888004243291021e-02 4.385444069227163277e+24
4.780919806227491853e-02 4.490795236951090497e+24
4.784485230851882182e-02 4.694487383897530088e+24
4.785947518355543329e-02 4.786322615454648865e+24
4.789676578427096848e-02 5.045760024738439455e+24
4.792528135210346457e-02 5.269727655309015247e+24
4.796511339710776700e-02 5.635219057531564503e+24
4.797890591759984558e-02 5.775437782923241079e+24
4.800465152610905450e-02 6.062575007994655709e+24
4.804736655474006746e-02 6.624692734942902768e+24
4.808537448569671913e-02 7.232402363874181932e+24
4.809367829374920633e-02 7.381006886730820118e+24
4.809997005705462375e-02 7.497413080367122430e+24
4.810835122548532544e-02 7.659585296938195778e+24
4.811675297934024653e-02 7.828338815930166260e+24
4.812372692742203362e-02 7.979746437838655361e+24
4.814776560105771264e-02 8.533018034639132162e+24
4.822022662425367451e-02 1.076564466107121012e+25
4.822882689306476345e-02 1.109805280041115479e+25
4.823959323374262670e-02 1.154925878947379981e+25
4.827985350066692910e-02 1.352853816946129495e+25
4.835978733094494636e-02 1.942767358935005509e+25
4.836441344653238245e-02 1.987016602527259230e+25
4.836979661687129672e-02 2.040739264984820207e+25
4.841194140027617332e-02 2.524371628596511929e+25
4.850000000000000144e-02 3.892485838889958007e+25
4.851724137931776037e-02 4.197609440271890127e+25
4.858363144868202421e-02 5.376477236296452717e+25
4.858444258451041775e-02 5.390681531036306367e+25
4.861412162877326582e-02 5.892630268884000947e+25
4.861682648282967395e-02 5.938142299069989248e+25
4.867989704927920547e-02 6.923393894450360657e+25
4.868188433205903470e-02 6.952875635954363568e+25
4.871100187822877126e-02 7.371474037016600976e+25
4.871624409980820219e-02 7.444358693824441070e+25
4.877616264987638672e-02 8.235053993569827066e+25
4.877756749801270830e-02 8.253181970661285197e+25
4.879396018869820717e-02 8.456868612365699899e+25
4.879531077358184588e-02 8.473170019655728321e+25
4.881271823405150534e-02 8.684625783976538524e+25
4.883326765859558743e-02 8.927612963423775042e+25
4.884300427363710145e-02 9.040301335469709288e+25
4.886016414778834860e-02 9.234917833642224246e+25
4.888460751111112224e-02 9.506252031617689222e+25
4.890248616782201518e-02 9.699661328557837838e+25
4.890997817964504168e-02 9.781052563736851381e+25
4.891986398665561925e-02 9.883782272466328899e+25
4.892511801403548466e-02 9.939146977215517351e+25
4.892953282249313390e-02 9.984720268156199111e+25
4.893431958653469277e-02 1.003379170439146681e+26
4.895106749444624872e-02 1.020475201246495973e+26
4.897983977595671279e-02 1.048877764109818507e+26
4.899780879558618407e-02 1.065974864519901751e+26
4.901224547304207368e-02 1.079189020292237374e+26
4.905666423792124503e-02 1.118074039598414641e+26
4.905730604844704690e-02 1.118616584496940246e+26
4.906198218280968804e-02 1.122638395019367143e+26
4.907946258500047593e-02 1.136922574195780485e+26
4.908403424644794399e-02 1.140648617312054547e+26
4.910190588443767018e-02 1.154975089092768374e+26
4.915186728372204078e-02 1.192022216608667423e+26
4.916111637441478166e-02 1.198467758108482017e+26
4.921410889746179879e-02 1.233184980875030243e+26
4.921906511067646040e-02 1.236123584975360697e+26
4.922305548554463395e-02 1.238534210446073352e+26
4.923658261143427223e-02 1.246652077709530479e+26
4.923670339654548367e-02 1.246692533967049240e+26
4.924338431217274020e-02 1.250577106458796712e+26
4.924431744169627256e-02 1.251064592185372693e+26
4.924537919956073484e-02 1.251717222972884217e+26
4.925089817821161342e-02 1.254656649276066477e+26
4.925621161822275884e-02 1.257651664617541140e+26
4.926014904250246296e-02 1.259914295746008600e+26
4.934410003505793063e-02 1.302587374046159882e+26
4.934615344123727265e-02 1.303426214530614618e+26
4.934656454737201131e-02 1.303618443392137916e+26
4.937372818563310478e-02 1.315627297600560709e+26
4.937662408785645218e-02 1.316819593290861037e+26
4.945107774009994961e-02 1.345479410235932550e+26
4.945910708952086510e-02 1.348297583447252342e+26
4.949293054935279684e-02 1.359423860243164921e+26
4.950747747883979533e-02 1.363841818739475010e+26
4.956579318934931089e-02 1.380441722973788304e+26
4.957164963166972582e-02 1.381904194050147503e+26
4.958833027893806700e-02 1.386299946045267112e+26
4.959055650333648452e-02 1.386933264088863343e+26
4.960088023930295936e-02 1.389331238910154186e+26
4.960409507785799171e-02 1.390030937304263627e+26
4.961513789749396469e-02 1.392581452583110044e+26
4.967773883957419395e-02 1.405211144223693230e+26
4.968835499456904226e-02 1.407083512862805544e+26
4.970396086854499823e-02 1.409730956149010776e+26
4.970690074260940283e-02 1.410265871734583569e+26
4.978327035725527844e-02 1.421242487353668745e+26
4.978684951278267157e-02 1.421585272105716625e+26
4.979823946818250080e-02 1.422862626302917278e+26
4.979866358772483403e-02 1.422802886729113592e+26
4.981413346585965990e-02 1.424454949580627369e+26
4.988406457965158941e-02 1.430172230818416175e+26
4.988525253541772897e-02 1.430160332371170895e+26
4.988745511053215009e-02 1.430392530142785746e+26
4.988862041688783139e-02 1.430486368011170804e+26
4.989084058200113359e-02 1.430547438865085800e+26
4.990578133937998567e-02 1.431662516065924200e+26
4.993632596585498296e-02 1.432865917594461543e+26
4.996440131598789414e-02 1.433578534845166301e+26
4.998416568795816667e-02 1.433711685448493961e+26
4.998882232829936906e-02 1.433739716613982394e+26
4.999124110678768163e-02 1.433791923747312620e+26
5.003006567238524327e-02 1.433459027290413478e+26
5.008226676779698600e-02 1.432191550826370059e+26
5.008417211682891779e-02 1.432119892492822164e+26
5.009098415242350250e-02 1.431737946880481535e+26
5.010370143846315516e-02 1.431046468536874919e+26
5.015020461097276921e-02 1.427784800939357635e+26
5.017625427648086944e-02 1.425421956509409263e+26
5.018069105161301890e-02 1.424995101192832517e+26
5.018611960067290156e-02 1.424446605157415241e+26
5.018661202652222736e-02 1.424292954718356442e+26
5.019204057558213083e-02 1.423822872185562735e+26
5.019253300143146357e-02 1.423769529265065107e+26
5.027435787167503639e-02 1.413408469211180114e+26
5.028775128424126800e-02 1.411149498732204424e+26
5.030366166314723109e-02 1.408411472231316018e+26
5.030715227288459768e-02 1.407852169778389626e+26
5.038131453260376313e-02 1.393138699625742456e+26
5.039432828220630212e-02 1.390201349898956037e+26
5.041578414097769301e-02 1.385323623348680253e+26
5.042177154433772485e-02 1.383826690222848870e+26
5.048927450198811145e-02 1.364935614386951018e+26
5.050090528017132235e-02 1.361421937011125049e+26
5.051428417080729844e-02 1.357243489955457207e+26
5.051810499380199326e-02 1.355979220894897971e+26
5.053148388443796934e-02 1.351590856566755383e+26
5.055512785462138586e-02 1.343324198614642939e+26
5.056997109901977677e-02 1.338135296604460652e+26
5.059923472053030891e-02 1.326851689258756797e+26
5.061041297383744170e-02 1.322422737459904946e+26
5.061755581469837284e-02 1.319429585231846938e+26
5.062746961228328790e-02 1.315237503066754413e+26
5.063018106157074483e-02 1.314053654050177514e+26
5.064487137397698929e-02 1.307663700517250650e+26
5.067007765100389749e-02 1.296037931409435822e+26
5.071050962566071157e-02 1.276043684155703465e+26
5.072536887258897315e-02 1.268233744668684319e+26
5.076134735333451276e-02 1.248076064298126630e+26
5.078161366287697875e-02 1.236052681743255297e+26
5.080310802153873567e-02 1.222626047441925246e+26
5.081060627748400921e-02 1.217785485308124741e+26
5.081472978811948926e-02 1.215128401954435709e+26
5.081731233891489258e-02 1.213475336353762559e+26
5.083269581252436442e-02 1.203035784088861870e+26
5.086466566113179155e-02 1.180559242476114135e+26
5.086558003685673346e-02 1.179897461049364215e+26
5.090326438481454496e-02 1.151470499472145562e+26
5.091472302175870102e-02 1.142380846279772805e+26
5.096403366143169994e-02 1.100996267586169829e+26
5.096971808607234089e-02 1.095897470198372161e+26
5.104145239663744615e-02 1.028480936906601729e+26
5.105858205550056761e-02 1.011177582658309668e+26
5.106364570580329554e-02 1.005958563536665951e+26
5.107385613528794832e-02 9.954460916078471401e+25
5.108470480432528854e-02 9.840134914825096432e+25
5.112095394830351580e-02 9.449963540036361309e+25
5.116003248930746372e-02 9.009197007439709283e+25
5.116994988303937703e-02 8.893900313704882490e+25
5.117422268542969749e-02 8.843040377344831153e+25
5.117593499093177345e-02 8.823362983240726267e+25
5.117988027579364885e-02 8.777134873241022994e+25
5.118291777229776185e-02 8.740731083585087252e+25
5.118376700373855615e-02 8.730687096181971496e+25
5.119151979769581001e-02 8.636465193432163948e+25
5.124768363757569584e-02 7.933344075241165114e+25
5.127635445040355788e-02 7.549166716395541461e+25
5.128829923944844271e-02 7.383256336540852654e+25
5.129980089855166320e-02 7.220854761218619221e+25
5.132884019356538652e-02 6.794996318025455434e+25
5.137955653554813346e-02 5.998291065356601910e+25
5.138552893007056199e-02 5.899439774307901147e+25
5.140808199940752332e-02 5.519207508630952131e+25
5.141797436953637196e-02 5.348605349503170014e+25
5.148275862069270903e-02 4.196323595259751303e+25
5.149999999999999023e-02 3.890957695597555582e+25
5.152253967113981648e-02 3.503670899805313465e+25
5.152447029218210767e-02 3.471408504339393202e+25
5.154407156720533512e-02 3.152937318054076095e+25
5.158171167713521132e-02 2.605279084638359358e+25
5.160045282333913103e-02 2.367207193012590319e+25
5.160200553929547573e-02 2.348483894974565728e+25
5.160239091747882006e-02 2.344003696954659755e+25
5.160324583500257301e-02 2.333510993516113051e+25
5.164209683279390173e-02 1.922230556601497550e+25
5.166383277566763410e-02 1.732181622348104521e+25
5.170246244598971502e-02 1.455068798598790558e+25
5.172346231239143693e-02 1.331643018546825143e+25
5.174595387420008463e-02 1.217239512825834104e+25
5.175373350277760048e-02 1.181171628841874759e+25
5.177209701002431080e-02 1.103078060846296583e+25
5.180261031642569708e-02 9.923123123247416217e+24
5.181660924308570393e-02 9.477521040789552920e+24
5.182263171442990507e-02 9.297213778568342384e+24
5.183584736133631243e-02 8.925830017935937404e+24
5.183998319453472781e-02 8.812055674061349504e+24
5.184474946249157529e-02 8.688016395965045689e+24
5.188634621757783061e-02 7.732844522281162200e+24
5.189767265392297713e-02 7.508107340251992259e+24
5.189842655737434557e-02 7.494989192928310977e+24
5.190983193937881435e-02 7.282626984755909668e+24
5.191465036206424633e-02 7.195349925286758601e+24
5.195800578424866756e-02 6.512768622594278312e+24
5.196445013709807825e-02 6.422483615902804604e+24
5.196996998985373845e-02 6.348477551959514148e+24
5.200487723795949035e-02 5.916961144331565980e+24
5.200721173482373422e-02 5.892144913263373121e+24
5.200817846128748256e-02 5.879822352321221268e+24
5.202862363605161022e-02 5.662408994398039704e+24
5.208919200595405613e-02 5.117535794875405506e+24
5.210339045069063701e-02 5.008422334957968769e+24
5.210773289382684276e-02 4.976379082261776669e+24
5.211400643873319999e-02 4.929979662742460740e+24
5.217103260292937222e-02 4.565541575586058164e+24
5.219001940074827206e-02 4.458248517389613730e+24
5.219246796242122538e-02 4.446664765755603676e+24
5.219665881174120892e-02 4.424098675519596945e+24
5.220948034371345609e-02 4.358697538276348930e+24
5.221528370593778862e-02 4.329721499996524231e+24
5.225473773084849533e-02 4.147646489901967839e+24
5.228433776305790870e-02 4.027511754936639755e+24
5.229740985197411929e-02 3.976895612736417137e+24
5.229800716459769711e-02 3.974744472029353143e+24
5.229938664762930067e-02 3.969981791251720481e+24
5.231577535890474806e-02 3.908244553058142069e+24
5.239080332324783790e-02 3.669581753822957661e+24
5.239897573225835853e-02 3.647028594232266783e+24
5.241685433157641794e-02 3.597713419067133753e+24
5.243298088981439287e-02 3.556459786280745633e+24
5.244110652352527296e-02 3.536524315942559515e+24
5.250026508074438075e-02 3.404905132197989161e+24
5.257466088866440818e-02 3.261334509536192319e+24
5.257784030659340413e-02 3.254170724252195924e+24
5.258765124122088269e-02 3.240978685555944926e+24
5.258896553916095340e-02 3.237145513762602606e+24
5.259029378616808525e-02 3.233221932468614644e+24
5.259093108627005408e-02 3.232226388509083965e+24
5.259391990320247401e-02 3.227343984744691816e+24
5.266192192501627234e-02 3.123014163801382719e+24
5.266394997842886033e-02 3.118852085385906310e+24
5.266522762667639329e-02 3.117411687274370826e+24
5.272544943372076826e-02 3.037739808046369133e+24
5.273347024502588604e-02 3.028523671350316422e+24
5.273397931334529443e-02 3.028050168398345595e+24
5.273475591186488343e-02 3.027063730361990354e+24
5.274184120813590199e-02 3.017301605534793669e+24
5.274275092301408674e-02 3.016967716606707837e+24
5.282088721143131382e-02 2.932973850281921877e+24
5.287994813514096393e-02 2.878019235833739162e+24
5.288030519859646117e-02 2.877463522340077545e+24
5.289112258291184254e-02 2.866817108063415911e+24
5.289125382557973570e-02 2.866839228700361178e+24
5.290776049560691474e-02 2.851933580332004444e+24
5.291258460776905592e-02 2.849078834248899231e+24
5.292006557333093358e-02 2.841600842437133100e+24
5.297665552649846038e-02 2.799279197636858521e+24
5.298108022331043249e-02 2.797295260160753245e+24
5.298310916271664617e-02 2.795649865986849332e+24
5.301224732954575025e-02 2.774914172234109773e+24
5.304205588270625299e-02 2.753238743078806984e+24
5.305328036962467242e-02 2.747714921862664416e+24
5.309482331296736662e-02 2.721267633328652932e+24
5.309701765972860144e-02 2.721266144877098891e+24
5.310287575202581739e-02 2.719033380248515668e+24
5.310796255260627485e-02 2.715380145715159975e+24
5.313103506585307306e-02 2.699283571098127870e+24
5.316427354091797508e-02 2.685176685322825579e+24
5.317469989854920615e-02 2.679822509540158875e+24
5.318012308267075494e-02 2.674680746619625548e+24
5.321317627803112682e-02 2.658731190745009337e+24
5.321679573327697116e-02 2.655553981092278965e+24
5.323844145325448696e-02 2.646450973732477447e+24
5.327071002044184850e-02 2.634359068262349014e+24
5.329117923171819426e-02 2.625366277778490163e+24
5.330320532850471582e-02 2.619951783383963122e+24
5.333827182940976963e-02 2.605460727494036775e+24
5.336023043344503836e-02 2.598015506105733321e+24
5.338128019253321477e-02 2.589511833988907586e+24
5.342542714073905685e-02 2.574032116196503827e+24
5.342814520777978970e-02 2.572653605926738739e+24
5.343323632730520578e-02 2.570133949915302141e+24
5.344591811352074340e-02 2.567394231724221053e+24
5.344895714676725640e-02 2.566051196586677087e+24
5.354255906662473002e-02 2.533941390337788606e+24
5.354353262670918240e-02 2.533914124999969984e+24
5.354456138827596440e-02 2.533288413327304260e+24
5.363843952928046971e-02 2.508355026438275587e+24
5.365105761073035717e-02 2.505327143701790019e+24
5.365403931350927469e-02 2.505346593945970966e+24
5.366142363540161997e-02 2.502606275679399675e+24
5.372207136156810503e-02 2.486704131629315615e+24
5.372584157431108121e-02 2.485603856657466490e+24
5.372819622196681882e-02 2.485159653434171054e+24
5.374563927391001056e-02 2.482498604598822860e+24
5.376098048925480322e-02 2.476968376979592229e+24
5.376112498882834601e-02 2.476981507275823960e+24
5.377646620417317336e-02 2.474952368303712447e+24
5.377661070374670227e-02 2.474941571721334798e+24
5.377868019017016665e-02 2.474508737591778845e+24
5.386647187486359040e-02 2.458497760813739223e+24
5.391270155855695800e-02 2.449386064561304729e+24
5.391858365338129261e-02 2.449809100608142385e+24
5.393796262571359107e-02 2.443018259715469699e+24
5.398690573613934562e-02 2.435780112877042935e+24
5.399601704538293384e-02 2.434348817457679388e+24
5.399721089566348470e-02 2.433691345167953873e+24
5.406560731511056428e-02 2.424206283389500033e+24
5.406644076493246492e-02 2.424454191926895173e+24
5.410428929289054500e-02 2.418278377332423185e+24
5.413261921690918493e-02 2.413718468529635243e+24
5.413322651391847679e-02 2.413448688485688884e+24
5.414139774081272449e-02 2.412541520769874280e+24
5.416122472370387547e-02 2.409483440452322762e+24
5.418554284520639419e-02 2.407090970787949538e+24
5.418990365119718405e-02 2.406015287412032367e+24
5.420249561835878416e-02 2.404827395245974844e+24
5.421652080353819847e-02 2.403622583721605024e+24
5.424044078037172645e-02 2.400484036085280854e+24
5.430270948371548889e-02 2.393809523476485246e+24
5.430523744544193954e-02 2.394089531128798591e+24
5.432090367755351701e-02 2.390047374490281001e+24
5.433601056253151845e-02 2.389747557399576380e+24
5.433988970817349440e-02 2.389173881557782960e+24
5.438932059072937308e-02 2.382012909110763679e+24
5.443357112737635256e-02 2.376642685288508574e+24
5.444619217874410722e-02 2.375199272525352615e+24
5.448227423067433794e-02 2.374095020502081184e+24
5.451083206793360530e-02 2.370748343058290434e+24
5.451367382321020000e-02 2.370823668893539262e+24
5.451501069269758942e-02 2.370824621246213486e+24
5.451694786412805693e-02 2.371473377720517205e+24
5.453558755590280638e-02 2.369628585433462301e+24
5.457213226721129712e-02 2.365468335582424699e+24
5.458265237858425656e-02 2.363986980924581940e+24
5.460201178532347877e-02 2.361903575130236340e+24
5.462209832178635538e-02 2.359988775365687755e+24
5.463199240173963189e-02 2.360688858087866692e+24
5.463861733698918699e-02 2.360326860091685083e+24
5.464587738541257927e-02 2.359811576573706484e+24
5.465207848057125617e-02 2.359342600016831890e+24
5.466295858732871799e-02 2.357985386224933977e+24
5.468671156576762615e-02 2.356122864525014452e+24
5.475541863619233507e-02 2.351188397682203132e+24
5.475656266463675703e-02 2.350568514111160243e+24
5.476225941740592296e-02 2.349927340108300606e+24
5.480395718743644173e-02 2.347043227528239392e+24
5.484516713283060091e-02 2.345376818701342578e+24
5.484665680360178291e-02 2.345389522251714891e+24
5.484896757176364185e-02 2.345447340789348302e+24
5.485894513090958102e-02 2.343724069242453677e+24
5.486884966677506997e-02 2.343798219349693924e+24
5.487061964485560189e-02 2.343076905348644276e+24
5.487413149151602193e-02 2.343173494846976409e+24
5.489547172546071357e-02 2.342408573113972537e+24
5.489590576300552860e-02 2.342395071167011848e+24
5.494549770250581333e-02 2.339956609290095152e+24
5.494658163312483856e-02 2.339974394372900740e+24
5.497250206516526849e-02 2.339478050794673181e+24
5.498904653055335795e-02 2.336713875692593072e+24
5.498979264110494258e-02 2.336708786819675751e+24
5.501934294276747406e-02 2.336138774305400628e+24
5.504135358657875898e-02 2.334284786881388440e+24
5.508149616926832220e-02 2.329502850540396429e+24
5.512386374526954264e-02 2.328332922283057545e+24
5.513000032365294317e-02 2.328378625474045451e+24
5.513776460145383695e-02 2.327306001097233317e+24
5.519451439805503346e-02 2.326289637988206283e+24
5.522344591199736252e-02 2.323675615290930961e+24
5.523707836688684925e-02 2.322718081863818511e+24
5.526390069784375969e-02 2.322991204759349924e+24
5.530947622946873893e-02 2.319757910674695613e+24
5.531553754344055440e-02 2.319823849956980921e+24
5.531572797001626379e-02 2.319823857620741786e+24
5.531744994541879651e-02 2.319153728270029516e+24
5.534509780844040772e-02 2.318694869920552493e+24
5.535712035279635734e-02 2.319356405289477030e+24
5.538455874435657678e-02 2.318344002063242241e+24
5.538605404807951660e-02 2.317687816554651067e+24
5.540829064386048469e-02 2.316917560258745558e+24
5.542228739603507343e-02 2.316439965524024191e+24
5.542306407794894696e-02 2.316439953643883194e+24
5.542462762997844156e-02 2.316436818639325879e+24
5.544530433379105810e-02 2.314572550383372134e+24
5.545163583362382881e-02 2.313971034606549001e+24
5.548430921904680402e-02 2.314760406758384019e+24
5.550450315787842925e-02 2.313557046597872268e+24
5.551039951130148226e-02 2.313041066295359032e+24
5.551289610396731994e-02 2.313061357209243034e+24
5.551633512267132448e-02 2.313722493598375952e+24
5.551974938370332624e-02 2.313728865828098774e+24
5.552324955341483848e-02 2.313785498338824745e+24
5.553029313518174914e-02 2.313137724774460827e+24
5.554987356425714756e-02 2.311108497702801975e+24
5.558287011370522529e-02 2.310450092150712871e+24
5.558775690478249404e-02 2.310449263473875183e+24
5.560916905916675479e-02 2.307571187808282429e+24
5.561061981377310448e-02 2.307560269574877158e+24
5.564941798564862485e-02 2.309262259112503207e+24
5.565125922784928264e-02 2.308557324095252270e+24
5.566318478742211806e-02 2.308571650810771336e+24
5.566622123055380705e-02 2.307553824876995516e+24
5.569927789495075082e-02 2.307104704045546276e+24
5.570348533547184872e-02 2.307069470490056871e+24
5.571713563409057268e-02 2.307338139562876575e+24
5.572129282304828790e-02 2.307354319069288702e+24
5.574913780425286985e-02 2.307901153373830842e+24
5.575515852520379623e-02 2.307901966283979415e+24
5.576067232400208629e-02 2.307912095095826260e+24
5.577986869954220522e-02 2.307445446551152106e+24
5.587088378166953778e-02 2.302339669955901496e+24
5.592313783135586386e-02 2.301225512075518947e+24
5.600397458579158688e-02 2.299201069353220293e+24
5.603571713111874658e-02 2.299070228101541935e+24
5.604028711767566895e-02 2.299080278403804945e+24
5.605003801976831540e-02 2.297615130239484564e+24
5.605353525168939310e-02 2.297707881568411777e+24
5.605791797027508822e-02 2.297699952314723227e+24
5.606831631013632633e-02 2.297097052988843493e+24
5.617804613574559069e-02 2.294828031154136289e+24
5.618849024241973772e-02 2.295195674107635099e+24
5.621805141522520644e-02 2.294620794703781334e+24
5.629822684347467882e-02 2.291763890823296593e+24
5.639266914796467467e-02 2.291591810364316880e+24
5.641198707968692050e-02 2.290968386505361276e+24
5.648052761284474976e-02 2.290345406331555976e+24
5.654138607636386565e-02 2.289607831386605121e+24
5.660898996051214743e-02 2.285164419846206418e+24
5.667414420883940679e-02 2.285961724852189528e+24
5.669774140281759467e-02 2.285029759938070367e+24
5.684436459894889881e-02 2.283002575109101204e+24
5.688519216862000794e-02 2.282204403895125838e+24
5.693292811788013691e-02 2.283570400510699937e+24
5.702223083906191037e-02 2.281242325373957230e+24
5.713028753613195315e-02 2.280443574654357593e+24
5.727235742789635320e-02 2.280835971843378416e+24
5.730113666799502986e-02 2.278434665554474860e+24
5.752248401673080297e-02 2.276219529415070350e+24
5.752767098208402818e-02 2.276219478770580690e+24
5.754770811187626123e-02 2.275823499867298428e+24
5.775009151608134078e-02 2.275144898603678853e+24
5.777261060556523192e-02 2.275828518800827104e+24
5.799665604579901101e-02 2.272735081897117620e+24
5.804151133163992088e-02 2.273345212487326774e+24
5.812760407931610862e-02 2.273219777973716672e+24
5.822098559601367879e-02 2.272252234970195802e+24
5.824295766486909526e-02 2.272252216077358100e+24
5.824833113973420379e-02 2.272906087966226120e+24
5.834282320758872598e-02 2.271082768017216126e+24
5.844531514622833268e-02 2.269886175545485141e+24
5.845515094782849363e-02 2.269318441588926313e+24
5.849114489706255804e-02 2.268979140900853528e+24
5.866000150642578653e-02 2.269253384076817777e+24
5.875769831876186816e-02 2.269022359898129653e+24
5.888094627878625448e-02 2.268889965848459582e+24
5.896675333913111577e-02 2.268477076663724889e+24
5.910706502592538020e-02 2.267595511735544682e+24
5.920234855052649431e-02 2.267714820732892488e+24
5.924596147145649860e-02 2.268764276652607564e+24
5.927632543478144472e-02 2.268903369811626591e+24
5.945744031407055458e-02 2.268121024618000925e+24
5.968951279950227701e-02 2.266699820251056439e+24
5.976370755037929000e-02 2.266847155836631237e+24
5.977072967977334339e-02 2.266858016536507890e+24
5.987452303796115399e-02 2.266804478150266864e+24
5.989168612696343236e-02 2.266849329608962307e+24
5.989196183331642331e-02 2.266849333866019538e+24
5.989211229848052931e-02 2.266849325351484170e+24
5.989502324121868254e-02 2.266849341245536246e+24
6.011597913429270884e-02 2.266042228420921635e+24
6.016486163070547399e-02 2.266209431191737153e+24
6.017391026454099734e-02 2.266209365957373780e+24
6.019067371530772287e-02 2.266209421947756083e+24
6.042309964893834151e-02 2.264437982781998014e+24
6.042388449823154345e-02 2.264437935075522878e+24
6.042470261265289744e-02 2.264437954574389860e+24
6.042901939736580741e-02 2.264437905311732108e+24
6.065532063031075366e-02 2.264615963619522207e+24
6.066824836981983549e-02 2.264616024210545970e+24
6.067549496076479754e-02 2.264616060250007125e+24
6.069021581658920472e-02 2.264616125589602297e+24
6.069596767299597490e-02 2.264616180926772419e+24
6.073168728533869659e-02 2.264677999771303295e+24
6.073313685471361939e-02 2.264678029408128658e+24
6.073737075604826452e-02 2.264678005186502484e+24
6.074020587036621510e-02 2.264678022400342980e+24
6.078370290823817412e-02 2.264677898722164613e+24
6.087632814121966135e-02 2.264623731261565015e+24
6.093409712473503437e-02 2.264955664953322016e+24
6.094279851490402855e-02 2.264955667330031558e+24
6.094730126038376550e-02 2.264955580463092857e+24
6.096482381587702698e-02 2.264955599840166915e+24
6.098802397070221537e-02 2.264955588289672442e+24
6.103046690784871831e-02 2.265066482807488830e+24
6.104403865971746307e-02 2.265066554662146200e+24
6.109379570522810443e-02 2.264486654301655922e+24
6.110424768581701471e-02 2.264486650567750404e+24
6.111248664161467864e-02 2.264486712461157233e+24
6.115975018796574597e-02 2.264480349662307225e+24
6.116156154161504072e-02 2.264480331496354889e+24
6.118024546175426792e-02 2.264475284714797822e+24
6.125010270830046066e-02 2.264571064212921046e+24
6.125048289090397058e-02 2.264571067365583808e+24
6.125399379125493621e-02 2.264571133617050734e+24
6.132317339534585493e-02 2.264687687241715172e+24
6.132709444214619332e-02 2.264766839595050895e+24
6.133910608073637333e-02 2.264820226935576039e+24
6.134198857670174893e-02 2.264820161593241214e+24
6.137600623396338023e-02 2.264346359302294453e+24
6.143186388034271167e-02 2.264632189447121456e+24
6.144351559238624833e-02 2.264643235949201305e+24
6.145731702422104620e-02 2.264643207131734638e+24
6.148005114633178780e-02 2.264294236128366459e+24
6.149856128666984084e-02 2.264294387870489544e+24
6.150187353351672936e-02 2.264294410910353588e+24
6.154964188419559390e-02 2.264329495015484660e+24
6.158409605870018150e-02 2.264614825946504147e+24
6.158909037625635158e-02 2.264631200557349156e+24
6.162758616532241357e-02 2.264690745931839457e+24
6.163921903667757274e-02 2.264690742484473756e+24
6.165021048206589110e-02 2.264690687495710039e+24
6.165118234998989005e-02 2.264690704275621399e+24
6.165128710928102079e-02 2.264690711341097078e+24
6.165282506803353851e-02 2.264690699404195941e+24
6.166462604812696785e-02 2.264708963132135503e+24
6.167746551495652263e-02 2.264161777706843515e+24
6.168056649021368132e-02 2.264161788651211265e+24
6.168304822331018011e-02 2.264161784916037121e+24
6.169707117189237450e-02 2.263417037905748692e+24
6.176373416366867652e-02 2.264038477209942469e+24
6.176499091385326962e-02 2.264311404065910925e+24
6.177338145750522341e-02 2.264334287782978343e+24
6.180000753680512521e-02 2.264385819504891736e+24
6.181143615607912617e-02 2.264385890055297998e+24
6.181469653353930532e-02 2.264385867932134594e+24
6.186950588160258779e-02 2.263185098458413341e+24
6.187547434626904791e-02 2.263185078979872023e+24
6.189629906530254300e-02 2.263296233876521814e+24
6.192141030036546478e-02 2.263296248019350098e+24
6.195477819575019585e-02 2.263296541516725980e+24
6.195604430333870316e-02 2.263296539236855871e+24
6.198262773584829743e-02 2.263341080465021770e+24
6.198365499989585969e-02 2.263341143811970623e+24
6.200729177316796625e-02 2.263399950974132307e+24
6.200732806522004509e-02 2.263399952928083655e+24
6.200780794609974528e-02 2.263399981340987757e+24
6.204449061059350012e-02 2.263388479834364316e+24
6.208748751794692516e-02 2.262951703164413305e+24
6.208920840053872015e-02 2.262951715018003888e+24
6.209334077855411388e-02 2.262951691383075615e+24
6.209751372752928683e-02 2.262962641650489364e+24
6.209941127709684566e-02 2.262962631034841499e+24
6.210371763873608064e-02 2.262962638409679914e+24
6.210686779317730472e-02 2.262962596559445836e+24
6.210928772715337137e-02 2.262962646400599713e+24
6.211033734527292988e-02 2.262962602377944333e+24
6.211266153923116623e-02 2.262962576561064494e+24
6.218957123898252726e-02 2.263008558795094611e+24
6.221595361368744553e-02 2.263067457325464604e+24
6.223424458918539598e-02 2.263067451592792707e+24
6.224194356665390532e-02 2.263067428018591246e+24
6.228392145173630712e-02 2.263067684529046657e+24
6.231441367584105578e-02 2.263067784637876607e+24
6.232975802696005818e-02 2.263067879030804896e+24
6.233904779702597460e-02 2.263068071848239365e+24
6.234626599639268851e-02 2.263068112010105424e+24
6.236930457126913657e-02 2.263068038991326160e+24
6.238564363052848116e-02 2.263112595427342040e+24
6.242078250237988180e-02 2.263123758508968503e+24
6.242379846663375503e-02 2.263172126027531927e+24
6.247040890150846321e-02 2.262668736789891238e+24
6.248554246777109772e-02 2.262115115781248095e+24
6.250204291454056205e-02 2.262115095676211708e+24
6.253805199624416777e-02 2.262115231223870694e+24
6.253883116782886498e-02 2.262115264131722211e+24
6.255517417248847301e-02 2.262115303634593454e+24
6.259679610560861529e-02 2.262104150663827080e+24
6.259976700093843049e-02 2.262104166954403421e+24
6.259996121088304277e-02 2.262104176960126201e+24
6.260058628460665742e-02 2.262104159638395053e+24
6.260174083063219097e-02 2.262104169200953443e+24
6.260802886999974892e-02 2.262104217179382151e+24
6.263215703655149180e-02 2.262104379685947948e+24
6.263732329243518193e-02 2.262104380133266644e+24
6.264902005780749461e-02 2.262104461071974461e+24
6.265418631369115698e-02 2.262097027135197390e+24
6.268287533756192187e-02 2.262097210475911880e+24
6.270053036890547993e-02 2.262097041554258912e+24
6.271879190631184098e-02 2.262097005974408382e+24
6.273328521570878391e-02 2.262108017878037728e+24
6.274237373327341827e-02 2.262108019431270238e+24
6.276295353408409272e-02 2.262108079085236827e+24
6.276559980700029129e-02 2.262108120694269032e+24
6.276687331048819152e-02 2.262108094871187260e+24
6.282575163689975428e-02 2.261655097486809256e+24
6.284276073402920992e-02 2.261655078690372096e+24
6.285634250904750808e-02 2.261703443915720142e+24
6.290128541142858687e-02 2.261703396294823034e+24
6.290293386961824662e-02 2.261703422613649527e+24
6.290458716599325872e-02 2.261703418092555961e+24
6.295025916453945991e-02 2.261703823165988660e+24
6.295834758232898842e-02 2.261703749701459436e+24
6.297856176050913024e-02 2.261735543272355884e+24
6.298437995715036597e-02 2.261735554782701271e+24
6.299231135584072716e-02 2.261735606056575438e+24
6.301319696604604226e-02 2.261735805790824151e+24
6.303955350022036330e-02 2.261794557674754207e+24
6.305864132790159338e-02 2.261794423454658338e+24
6.306596450402503218e-02 2.261794390600783017e+24
6.307313083306625989e-02 2.261794356607441330e+24
6.312458716644379908e-02 2.261310146895280708e+24
6.318268781992851524e-02 2.261310611778834002e+24
6.320137248893085979e-02 2.261310907202519360e+24
6.321588286745601082e-02 2.261311061479425575e+24
6.325617863359457582e-02 2.261310938280139015e+24
6.330633646974903606e-02 2.261310792828368659e+24
6.334573264978002327e-02 2.261340394820806814e+24
6.334590974028427024e-02 2.261340386534942484e+24
6.336356547462471123e-02 2.261340563109011698e+24
6.338780104018286454e-02 2.261340880071386009e+24
6.340845583353142689e-02 2.261341108314444101e+24
6.341437759303933386e-02 2.261341014251397485e+24
6.344756235709707315e-02 2.261407332122195099e+24
6.346149380465132550e-02 2.261407225901424019e+24
6.347821132038158898e-02 2.261407171144116626e+24
6.349002194836295132e-02 2.261407281756157296e+24
6.349831461166197122e-02 2.261407231166021789e+24
6.350514334905181524e-02 2.261407240317253041e+24
6.351676206798698154e-02 2.261407251455662044e+24
6.358096992634434952e-02 2.261398192339010670e+24
6.358108899622494370e-02 2.261398183296205867e+24
6.358188385069205029e-02 2.261478753461423575e+24
6.362518055886642876e-02 2.260967943170183274e+24
6.364005989754725756e-02 2.260967934488965594e+24
6.369424134110761304e-02 2.260956760389325846e+24
6.369814426944502006e-02 2.260956849130880870e+24
6.373173167134964234e-02 2.261298927391361978e+24
6.373711778300257536e-02 2.261299002727877126e+24
6.375550720381940872e-02 2.261299044546588560e+24
6.378197838220386884e-02 2.261299164779569111e+24
6.381664672049472409e-02 2.261378320075050042e+24
6.382683099232272506e-02 2.260902597595343775e+24
6.384471800282708054e-02 2.260902504004867311e+24
6.385354936325955688e-02 2.260902538199072808e+24
6.388500810202905889e-02 2.260902711862451275e+24
6.389591265457915392e-02 2.260902735424104184e+24
6.392402030195125373e-02 2.260913734613509347e+24
6.397536288534230731e-02 2.260924937904669833e+24
6.400845999609303116e-02 2.260925031311636840e+24
6.401508894043642095e-02 2.260925012184598061e+24
6.404493772834728149e-02 2.260924993924010684e+24
6.407891948902511015e-02 2.260925170582295616e+24
6.412944593628384926e-02 2.260925613219234187e+24
6.414516977884375526e-02 2.260925546406217735e+24
6.416585515474330925e-02 2.260925598056044885e+24
6.418693886980673946e-02 2.260925778532093766e+24
6.419487444667514031e-02 2.260925802768325782e+24
6.424061414888171395e-02 2.261194304834720173e+24
6.425631533907535942e-02 2.261194393818189498e+24
6.426393581512306052e-02 2.261194411290041027e+24
6.428176475610335172e-02 2.261205532767770187e+24
6.429451183717188600e-02 2.261205657577137176e+24
6.438044869490316957e-02 2.261197087523286022e+24
6.438890586760780133e-02 2.261197177697038693e+24
6.441322236297354620e-02 2.261197296327973088e+24
6.441424261622094583e-02 2.261197272124845875e+24
6.442413909831663787e-02 2.261197401250659291e+24
6.445375870795543027e-02 2.261197487289125644e+24
6.445565390668320238e-02 2.261197494380465347e+24
6.451474620010780314e-02 2.261197477115357974e+24
6.453102038343316860e-02 2.261197580891109936e+24
6.457085326313573292e-02 2.261212630447150212e+24
6.457256599243205164e-02 2.261212648920676162e+24
6.459927652153900357e-02 2.261212852499431438e+24
6.460849226542467183e-02 2.261212962259171549e+24
6.461017270257077283e-02 2.261213017935343172e+24
6.466935010476158874e-02 2.261213334906088643e+24
6.467987473490802164e-02 2.261213321257132742e+24
6.469137316788478587e-02 2.261297630941920711e+24
6.470019956166211950e-02 2.261353964531552543e+24
6.474636816157881836e-02 2.261354102617932070e+24
6.475073289820434952e-02 2.261354101928482981e+24
6.475764461308168574e-02 2.261354032391646588e+24
6.478790968760771152e-02 2.260866354717403029e+24
6.483769505452914583e-02 2.261136067728885877e+24
6.484845304485570283e-02 2.261135984007002745e+24
6.486406783983941771e-02 2.261136099438793169e+24
6.489589253830362059e-02 2.261135993292683116e+24
6.489710840831548755e-02 2.261135966969339929e+24
6.494617319150705614e-02 2.261136205149274622e+24
6.500274060593172476e-02 2.261162387462798019e+24
6.502008398656829169e-02 2.261162629423176348e+24
6.502787984653912723e-02 2.261162634582948462e+24
6.503322009216751243e-02 2.261162558758883391e+24
6.503437781917349725e-02 2.261162560342994031e+24
6.504284718805039556e-02 2.261162630662270654e+24
6.504650451454556392e-02 2.261162702724964429e+24
6.504764046233793562e-02 2.261162720309596163e+24
6.507651649501793034e-02 2.261442651701648632e+24
6.513009794856243484e-02 2.261442756317609208e+24
6.515516372447810456e-02 2.261442992809114411e+24
6.515866527272953790e-02 2.261443034832784369e+24
6.516670582689747249e-02 2.261443029170047693e+24
6.523192867205124257e-02 2.261443387268387989e+24
6.526067865859079553e-02 2.261443546269724139e+24
6.526169881265064809e-02 2.261443555688707409e+24
6.526457650370116881e-02 2.261443565435004769e+24
6.533409241740384399e-02 2.261443773926389003e+24
6.534792068996103653e-02 2.261443887144417454e+24
6.535584424244238189e-02 2.261443907682761548e+24
6.536688742823244802e-02 2.261443897302215899e+24
6.537409249467605876e-02 2.261443950942731131e+24
6.538177211087593810e-02 2.261443882001471679e+24
6.547935868893596523e-02 2.261433125502844836e+24
6.548576851614511252e-02 2.261494672187990330e+24
6.551716478048175141e-02 2.261494843249964819e+24
6.562715380006299559e-02 2.260998573507067385e+24
6.563434552613002515e-02 2.260998650024162742e+24
6.564074666511685030e-02 2.260998673282956301e+24
6.564989886161579080e-02 2.260979633405418090e+24
6.566840422433083135e-02 2.260979705855700451e+24
6.567533088966409638e-02 2.260979656760287115e+24
6.569320148324363229e-02 2.260979748777769656e+24
6.570362283282575599e-02 2.261071333974754403e+24
6.573545553197437941e-02 2.261071371705287795e+24
6.576626202873146754e-02 2.261071465420000214e+24
6.580930495706574512e-02 2.261071879646523886e+24
6.583073820535979837e-02 2.261071924512219606e+24
6.584316012015151154e-02 2.261124148388882138e+24
6.584840864263999394e-02 2.261124187008791856e+24
6.587626830783051279e-02 2.261124543195956531e+24
6.590390984638032357e-02 2.261124544185271109e+24
6.591584677114857571e-02 2.261124548965532128e+24
6.595877920658160809e-02 2.261260065550422556e+24
6.597295017735252398e-02 2.261260077353631025e+24
6.597696791970561470e-02 2.261260073197438149e+24
6.598134424396333297e-02 2.261260101153598785e+24
6.598871011173156054e-02 2.261260357740987798e+24
6.607159459090908293e-02 2.261260684124030350e+24
6.609448834950648610e-02 2.261260856123379304e+24
6.618274992778518107e-02 2.261261063029501041e+24
6.621865750303905507e-02 2.261261142491319660e+24
6.625747809153718915e-02 2.261261531127763268e+24
6.628016842793636731e-02 2.261261445836083279e+24
6.635936413570141246e-02 2.261261622245864088e+24
6.636028001100703622e-02 2.261261652954392239e+24
6.638949975335010911e-02 2.261250830256397227e+24
6.639208482594320671e-02 2.261250873586124059e+24
6.643031022016564202e-02 2.261248557974874766e+24
6.648982847726801759e-02 2.261263505659261937e+24
6.649184872788807543e-02 2.261263542540695327e+24
6.659561801271576820e-02 2.261533534561283433e+24
6.660486332334408788e-02 2.261533675361674537e+24
6.662616823330992644e-02 2.261544730005095750e+24
6.667293480495165015e-02 2.261635317390893396e+24
6.674840953396181387e-02 2.261682976805493462e+24
6.690076121390052533e-02 2.261766066517631547e+24
6.708187287020028755e-02 2.261766777950557216e+24
6.712858762284941438e-02 2.261767081084157157e+24
6.735273382276185661e-02 2.261373294783309227e+24
6.735641403179828957e-02 2.261373337399906131e+24
6.735950407386075145e-02 2.261373374961435781e+24
6.737224317805566576e-02 2.261373533284666656e+24
6.761321078634401072e-02 2.261638342776968853e+24
6.767425916156262489e-02 2.261695075703272143e+24
6.788607015634551267e-02 2.261256536552629974e+24
6.793853393193712009e-02 2.261256840901563389e+24
6.800352031952515419e-02 2.261257024441889168e+24
6.826385707753021559e-02 2.261260150182660782e+24
6.833278147748768350e-02 2.261260342104855757e+24
6.855298708829420107e-02 2.260857825985078164e+24
6.856517632237688065e-02 2.260858010273959029e+24
6.856793407848135735e-02 2.260857974725841865e+24
6.878285365974885768e-02 2.261149852755580898e+24
6.880308667947500345e-02 2.261149977659102697e+24
6.894870906880601336e-02 2.261230562528689356e+24
6.903823928046869118e-02 2.261583913185520176e+24
6.914784763243411736e-02 2.261640956115721008e+24
6.936702603491677610e-02 2.261489159941932223e+24
6.944926489350336518e-02 2.261091187348455920e+24
6.945927840690253874e-02 2.261091196002731270e+24
6.946979200721023484e-02 2.261091194694609054e+24
6.954278365401937723e-02 2.260828088906647326e+24
6.961739183969321842e-02 2.260828204306847460e+24
6.975229232473230401e-02 2.260828897996333637e+24
6.979348805597399008e-02 2.260828936958111746e+24
6.984996150165320716e-02 2.260887044315820855e+24
6.990169520597243336e-02 2.260887157063183168e+24
6.999015004613187707e-02 2.260955618086389681e+24
7.002706648857037752e-02 2.261002188629768174e+24
7.022722263936452547e-02 2.261003347297428191e+24
7.028139809210401379e-02 2.261003484488389982e+24
7.037534928397101708e-02 2.261003775041675574e+24
7.042410021594469605e-02 2.261004134155096762e+24
7.047872573315713818e-02 2.261004423083844797e+24
7.050086916656549130e-02 2.260592198826002653e+24
7.050098586609000739e-02 2.260592204551891186e+24
7.052158977511042981e-02 2.260592331628963862e+24
7.055105873059212829e-02 2.260592527045665831e+24
7.057264067563473464e-02 2.260592615772597833e+24
7.067533618226358449e-02 2.260593048479038098e+24
7.076101335633487588e-02 2.260593453387910199e+24
7.088273755995382064e-02 2.260594084449411089e+24
7.094467415412984701e-02 2.260594238133101253e+24
7.105944407760415860e-02 2.260594777907101371e+24
7.107344331473816612e-02 2.260594794950072767e+24
7.109228746615101069e-02 2.260594801184539652e+24
7.111264631777396150e-02 2.260595046722042428e+24
7.112255173209240666e-02 2.260595082585736609e+24
7.113202743144429741e-02 2.260595141845479693e+24
7.114677781176574622e-02 2.260595172260423475e+24
7.116495379184077652e-02 2.260595312984879020e+24
7.119810028965281590e-02 2.260200366379869349e+24
7.123478158990241560e-02 2.260200450772127619e+24
7.125170201901660783e-02 2.260200537567279431e+24
7.130313610759508869e-02 2.260211675083452904e+24
7.132947085664721742e-02 2.260211931899175264e+24
7.141412039674381595e-02 2.260212373912940924e+24
7.141422686267556719e-02 2.260212378566036283e+24
7.145344081008679626e-02 2.260212678203136098e+24
7.146030507081191363e-02 2.260212650664117987e+24
7.146230051162832941e-02 2.260212683822950481e+24
7.150701903319214847e-02 2.260212787575376207e+24
7.151773006701760138e-02 2.260212836162625388e+24
7.153439886292481398e-02 2.260212907334974858e+24
7.159659337795167000e-02 2.260224283451667696e+24
7.160616818305737263e-02 2.260224199993230879e+24
7.161426301518891702e-02 2.260224230224173698e+24
7.162490465335817624e-02 2.260224339651739429e+24
7.164027666148332918e-02 2.260224444936120129e+24
7.165324455357506561e-02 2.260224496732980652e+24
7.167889028088886283e-02 2.260224659633740158e+24
7.168843708818092852e-02 2.260224750223646706e+24
7.172218415367577482e-02 2.260224894099240836e+24
7.174267823292954094e-02 2.260225043227759016e+24
7.174930315101733791e-02 2.260225061705709051e+24
7.175538294132827177e-02 2.260225072214634763e+24
7.175680412954889287e-02 2.260225089051630533e+24
7.175681111544753021e-02 2.260225089051630533e+24
7.175821923525486923e-02 2.260225132922459625e+24
7.176055854570517756e-02 2.260225121806714359e+24
7.176466452440180555e-02 2.260225121330418592e+24
7.177302285621638134e-02 2.260225123131036923e+24
7.183433167898169158e-02 2.260225276577551745e+24
7.184692005339693432e-02 2.260225443848707300e+24
7.184927714298904033e-02 2.260225497136514449e+24
7.185662063728545657e-02 2.260225574874475466e+24
7.187930375933219984e-02 2.260225631727398334e+24
7.189017695221742998e-02 2.260225700255146925e+24
7.192493609408588673e-02 2.260225888788527341e+24
7.193035338419385971e-02 2.260225902316473880e+24
7.194305040250029148e-02 2.260225866341097664e+24
7.194613170929653467e-02 2.260225807260776034e+24
7.198864432661708501e-02 2.260226147830023624e+24
7.204947742411471623e-02 2.260226251467294029e+24
7.206373929173749693e-02 2.260226386415830847e+24
7.213843260997308826e-02 2.260226690436636546e+24
7.214601264268898084e-02 2.260226832972381268e+24
7.217896460365756661e-02 2.260227029568719895e+24
7.219174320649034138e-02 2.260227048229507493e+24
7.220110035557920913e-02 2.260227138971455078e+24
7.221660303475067877e-02 2.260227195507014491e+24
7.224012393499482099e-02 2.260227133888813060e+24
7.224939904922343670e-02 2.260227183776771074e+24
7.226244707269746659e-02 2.260227117404902255e+24
7.226643640128894985e-02 2.260227168986759669e+24
7.226980941289480598e-02 2.260227186997910915e+24
7.228446995605114500e-02 2.260227352623056761e+24
7.229546902351779991e-02 2.260227455104541534e+24
7.231016656128619324e-02 2.260227393421327720e+24
7.231446775124993065e-02 2.260227404032450031e+24
7.231961402389153193e-02 2.260227387615800830e+24
7.239836679699289401e-02 2.260227645491550110e+24
7.240568467808362885e-02 2.260227584657742851e+24
7.245738589985123435e-02 2.260228020062014746e+24
7.246251800338522620e-02 2.260228057873453511e+24
7.251841348680913846e-02 2.260228300277265470e+24
7.255263488028994290e-02 2.260228537204047622e+24
7.255806134511191829e-02 2.260228562056634289e+24
7.261007650178613604e-02 2.260228712554560110e+24
7.264762295199475584e-02 2.260228949387213760e+24
7.270669449510797078e-02 2.260229203518985286e+24
7.271792734959289795e-02 2.260229191759309801e+24
7.272776669135497252e-02 2.260229305183052153e+24
7.273899954583994132e-02 2.260229499418839173e+24
7.274883888760200201e-02 2.260229358375231319e+24
7.275496140618897822e-02 2.260229450113071492e+24
7.275630299280072544e-02 2.260229483070187895e+24
7.285076102106061158e-02 2.260229872321445065e+24
7.286106783856442781e-02 2.260229872270056050e+24
7.290603247640553564e-02 2.260230110197711074e+24
7.290759908898834796e-02 2.260230101854362903e+24
7.299133525303369563e-02 2.260230504512719923e+24
7.301146521653112398e-02 2.260230525807131537e+24
7.301434363262966631e-02 2.260230571785339214e+24
7.306153554383980342e-02 2.260230653321693878e+24
7.309036951929952231e-02 2.260230654551012571e+24
7.316978722360137355e-02 2.260231357043040663e+24
7.317981112320756654e-02 2.260231483106989879e+24
7.318810578496570685e-02 2.260231491302289186e+24
7.319812968457188596e-02 2.260231595229834419e+24
7.320642434632998463e-02 2.260231635177389395e+24
7.321832442713721578e-02 2.260231738907670270e+24
7.322946357126096373e-02 2.260231778608265164e+24
7.324330097802581041e-02 2.260231942953736509e+24
7.325696576221206457e-02 2.260231828369794641e+24
7.333036409927637389e-02 2.260232032549938485e+24
7.333688433871608792e-02 2.260232123669860103e+24
7.335699770013716370e-02 2.260232067793048278e+24
7.340919203160815865e-02 2.260232426844286930e+24
7.342370275018376968e-02 2.260232533233327044e+24
7.351082032090874852e-02 2.260232979352412498e+24
7.355547229083862770e-02 2.260233125143969259e+24
7.357684317446108735e-02 2.260233231472325244e+24
7.363796314128748244e-02 2.260233642494091422e+24
7.368656497592150634e-02 2.260233814060719736e+24
7.370796725212334921e-02 2.260234007628577065e+24
7.370945853621342636e-02 2.260234057816362988e+24
7.372495618311558641e-02 2.260234163872690239e+24
7.372639214357572246e-02 2.260234201865024705e+24
7.374666593694080563e-02 2.260234273339084085e+24
7.375048554606505880e-02 2.260234309256539982e+24
7.375353085997066183e-02 2.260234442886039730e+24
7.377306052864375518e-02 2.260234394822500072e+24
7.377934701283719865e-02 2.260234400143939050e+24
7.378790221454877007e-02 2.260234300015035766e+24
7.381944930471175115e-02 2.260234597825753620e+24
7.387383790903850889e-02 2.260234731524099815e+24
7.393839155370789118e-02 2.260235048455674647e+24
7.399374537841561794e-02 2.260235314451703577e+24
7.399533955142033326e-02 2.260235343060732528e+24
7.400072796837579847e-02 2.260235321876337842e+24
7.405454248867421319e-02 2.260235491245185489e+24
7.406762764091129325e-02 2.260235476273678699e+24
7.418048078513982124e-02 2.260236230148809225e+24
7.422682758390206081e-02 2.260236405060814410e+24
7.423040454117696418e-02 2.260236443829686478e+24
7.425642098890715415e-02 2.260236493055730439e+24
7.427624425114411066e-02 2.260236535413127409e+24
7.429283767601871369e-02 2.260236737081539750e+24
7.431146403273912460e-02 2.260236779684373968e+24
7.433166494854338835e-02 2.260236984128870365e+24
7.435969687598391331e-02 2.260237012628928748e+24
7.438025558392934167e-02 2.260237233948770947e+24
7.441600019662665544e-02 2.260237131863300411e+24
7.442073532424593740e-02 2.260237146207587626e+24
7.444806317429100706e-02 2.260237340908161243e+24
7.446129579669454046e-02 2.260237527168780257e+24
7.450564781342998433e-02 2.260237705214404051e+24
7.450980569994848646e-02 2.260237756782808821e+24
7.453642947259814244e-02 2.260237838352476325e+24
7.453717045577749889e-02 2.260237851070284658e+24
7.454012541522056501e-02 2.260237852824582304e+24
7.455281462259592817e-02 2.260237961180512086e+24
7.457419572260370888e-02 2.260237827090936247e+24
7.459937619498518968e-02 2.260238122379569042e+24
7.460011215256660833e-02 2.260238165229789350e+24
7.461820261904587859e-02 2.260238207269654019e+24
7.463982103336877505e-02 2.260238234782094068e+24
7.465773103591509530e-02 2.260238539337804926e+24
7.468310710998943280e-02 2.260238673575383459e+24
7.469461531596768844e-02 2.260238752805295051e+24
7.472770185602231607e-02 2.260238830443708927e+24
7.474315853773282059e-02 2.260238965338678107e+24
7.476106971596663264e-02 2.260238996463347250e+24
7.476921926630032689e-02 2.260239070252952885e+24
7.480636858039162174e-02 2.260239135936886591e+24
7.483057209174870383e-02 2.260239372649979894e+24
7.483550669114484577e-02 2.260239371443730544e+24
7.487586996581001297e-02 2.260239528094901660e+24
7.502414307326622789e-02 2.260240236382360248e+24
7.510726166707482054e-02 2.260240759060140501e+24
7.518062444759782137e-02 2.260241111061408306e+24
7.521948083009682984e-02 2.260241286163145819e+24
7.541702629351566822e-02 2.260242149847259331e+24
7.545596068806964540e-02 2.260242476372893186e+24
7.546344099921351023e-02 2.260242559380835447e+24
7.549027504515667952e-02 2.260242650116116168e+24
7.558956269555661134e-02 2.260242876622468532e+24
7.576017088449199521e-02 2.260243638799357182e+24
7.580465970906447026e-02 2.260243848164778267e+24
7.592663099524896153e-02 2.260244417846284665e+24
7.594404582747926735e-02 2.260244451178601626e+24
7.602979039342105949e-02 2.260244662470298095e+24
7.605962566978777262e-02 2.260244979786299344e+24
7.631004317405497284e-02 2.260246295389303766e+24
7.660796792476669281e-02 2.260247614204364441e+24
7.691348607114484315e-02 2.260249163344634230e+24
7.710127754256064503e-02 2.260250015091665142e+24
7.721315315011005598e-02 2.260250685503094831e+24
7.729582591419430215e-02 2.260250878910796319e+24
7.733652463187445925e-02 2.260251220103870192e+24
7.751289889537203714e-02 2.260252185339628995e+24
7.760453271238820783e-02 2.260252434633014636e+24
7.782275829702967052e-02 2.260253389455648585e+24
7.826333474592839234e-02 2.260255757135460449e+24
7.883647868485364751e-02 2.260258654347071167e+24
7.937545951700823721e-02 2.260261441865388407e+24
7.992709460823751999e-02 2.260264284646362382e+24
7.993567528738637629e-02 2.260264398303412458e+24
7.999132850614060208e-02 2.260264569814128888e+24
8.003734194462307217e-02 2.260264938673203191e+24
8.015918187160628317e-02 2.260265381275125967e+24
8.021909644855965138e-02 2.260265712916628781e+24
8.047361769429929590e-02 2.260267028020592632e+24
8.050052187319126085e-02 2.260267176905055201e+24
8.076992281881570368e-02 2.260268820552444648e+24
8.090240027581670212e-02 2.260269409543695855e+24
8.093412155925616691e-02 2.260269695792930294e+24
8.113016821823570979e-02 2.260270743360287827e+24
8.188281759993681908e-02 2.260274523743051504e+24
8.196598351382744507e-02 2.260275245763224565e+24
8.205022185206829743e-02 2.260275661293384360e+24
8.226945770000837488e-02 2.260276821387678698e+24
8.259181658538267135e-02 2.260547274068572313e+24
8.262430021356130527e-02 2.260547505461570694e+24
8.321221496353028990e-02 2.260550808687827741e+24
8.386377460726801569e-02 2.260554843709533084e+24
8.406726171389533597e-02 2.260556137831847522e+24
8.424244299270605696e-02 2.260557019938351372e+24
8.450000000000000566e-02 2.260559025549151713e+24
8.505816403082563926e-02 2.260551151619035955e+24
8.507901917998822450e-02 2.260551459357955382e+24
8.564945696511944151e-02 2.260286639483097759e+24
8.621150272387656521e-02 2.260290453430422848e+24
8.627691847726644270e-02 2.260290948262736121e+24
8.679891393023887736e-02 2.260294340975912653e+24
8.729082015412818751e-02 2.260654497420519655e+24
8.742872696569561897e-02 2.260655355878354557e+24
8.781160763904267974e-02 2.260301259768545443e+24
8.801514161916190737e-02 2.260302898452152871e+24
8.810182965590389326e-02 2.260303498701413424e+24
8.845521005724898966e-02 2.260578858469719139e+24
8.865129288948066233e-02 2.260580307255065674e+24
8.891985482718794964e-02 2.260582404192742243e+24
8.902115982906719238e-02 2.260583033682555686e+24
8.920944463659445656e-02 2.260584382097012157e+24
8.949863005716968134e-02 2.260586244483362790e+24
8.951974175788215971e-02 2.260586641350206056e+24
8.974491111934153331e-02 2.260588084837419716e+24
8.983394103125505459e-02 2.260588565357452675e+24
8.994557552158045921e-02 2.260600409447162467e+24
9.026008930466322688e-02 2.260602175870754399e+24
9.038819062628362933e-02 2.260602882818275533e+24
9.047458612275954826e-02 2.260603562645384052e+24
9.051161170024113467e-02 2.260603791942856078e+24
9.090939680220856689e-02 2.260594837002884078e+24
9.092375260070477416e-02 2.260594921102201688e+24
9.106443946245985910e-02 2.260595811054370347e+24
9.108610456213413198e-02 2.260596014067981209e+24
9.116151789885905410e-02 2.260596501918484766e+24
9.143922378033221554e-02 2.260324374879858661e+24
9.189588607215409821e-02 2.260326564177037559e+24
9.193922657542875909e-02 2.260326859851587394e+24
9.200437124771078390e-02 2.260327148814452501e+24
9.212602711150734425e-02 2.260327550192000612e+24
9.247189582505448147e-02 2.260328703988533939e+24
9.270447315136158550e-02 2.260329219055355118e+24
9.275294783014353950e-02 2.260329431315539063e+24
9.290734110673076751e-02 2.260329696467877234e+24
9.295547877238075074e-02 2.260329739246659351e+24
9.313872168059328382e-02 2.260329813762582879e+24
9.351012466051156213e-02 2.260330063923728813e+24
9.395979871271746553e-02 2.260329339745446891e+24
9.414566451797934388e-02 2.260328499343438679e+24
9.420505084323488321e-02 2.260328260914990736e+24
9.421295224967422832e-02 2.260328230841131513e+24
9.427466133592272979e-02 2.260328124896512603e+24
9.434751240932694183e-02 2.260327702034066782e+24
9.435777457547160629e-02 2.260327612872503148e+24
9.440407329448442797e-02 2.260327367664879362e+24
9.447692979333260910e-02 2.260326928044212303e+24
9.457035015555047275e-02 2.260326550085248251e+24
9.490749170173934379e-02 2.260323800821302773e+24
9.570185983417962838e-02 2.260313981330675934e+24
9.607726034062456788e-02 2.260307110288024152e+24
9.621357972958723137e-02 2.260303811179656927e+24
9.637838434801779264e-02 2.260300113858785131e+24
9.657939874160736959e-02 2.260294710503731886e+24
9.668039928132966809e-02 2.260291764521880879e+24
9.706407266657843258e-02 2.260290123747202051e+24
9.756271985430493843e-02 2.260268786505970189e+24
9.756624615134040779e-02 2.260268662079634557e+24
9.758151609601753429e-02 2.260268014504315395e+24
9.812789889093162521e-02 2.260237145685657563e+24
9.829281509731944977e-02 2.260226152446024693e+24
9.854917372548911703e-02 2.260206773984607657e+24
9.880542247209168905e-02 2.260184588314710167e+24
9.891924927949656554e-02 2.260173825851990267e+24
9.905654583595341345e-02 2.260159502346803831e+24
9.952936370068084238e-02 2.260102601113471352e+24
1.000000000000000056e-01 2.260028138685415872e+24
