-2.131628207280300602e-17 1.786088716763053162e+21
1.021774682420236455e-03 2.028948282517104624e+21
1.082835948172075234e-03 2.090107292825385959e+21
1.241994295263289467e-03 1.858416061860433363e+21
1.308613317468570016e-03 1.870837627192051761e+21
1.338128377213827509e-03 1.877050776805405884e+21
2.043549364840494161e-03 2.296372852388547527e+21
2.483988590526593244e-03 1.982596997842755387e+21
3.105927898113776571e-03 2.178132301692028846e+21
3.122299546832294978e-03 2.178307158793606398e+21
3.165443902327151355e-03 2.190586451496050622e+21
3.585056431888627819e-03 2.259082871894398730e+21
3.739238026257346754e-03 2.293623326741470380e+21
4.048008356104052137e-03 2.371809540772220895e+21
4.117539528234406658e-03 2.428734361030159237e+21
4.254746910328229687e-03 2.459204784615966376e+21
4.565196580609391826e-03 2.291444035071697486e+21
4.669803641425716509e-03 2.577538580954291896e+21
5.046505936913562099e-03 2.619455082681378800e+21
5.337404328494105635e-03 2.670110651493868634e+21
5.597362546324682366e-03 2.714631760885860270e+21
5.629016031545432640e-03 2.724727040397031244e+21
5.678208321360081468e-03 2.733140605917681680e+21
5.765915814811968694e-03 2.742955300934200590e+21
5.834151170948871472e-03 2.757080101424507912e+21
6.343476301928085634e-03 2.852424735231823053e+21
6.364867070456106841e-03 2.854436671777656537e+21
6.564847047988699343e-03 2.879445778647934829e+21
6.734604294155943464e-03 2.973888282812680765e+21
6.867282700773874420e-03 2.999906775378228150e+21
6.906527813171817187e-03 3.026225659823892988e+21
6.943077550850983506e-03 3.030244725448639513e+21
6.961857002195841713e-03 3.050131498658303574e+21
7.355954554584343344e-03 3.173125409952847364e+21
7.515911492826351029e-03 3.241375610737980342e+21
7.582400068424288361e-03 3.258316687576906334e+21
7.691264534491214049e-03 3.333218720830928191e+21
7.749660780325364449e-03 3.345847804474087703e+21
7.915812691249126884e-03 3.380650350589734027e+21
8.005599775480423327e-03 3.426263830209467253e+21
8.069247456886394915e-03 3.439342462980738515e+21
8.143367006066383820e-03 3.486342183132002779e+21
8.174667836637677584e-03 3.517314669413675303e+21
8.197578877465415068e-03 3.525971916112066511e+21
8.628977163876125692e-03 3.810051843060935426e+21
8.652466590411049194e-03 3.824323407471774794e+21
8.770383791034373072e-03 3.904293103762258526e+21
8.961665839257091509e-03 4.095063738632358593e+21
9.021723143299119688e-03 4.161629432493930709e+21
9.084139138020294602e-03 4.239308232318816616e+21
9.126433077551973291e-03 4.284659152413448995e+21
9.143336102745255184e-03 4.312946437849504285e+21
9.151114442324867829e-03 4.320673798229157478e+21
9.269780242380832452e-03 4.508657550478672396e+21
9.356809073802921026e-03 4.679642042922491707e+21
9.386951011944855844e-03 4.755827874110800658e+21
9.470203811756401635e-03 5.044510501520205152e+21
9.480850854109995271e-03 5.073767027731324731e+21
9.549084918796208604e-03 5.319398388967117160e+21
9.661214588500197792e-03 5.831323725978727875e+21
9.795495708145477570e-03 6.871450393277443867e+21
9.820353924306371440e-03 7.090880668812954305e+21
9.822992868479971107e-03 7.114473125488857448e+21
9.850114835910925640e-03 7.385876391607555588e+21
9.873812467295187828e-03 7.626373747488432587e+21
9.903964376570833020e-03 7.961447733524859716e+21
9.923829391105464318e-03 8.206908672771443655e+21
9.925738336229219735e-03 8.228101812558495744e+21
9.937866732174470419e-03 8.378955643905109918e+21
9.972741171267451854e-03 8.828768565403018330e+21
9.978878491793108027e-03 8.906443407463805878e+21
1.000133059889276796e-02 9.198438215913308160e+21
1.000870335941539922e-02 9.305417712871499891e+21
1.001189949860078685e-02 9.345171608622235386e+21
1.007179870294331626e-02 1.025178122196384062e+22
1.007415178934337185e-02 1.028982817765787173e+22
1.007551932944589571e-02 1.030665820502773413e+22
1.009709713959489399e-02 1.060752672069421892e+22
1.009784118922979305e-02 1.061903573410597202e+22
1.011098793619809658e-02 1.080777530178942901e+22
1.011146227025623741e-02 1.081499512537427948e+22
1.012613530583605231e-02 1.102301592340202835e+22
1.014265030956428178e-02 1.124556137439525077e+22
1.014434076286827545e-02 1.126746210339523029e+22
1.016703598711285808e-02 1.159611019584479219e+22
1.019674672021861003e-02 1.200013122186055464e+22
1.019724936395571303e-02 1.200633435774463561e+22
1.019966167999347521e-02 1.204317876469644447e+22
1.024279838482855358e-02 1.263346596779541922e+22
1.025328107620962145e-02 1.276552978127380913e+22
1.026184459297238040e-02 1.288388296847977873e+22
1.027142787708379933e-02 1.300290660770808175e+22
1.028309460473656248e-02 1.315342693122367606e+22
1.029039725766969261e-02 1.326815581145232363e+22
1.030424573848422697e-02 1.344736683351584486e+22
1.034699463583585270e-02 1.398548362688850402e+22
1.041201310471871061e-02 1.475653694015790698e+22
1.043432419706747868e-02 1.500469544109676587e+22
1.045711578561956019e-02 1.527279445754312340e+22
1.047993510813565940e-02 1.552611811588008470e+22
1.049243271727058266e-02 1.566393852749512756e+22
1.051638305186538246e-02 1.599423821502787407e+22
1.051882208388589014e-02 1.602074319589576645e+22
1.062811195348468789e-02 1.718639226690350560e+22
1.063718416581395897e-02 1.728252884489330072e+22
1.063977285279696719e-02 1.730742547245823531e+22
1.070275594069763220e-02 1.794971469727608393e+22
1.070721845617770597e-02 1.800067094446755912e+22
1.075354639552530446e-02 1.851174925404639697e+22
1.075639027479380512e-02 1.853836954257200251e+22
1.077378197485538182e-02 1.870111149692577802e+22
1.077434205817550186e-02 1.870618956571218018e+22
1.079173375823708377e-02 1.887255721443231950e+22
1.079229384155720728e-02 1.887795024058006897e+22
1.081043046442124560e-02 1.903972507288038120e+22
1.081502377897753352e-02 1.908641825942306973e+22
1.085145951676737448e-02 1.943516143667892349e+22
1.088866955110842465e-02 1.977924183042282016e+22
1.091281637194264735e-02 2.001667754038129381e+22
1.096900736220381492e-02 2.052456353877864114e+22
1.105324192216972611e-02 2.126832771119912793e+22
1.105812213710187161e-02 2.130992799929746850e+22
1.108370115534495180e-02 2.155454743745190376e+22
1.117134401201776671e-02 2.231536323550713689e+22
1.118502100440678902e-02 2.242905725338197269e+22
1.122757472309531164e-02 2.280353798716094467e+22
1.124092099371442992e-02 2.291313554865021098e+22
1.124374692639994698e-02 2.293442147690324427e+22
1.126585051932358847e-02 2.311925083062314572e+22
1.128648377727555982e-02 2.327522130487273954e+22
1.129936914533718854e-02 2.337637762055049262e+22
1.131887829733288671e-02 2.353251018100868488e+22
1.133101721594678007e-02 2.363269824944491882e+22
1.134136427984110650e-02 2.370858880321361386e+22
1.136246205435306744e-02 2.389466169908961844e+22
1.137602149550759681e-02 2.399805292545772513e+22
1.140388995727916951e-02 2.420301902857903066e+22
1.143929972716306413e-02 2.447213444200650087e+22
1.150064532912379971e-02 2.496281731471826643e+22
1.153796939225947352e-02 2.523816492805832835e+22
1.157420254676253847e-02 2.549740875803572096e+22
1.165066015016535776e-02 2.607789619529907385e+22
1.165834731093337226e-02 2.614024106893819196e+22
1.168093985109405243e-02 2.629142851114531553e+22
1.169636576463221542e-02 2.638511122691545000e+22
1.170197790399484482e-02 2.641894900476970166e+22
1.179598366969505409e-02 2.705482328725647471e+22
1.182789702213340663e-02 2.724230371357959704e+22
1.182804026049640543e-02 2.724238425812267067e+22
1.182827861318833454e-02 2.724324850415177407e+22
1.184798405332085011e-02 2.735298451256215024e+22
1.185018166108860876e-02 2.737146363727433643e+22
1.186065414501830464e-02 2.744036698739182875e+22
1.186285175278606330e-02 2.745932878803651422e+22
1.193440096041136975e-02 2.789929150953866396e+22
1.195321422853387779e-02 2.800109470091212489e+22
1.196609691864289338e-02 2.806631238354219093e+22
1.197832650239070117e-02 2.812817073698786981e+22
1.200017165230056297e-02 2.824895582838931954e+22
1.205665371678441358e-02 2.859129240735190299e+22
1.207909423182138356e-02 2.869748918600616378e+22
1.208475658697919647e-02 2.873298240729092456e+22
1.211373135304500033e-02 2.889142732476645795e+22
1.216183846467425167e-02 2.911023861524415172e+22
1.217639590630690063e-02 2.922995137567774894e+22
1.218043610586470350e-02 2.924783122168821055e+22
1.219499354749735767e-02 2.930921993931777167e+22
1.219903374705516054e-02 2.933401652024490066e+22
1.221359118868782165e-02 2.941485485060276617e+22
1.221713807993333838e-02 2.943503914451835919e+22
1.224914910602661368e-02 2.956774167908179352e+22
1.227943979538416094e-02 2.971113560842781799e+22
1.228330635068053747e-02 2.972520104725482098e+22
1.234208396346468846e-02 2.998656547083395059e+22
1.238499388925563306e-02 3.017501258318767299e+22
1.241391395810392990e-02 3.030062939220342945e+22
1.246734562632674341e-02 3.051355088356949937e+22
1.248914197935242602e-02 3.058627185794064214e+22
1.250207974907541035e-02 3.062774632544283184e+22
1.255010869676284786e-02 3.079261044873816021e+22
1.257368502679308622e-02 3.089428267075753109e+22
1.257519372739671591e-02 3.089892860884045686e+22
1.260292386577749162e-02 3.098797727972358042e+22
1.263343618654732235e-02 3.108034830424719596e+22
1.264630348925470903e-02 3.117516726826254205e+22
1.264914754273554522e-02 3.118071032652414688e+22
1.266471334700063935e-02 3.121722135128556805e+22
1.270688631615910294e-02 3.105863501654427854e+22
1.272156837965122446e-02 3.109642647795906956e+22
1.273081793351733652e-02 3.112983234606932794e+22
1.275763292517378793e-02 3.120084220662695697e+22
1.276377477060018292e-02 3.121142291591328065e+22
1.280333321097981529e-02 3.129445819624378597e+22
1.283517068994463259e-02 3.136771905408161179e+22
1.283750271720474241e-02 3.137227046857372546e+22
1.283981909894925562e-02 3.137601808408484879e+22
1.285207479359630478e-02 3.139168667208141033e+22
1.285498010650898242e-02 3.139583020288981755e+22
1.286783705508763760e-02 3.141212950395225951e+22
1.287657332206828924e-02 3.143599101865956580e+22
1.291776415015248938e-02 3.182819137193877963e+22
1.292593387526474319e-02 3.186102657561690898e+22
1.295408148494689785e-02 3.190957052848956559e+22
1.295696104029811849e-02 3.191198684590693679e+22
1.295836546402214483e-02 3.191345675157887569e+22
1.298188200993998821e-02 3.199015323841716657e+22
1.300704787678337235e-02 3.216151809787533722e+22
1.300888184339506724e-02 3.218956930542518613e+22
1.300904471348178840e-02 3.218961252910480805e+22
1.300972923331026807e-02 3.219422844805874660e+22
1.301170797260599657e-02 3.222482384411946490e+22
1.304663676978332250e-02 3.269851879881684759e+22
1.306230631759370923e-02 3.288166035492186358e+22
1.309611330231611956e-02 3.329221134338312110e+22
1.312106568724403025e-02 3.356370757524402051e+22
1.312919158666199342e-02 3.365037598102690516e+22
1.316100517290860576e-02 3.394908219275131801e+22
1.317776623299642645e-02 3.409888814136481232e+22
1.320972505322462812e-02 3.432749459124567146e+22
1.325573934983854951e-02 3.456512604349571006e+22
1.325574136834653874e-02 3.456511759069656750e+22
1.325574268120666664e-02 3.456515195634681119e+22
1.325574697472831423e-02 3.456512658238390613e+22
1.327213482033997791e-02 3.462690103104441942e+22
1.332504194387551175e-02 3.477348047991905609e+22
1.333148082207054330e-02 3.503995094278437077e+22
1.333480716195985585e-02 3.504260096924263960e+22
1.335293506711929777e-02 3.504590470155578062e+22
1.354724000643075903e-02 3.506737847178188397e+22
1.356693827837489146e-02 3.504153843078972362e+22
1.361472025632372469e-02 3.497955390030620918e+22
1.363572648706688241e-02 3.494195995100793799e+22
1.364770996420098560e-02 3.492217899506687017e+22
1.365969534387068487e-02 3.489756686300204342e+22
1.378769964295110777e-02 3.475192339300945494e+22
1.380311418526525107e-02 3.472905309053542151e+22
1.386949088215119752e-02 3.468071793938362742e+22
1.402485733325909215e-02 3.479469250149692840e+22
1.403360054060673150e-02 3.477036469735616466e+22
1.403852113455218015e-02 3.480508203557914778e+22
1.405916835157103827e-02 3.478870449365219226e+22
1.453147041500153606e-02 3.482302775995464784e+22
1.457812527096512441e-02 3.483942124780068536e+22
1.484417200029812360e-02 3.516014138099071189e+22
1.501002127304180110e-02 3.556765152941064795e+22
1.502075840651827948e-02 3.558269569242620756e+22
1.502956156584384605e-02 3.559353479803641738e+22
1.506823985690526613e-02 3.567774499466800372e+22
1.511647721785938474e-02 3.575111925737652748e+22
1.514843186163719949e-02 3.602806146522566938e+22
1.515476366616523747e-02 3.613595591746740080e+22
1.524959519509990445e-02 3.604623054016712226e+22
1.564866332863150064e-02 3.717956577109278196e+22
1.577082892793008409e-02 3.754630451799025884e+22
1.579183987913070422e-02 3.760366469259322615e+22
1.586680816928674395e-02 3.788706457934353767e+22
1.591996293145591171e-02 3.807165381533304776e+22
1.597052427162734198e-02 3.814643857716758027e+22
1.605015290590502616e-02 3.849207470526936016e+22
1.607674640400375346e-02 3.829842256533083547e+22
1.612465165887566262e-02 3.872029491064997098e+22
1.617021961532459293e-02 3.885841286295482217e+22
1.619773250544612880e-02 3.930104276774904293e+22
1.628668463872077338e-02 3.969696583158163571e+22
1.641111121032117273e-02 3.992263981843315530e+22
1.662242090795321148e-02 4.113711443445844804e+22
1.667425699359494085e-02 4.134617486661925418e+22
1.695284254730738613e-02 4.332620844422896235e+22
1.701537522367711081e-02 4.326812085479590697e+22
1.728326418666156078e-02 4.564716507327446909e+22
1.739990078531277601e-02 4.672568093077463158e+22
1.744347445349201178e-02 4.715553538502774961e+22
1.752064105273456671e-02 4.799141074478912294e+22
1.760368472032246626e-02 4.893128207823674959e+22
1.772743618622174208e-02 5.059523799782639901e+22
1.776389498715292073e-02 5.112309923353458219e+22
1.787602611158296828e-02 5.320109016993282340e+22
1.798172422399404308e-02 5.508265961444520388e+22
1.798738951025988589e-02 5.521780754765696939e+22
1.799335734998391834e-02 5.535468777855036005e+22
1.800278441404083718e-02 5.513045002973279053e+22
1.812284398464151375e-02 5.769486064804383267e+22
1.821088403336686493e-02 6.001045067762081831e+22
1.830728990916462295e-02 6.343034355509665936e+22
1.840708888526191439e-02 6.791778776838111966e+22
1.841148119448083112e-02 6.814081933789092014e+22
1.843849056008978193e-02 6.962638508289174169e+22
1.848500118928635833e-02 7.246162275012748247e+22
1.850420382517659751e-02 7.371115619823782566e+22
1.852003627786861367e-02 7.478935334254342780e+22
1.854063280164947383e-02 7.630772528818738011e+22
1.856051544897055830e-02 7.789334253334029559e+22
1.858097934086061151e-02 7.961461790112046750e+22
1.870466936053767973e-02 9.302299286089650038e+22
1.878545171481045203e-02 1.054063455134765149e+23
1.879157509120882655e-02 1.064991581291247242e+23
1.885184170901025788e-02 1.184071631326501803e+23
1.888930244320674579e-02 1.268124282253887133e+23
1.896951290529274442e-02 1.477161723762226946e+23
1.902145539146099518e-02 1.625746137487288513e+23
1.902312181147607084e-02 1.630971756569105762e+23
1.903156189688220284e-02 1.655572897210757210e+23
1.905188338149132674e-02 1.716431928497272699e+23
1.905642629840226601e-02 1.730172900637133463e+23
1.907149070907330005e-02 1.775733087239759232e+23
1.907662169367050492e-02 1.791037338260934482e+23
1.909346739402293866e-02 1.841818817035363492e+23
1.909850859171767154e-02 1.857731037432445865e+23
1.919506963917064213e-02 2.149250910564361615e+23
1.919530033640685224e-02 2.149863228733603835e+23
1.925568643003505026e-02 2.331551380827507293e+23
1.925783991294680725e-02 2.338005487257445980e+23
1.925797092216617254e-02 2.338392627289419248e+23
1.925804657206795292e-02 2.338610344997856928e+23
1.935482660127938251e-02 2.621721508123754942e+23
1.941555439231657312e-02 2.793591513855573235e+23
1.942528011469198818e-02 2.821231618200354528e+23
1.942968869982650629e-02 2.833857037295289285e+23
1.951318195993917426e-02 3.064793872107139907e+23
1.951974251267616853e-02 3.082896216508570974e+23
1.953565898197476627e-02 3.125810775316443955e+23
1.954454168023116167e-02 3.150305004419495127e+23
1.956045814952978371e-02 3.193690755526474900e+23
1.957003327057935116e-02 3.219228936571029312e+23
1.958608079277144448e-02 3.262103061230778403e+23
1.963123174292162945e-02 3.382579367417967469e+23
1.966194267889621178e-02 3.463973109874634019e+23
1.972451546714591025e-02 3.621873323134060834e+23
1.975862379231583740e-02 3.713471236942882113e+23
1.981133925744530538e-02 3.852206619759658014e+23
1.983811739767405574e-02 3.921755936215942058e+23
1.990466821078047330e-02 4.091589691311304401e+23
1.993116679186021298e-02 4.159010049014357987e+23
1.999245430574377730e-02 4.313419721461909349e+23
2.001429211645190664e-02 4.368488983120874224e+23
2.002541333941702112e-02 4.396021026370893329e+23
2.005140949597922564e-02 4.460629155038700199e+23
2.005389370856547337e-02 4.466882587284134418e+23
2.007289741538799757e-02 4.514490395459908639e+23
2.007538162797424183e-02 4.520907059855455714e+23
2.009438533479675909e-02 4.568095454078407226e+23
2.014651773155219303e-02 4.696331268779927992e+23
2.016263244563384210e-02 4.732752735005124413e+23
2.019657050526670744e-02 4.819422899591313485e+23
2.021453156664920064e-02 4.863487370469584352e+23
2.024911018049057460e-02 4.948455354596777892e+23
2.027107593822465373e-02 4.997792407845790359e+23
2.030333063190436702e-02 5.076186365045778678e+23
2.033467779850163179e-02 5.151864209034683120e+23
2.035740272720585817e-02 5.207372858659961202e+23
2.037951943081546535e-02 5.260409899809746369e+23
2.039925387987154629e-02 5.307805543215094154e+23
2.041585418691980319e-02 5.348280252499557456e+23
2.043558863597587719e-02 5.395330944758719248e+23
2.047109959525661438e-02 5.479843471842862202e+23
2.049393217704593637e-02 5.533416736352585185e+23
2.049513814097679229e-02 5.536292885447805701e+23
2.049651986626421438e-02 5.539595246195912181e+23
2.051231430764748759e-02 5.577470021615666625e+23
2.051611864406039168e-02 5.586665867809436142e+23
2.053335678364897124e-02 5.627447444051507282e+23
2.057240108149077304e-02 5.718952179245299333e+23
2.062346248295454307e-02 5.839218984958368374e+23
2.068286091362510695e-02 5.979594502594864947e+23
2.069697146701039367e-02 6.012983628086975010e+23
2.072555808414014780e-02 6.079446855453195612e+23
2.073157141395627623e-02 6.093765072787272274e+23
2.073665594399357048e-02 6.105136191329612385e+23
2.074233649262858734e-02 6.118450409707198533e+23
2.077754902077727159e-02 6.199275166896714857e+23
2.078272513358528015e-02 6.211239731194740846e+23
2.080088167081600367e-02 6.252647128904140335e+23
2.082306178508306141e-02 6.299702318991473912e+23
2.082721698415057610e-02 6.309115244883997748e+23
2.083961535047280586e-02 6.337244221252044765e+23
2.086203982899543716e-02 6.388322659823627503e+23
2.086521767298609928e-02 6.395529694957316289e+23
2.087186554617754056e-02 6.410928996597171162e+23
2.090082305667730067e-02 6.477050166841095519e+23
2.092011364593087189e-02 6.523591672738694918e+23
2.094352285612746667e-02 6.576824679318727604e+23
2.096433168500327210e-02 6.620561180883405798e+23
2.099448848716968519e-02 6.688603909113745475e+23
2.105769611780736184e-02 6.832874741626413263e+23
2.106169529306781141e-02 6.841850296110426274e+23
2.110832866165594790e-02 6.946678093355880987e+23
2.113578068878876545e-02 7.007222178689949316e+23
2.115372729634594148e-02 7.047321118594159094e+23
2.118307976005932153e-02 7.108736980067281839e+23
2.122014891704530198e-02 7.193271100991113129e+23
2.122174725367808462e-02 7.196822116130167330e+23
2.122253859072020798e-02 7.198444660906690011e+23
2.130782233927267649e-02 7.384189396334098545e+23
2.130865672961099189e-02 7.385939605779792475e+23
2.131287263661677325e-02 7.395073284751516741e+23
2.133072577505493173e-02 7.432959837255937074e+23
2.133268118831070301e-02 7.437420224016760911e+23
2.135053432674885454e-02 7.475817144847102042e+23
2.135248974000462929e-02 7.479825541515108092e+23
2.136689676173886623e-02 7.510713021278832170e+23
2.137536477550372807e-02 7.529295521972849622e+23
2.137832034943281875e-02 7.535547082513541025e+23
2.144918776059454718e-02 7.689051383383201520e+23
2.146279923311423393e-02 7.717470319932110411e+23
2.150116667745579496e-02 7.798655357974773708e+23
2.155043309447633379e-02 7.900864326948637618e+23
2.161818728943169787e-02 8.045324805611876998e+23
2.162871414320570104e-02 8.067254432963584233e+23
2.165268651491017438e-02 8.116292749668082443e+23
2.172254583951985576e-02 8.260140066380659053e+23
2.178718681826884856e-02 8.393963067360754826e+23
2.178872804760411189e-02 8.397149762276069590e+23
2.179584596262762811e-02 8.411066152581975308e+23
2.179707425130143761e-02 8.413278049065584139e+23
2.180370007335420690e-02 8.426753585148557735e+23
2.180687046704011048e-02 8.433092541737499235e+23
2.183131659771793062e-02 8.482500773672418269e+23
2.183801445195727997e-02 8.496183098895272604e+23
2.184073495684555818e-02 8.501459168868298612e+23
2.186011297229778841e-02 8.540842896279196108e+23
2.186152350254407656e-02 8.543794936583378709e+23
2.186424750172143161e-02 8.549126397710435101e+23
2.186651885575372628e-02 8.553722433254369515e+23
2.189018955411088305e-02 8.601185939055671215e+23
2.190468419776435763e-02 8.629858924366058037e+23
2.192495316004215017e-02 8.665565830275186861e+23
2.194223393746023293e-02 8.699425045449061601e+23
2.195323382855808581e-02 8.721348069227045962e+23
2.198304047300688249e-02 8.779151651383067971e+23
2.201099097620354619e-02 8.834073063015314149e+23
2.202380552855725399e-02 8.860217485332737939e+23
2.203940659427382556e-02 8.891016067090159868e+23
2.209896739075264266e-02 9.009520050178197144e+23
2.210854529651914632e-02 9.024995179444788013e+23
2.211699728811817797e-02 9.041000460154575247e+23
2.212854533136964647e-02 9.062892526480742332e+23
2.212972031599694939e-02 9.064758178522244852e+23
2.213657925108741126e-02 9.077931061596140067e+23
2.214294099644667155e-02 9.089570027625320861e+23
2.214408205025781770e-02 9.091608548931135718e+23
2.215619219367278778e-02 9.114963432960144630e+23
2.216623057995565499e-02 9.133520620765952019e+23
2.222672991105365328e-02 9.247366112093357872e+23
2.226236621271948657e-02 9.316315162656759486e+23
2.227017375211353539e-02 9.331139448712862556e+23
2.227915584065124840e-02 9.347356789182747189e+23
2.231688057101989184e-02 9.418358468729776500e+23
2.236041477195199398e-02 9.496487917388789679e+23
2.237311276725010081e-02 9.520145397067320299e+23
2.237614499574974714e-02 9.525716810705975336e+23
2.238793121709932096e-02 9.546745739055804690e+23
2.239814203642271490e-02 9.565696235091416328e+23
2.240293079655983691e-02 9.574536343681082977e+23
2.241384599857383988e-02 9.593768792798560120e+23
2.241863475871096537e-02 9.602924717105200759e+23
2.242737059570337407e-02 9.621207596829509933e+23
2.242958213624221889e-02 9.625201468458725760e+23
2.243616212158035597e-02 9.636460089681897744e+23
2.243760836901860511e-02 9.638943383615300604e+23
2.253355581781881639e-02 9.808535923807501974e+23
2.253660408564649859e-02 9.813721327217643084e+23
2.256304084606877008e-02 9.860365271385601590e+23
2.258967588567984200e-02 9.906675489278151895e+23
2.268771292816145271e-02 1.008139814007120914e+24
2.269096121111312606e-02 1.008681109364702190e+24
2.273110730484844896e-02 1.015551509529463515e+24
2.274174340234107541e-02 1.016975977482801260e+24
2.284187003850409250e-02 1.033834875638637983e+24
2.284188236969180927e-02 1.033837629413610295e+24
2.284192908296830971e-02 1.033849412982015185e+24
2.286164897270331550e-02 1.037075516774074162e+24
2.286170429979805796e-02 1.037088925149383497e+24
2.289606182712049590e-02 1.042670173068480685e+24
2.289627233960786490e-02 1.042696217761472143e+24
2.289649472720194090e-02 1.042695183718957768e+24
2.300835629594819368e-02 1.061872943038281833e+24
2.301507330682120087e-02 1.063832116729258179e+24
2.310523374622736395e-02 1.088624635800015973e+24
2.312111396343658615e-02 1.092763771907865030e+24
2.322904493160756964e-02 1.114444122990078205e+24
2.324456251318310698e-02 1.116905706995793445e+24
2.331423332488022013e-02 1.125674440741558860e+24
2.334573319967123139e-02 1.129161293482398971e+24
2.344973356726693173e-02 1.137092629359381250e+24
2.345807269816188589e-02 1.137573617917016154e+24
2.348619516376602295e-02 1.138838934064029493e+24
2.353405699173176727e-02 1.140882984270522374e+24
2.353622253518070431e-02 1.140957878260951574e+24
2.353904741094794625e-02 1.141086082267177663e+24
2.354950967885368132e-02 1.141483277916455364e+24
2.370428400934462485e-02 1.145278579465018438e+24
2.383994141042340698e-02 1.147599310065338897e+24
2.389014586022634307e-02 1.148524643969925942e+24
2.390168667304208919e-02 1.149252420140772650e+24
2.391201932394431545e-02 1.148993135368630247e+24
2.393302656505303522e-02 1.149349581996600353e+24
2.402077841170294562e-02 1.150994441490807002e+24
2.405617414376013535e-02 1.151665920381996715e+24
2.409908933673953965e-02 1.152722517723762305e+24
2.415986354636176850e-02 1.154223589614297729e+24
2.437152316393773749e-02 1.161358249813346705e+24
2.444334146500197480e-02 1.163480636728113835e+24
2.460854036175945392e-02 1.170489736395660307e+24
2.463530913849492146e-02 1.171644543461206499e+24
2.483848529221177256e-02 1.181518498750531063e+24
2.483950083350136562e-02 1.181614392317779632e+24
2.486466502739506299e-02 1.183543817535910719e+24
2.504713377702470073e-02 1.194872365224689035e+24
2.506843022266409815e-02 1.196115582821587906e+24
2.527747954397156077e-02 1.211866055485647156e+24
2.529837515311642027e-02 1.213435375689088146e+24
2.551740257417240212e-02 1.233351489860999177e+24
2.558267809253800956e-02 1.239815995541841812e+24
2.585442999569037559e-02 1.269392818944239391e+24
2.587220092874139427e-02 1.271457786388083726e+24
2.619145741720833517e-02 1.314017192920030250e+24
2.621136818071395647e-02 1.317241030918222375e+24
2.624337675473052342e-02 1.322050326697708100e+24
2.659138079357181716e-02 1.381794957038055099e+24
2.666178489205862576e-02 1.396381585092638788e+24
2.672318717454630344e-02 1.408735653668409815e+24
2.680397300692324847e-02 1.426318003435528411e+24
2.687141145576472934e-02 1.442368017562409288e+24
2.715267171648814981e-02 1.522745098119337122e+24
2.723500616837864347e-02 1.550990172447718819e+24
2.732698835648781840e-02 1.584014178266518164e+24
2.755023725091516190e-02 1.684955099999806658e+24
2.765416208885110999e-02 1.742091467262040595e+24
2.792761987638825785e-02 1.935184726730973534e+24
2.803186396333322630e-02 2.035345370142940294e+24
2.807359538326655371e-02 2.079105537089068197e+24
2.808488132028237952e-02 2.092448558157382178e+24
2.810021766587997294e-02 2.110632897299797758e+24
2.815603317039986134e-02 2.181012568036482891e+24
2.817673788660841547e-02 2.208935156286508759e+24
2.827381476634957536e-02 2.361402000743529494e+24
2.831304900764033960e-02 2.434852449704627935e+24
2.843664676232222216e-02 2.721019780747892389e+24
2.844371598619398547e-02 2.740840837632213723e+24
2.845412301924735501e-02 2.771087303523696506e+24
2.853869347432589840e-02 3.051421015690230035e+24
2.856221345226388555e-02 3.145422037968440581e+24
2.862000403697544451e-02 3.409064447726101262e+24
2.875312891335497431e-02 4.260450838244997852e+24
2.876153737915936037e-02 4.328135658032356993e+24
2.880832782051780463e-02 4.741921604878537637e+24
2.881439166764312304e-02 4.800924572312597107e+24
2.883348543744028783e-02 4.992085551465628487e+24
2.884785857965492181e-02 5.144576140000934750e+24
2.885390937503183595e-02 5.209706671096665022e+24
2.887873664058654768e-02 5.491635572123959158e+24
2.891236009867658580e-02 5.902067434338983709e+24
2.898155948636059465e-02 6.848672946527498152e+24
2.898435801326610523e-02 6.888208581986873011e+24
2.898500312450019711e-02 6.897693883319835225e+24
2.898592402119243294e-02 6.911093744880589870e+24
2.899125391164985785e-02 6.988103159623557713e+24
2.899397424099686010e-02 7.029927875411194990e+24
2.899712218524728644e-02 7.077067208794737299e+24
2.900272180155355484e-02 7.158511444577939546e+24
2.901718464203707423e-02 7.373261137937973121e+24
2.906232379488764977e-02 8.063183291502395084e+24
2.908816361541621126e-02 8.468335587741700528e+24
2.909448158765700482e-02 8.567443736713995345e+24
2.912652016049750367e-02 9.073881564049208630e+24
2.913285679138736400e-02 9.174883470703171574e+24
2.913912774654695698e-02 9.273519770513642480e+24
2.917054496236849703e-02 9.771087698048351449e+24
2.919170446107273442e-02 1.010577946890976343e+25
2.921539625751278652e-02 1.047761078818019466e+25
2.921781082586209083e-02 1.051566216867759275e+25
2.922436422685243188e-02 1.061783817761507703e+25
2.925569709181615255e-02 1.110529264941238390e+25
2.926298490433012697e-02 1.121853396694929395e+25
2.927341671930147951e-02 1.137963195811510418e+25
2.930815246924112216e-02 1.191334947711006020e+25
2.933174928397938586e-02 1.227142281152260452e+25
2.939372610348011880e-02 1.320165910833309453e+25
2.941634889463890304e-02 1.353703336872512316e+25
2.944755128905993807e-02 1.399785246382779995e+25
2.948527601632824902e-02 1.455139671206422186e+25
2.952446730263010716e-02 1.512044264873600970e+25
2.956512023001891046e-02 1.570749511473815110e+25
2.958695010887875398e-02 1.601879483088849292e+25
2.959763674454440538e-02 1.617120841014452276e+25
2.961721607178756377e-02 1.645075375392362872e+25
2.962790270745322210e-02 1.660297509719408727e+25
2.964748203469637355e-02 1.688069431932102112e+25
2.965816867036203536e-02 1.703217911128991885e+25
2.970985464234507378e-02 1.776249575756987447e+25
2.973122058402159415e-02 1.806337879856850160e+25
2.976947419491149383e-02 1.860120701371757013e+25
2.978908137284027105e-02 1.887628066214932185e+25
2.985529476441212832e-02 1.979915843794927208e+25
2.988407695148445967e-02 2.019919585796508452e+25
2.990593562967788430e-02 2.050290404703430183e+25
2.991999407531852756e-02 2.069693325990468072e+25
2.999999505753821877e-02 2.180048644451676843e+25
3.003693331894734600e-02 2.231136154048576119e+25
3.003925440599973865e-02 2.234248362704898136e+25
3.004312107284850750e-02 2.239478382708149807e+25
3.004544215990090361e-02 2.242661438030798196e+25
3.004930882674968287e-02 2.248045639933347741e+25
3.005162991380207552e-02 2.251205888123063945e+25
3.005829289044901695e-02 2.260421744335190763e+25
3.007582791742182196e-02 2.284465294269957094e+25
3.011181264727544327e-02 2.333864777198983229e+25
3.015874856777743876e-02 2.398194128394797652e+25
3.019571347716315871e-02 2.448730754379365479e+25
3.021681462672469454e-02 2.477557633889533644e+25
3.025173607456176431e-02 2.525078933521934975e+25
3.027162336620890098e-02 2.552165597556593647e+25
3.032109846652435853e-02 2.619519202774336070e+25
3.034650869898377831e-02 2.654094928250003305e+25
3.035319074320813951e-02 2.663332126192127601e+25
3.035522124821634152e-02 2.666085064168945101e+25
3.038449816464035627e-02 2.705686881366645210e+25
3.038764549940183371e-02 2.710053864275984435e+25
3.039540521636460366e-02 2.720643113529513798e+25
3.044765176739943485e-02 2.791426319286926543e+25
3.045294106990127994e-02 2.798730319867266975e+25
3.045835410894605008e-02 2.806089184293740951e+25
3.047204162894049523e-02 2.824638204461061706e+25
3.051705463157506487e-02 2.885629709484118775e+25
3.052907008849858536e-02 2.901830440601309969e+25
3.054979014385264882e-02 2.929894798272141419e+25
3.055795287447755568e-02 2.940950586916974803e+25
3.059886365144302497e-02 2.996343295820753805e+25
3.060697059360467306e-02 3.007346260841185825e+25
3.061222479090832879e-02 3.014411059807804847e+25
3.061581773425905637e-02 3.019269441474145698e+25
3.070435944458411656e-02 3.138886676918930870e+25
3.072605268425553440e-02 3.168292099832875608e+25
3.074242365327964008e-02 3.190394900931047423e+25
3.076806678200067618e-02 3.224981217274844395e+25
3.077773684602023302e-02 3.237990983148082177e+25
3.079804048560379551e-02 3.265416786889253393e+25
3.087262251565095483e-02 3.366137382252660355e+25
3.091270839264056297e-02 3.420189890349776707e+25
3.092107182613644534e-02 3.431472883117898271e+25
3.092207217594751187e-02 3.432762388677082040e+25
3.093616956119999914e-02 3.451690033390836011e+25
3.096707759983750863e-02 3.493349303254956812e+25
3.098491051599781831e-02 3.517390672025740042e+25
3.098857925261115989e-02 3.522329522674994726e+25
3.100641216877147999e-02 3.546364503667279990e+25
3.101500311573375523e-02 3.557955542647944453e+25
3.102966265378947347e-02 3.577786164830089346e+25
3.106285501946410774e-02 3.622494230277477445e+25
3.108133565966300638e-02 3.647472112842469636e+25
3.109738750939504762e-02 3.668855557560196568e+25
3.112190571868065150e-02 3.702061135985722716e+25
3.113042095428242978e-02 3.713530756381067171e+25
3.114153006970654669e-02 3.728482166550276844e+25
3.118418300454446623e-02 3.785956404616065466e+25
3.120139094649014566e-02 3.809164250273646692e+25
3.122303102397994135e-02 3.838119613136295178e+25
3.125333350300278645e-02 3.879070038113677819e+25
3.127000913157795131e-02 3.901504650978696999e+25
3.129421144784274439e-02 3.934175668290655435e+25
3.132173937322334234e-02 3.971231639045517913e+25
3.132461117291353292e-02 3.975073663762833222e+25
3.132941186481397189e-02 3.981590061098106336e+25
3.135037213191005367e-02 4.009803537899478501e+25
3.135517282381048570e-02 4.016315864872911234e+25
3.137613309090658137e-02 4.044542426099358171e+25
3.138093378280701340e-02 4.050954814356386409e+25
3.143540351092154878e-02 4.124232822639563877e+25
3.145715067444656426e-02 4.153553196471744111e+25
3.146272129689565294e-02 4.161116825571650745e+25
3.152513977325332312e-02 4.245256584480104075e+25
3.155858528904002813e-02 4.290572744925647057e+25
3.160124598650214389e-02 4.347987088414700191e+25
3.164372719635824560e-02 4.405449502716656452e+25
3.167485196137839049e-02 4.447280124981383980e+25
3.173593872011822026e-02 4.529666793952869229e+25
3.174534129855770964e-02 4.542459057210594835e+25
3.175059076289555443e-02 4.549593234340765705e+25
3.177601768568315971e-02 4.584041847003443866e+25
3.178126715002100450e-02 4.591135991711272355e+25
3.180669407280860284e-02 4.625642877545705220e+25
3.181194353714644762e-02 4.632685667248203845e+25
3.187668200845960448e-02 4.720158315054692497e+25
3.187845811260468787e-02 4.722633726831419856e+25
3.189840595800090550e-02 4.749466216706741163e+25
3.194451779551551324e-02 4.812068313285334516e+25
3.195674759009923399e-02 4.828693647605564000e+25
3.202559853788268518e-02 4.921985768167454626e+25
3.204730524655990259e-02 4.951595215729761455e+25
3.208308051099562769e-02 5.000346830534408108e+25
3.214932985027787321e-02 5.090807833508735236e+25
3.217370414706590548e-02 5.124176192538222791e+25
3.217805176397380701e-02 5.130131205471772083e+25
3.219376060350586516e-02 5.151620422530888540e+25
3.219810822041378057e-02 5.157600654643658627e+25
3.221381705994583178e-02 5.179214244295012766e+25
3.221816467685374719e-02 5.185111775238921999e+25
3.226431963947461873e-02 5.248730292955403946e+25
3.231390441366950583e-02 5.317321373510195764e+25
3.231902554607320177e-02 5.324288466503786085e+25
3.233397727736303517e-02 5.345243432051495304e+25
3.235828719511046198e-02 5.379060974211799934e+25
3.236710782543218007e-02 5.391445246685736711e+25
3.241419942832078627e-02 5.457499754931877504e+25
3.244174100885444806e-02 5.496986573439774545e+25
3.245872239622515920e-02 5.521372229634399924e+25
3.250398501658258166e-02 5.587553101120140476e+25
3.251079655129394952e-02 5.597755348272240900e+25
3.252846747934290406e-02 5.624378508514744392e+25
3.256898928626893869e-02 5.687130289779259115e+25
3.257019303343046401e-02 5.688829669955995675e+25
3.259798269327520565e-02 5.734491636881701527e+25
3.260234066821984800e-02 5.741820079611700575e+25
3.262751582471651313e-02 5.784975373176293206e+25
3.264863393295576455e-02 5.823398959068762627e+25
3.266522735385851695e-02 5.855360287781876467e+25
3.267435241859499573e-02 5.873375624753523787e+25
3.270570469365265132e-02 5.940352583930994257e+25
3.272535532371349115e-02 5.986282836007158489e+25
3.274136116210257796e-02 6.026992141169784448e+25
3.276989355097496837e-02 6.107733422671829384e+25
3.283176500681680987e-02 6.331922523423990928e+25
3.285887361883060853e-02 6.459348526933815905e+25
3.289888422604129309e-02 6.688460994862203303e+25
3.290058620744327339e-02 6.699578655347663971e+25
3.290674655831699741e-02 6.740180884810291170e+25
3.300807643339397079e-02 7.574645819129967137e+25
3.302631570325333804e-02 7.741407421233936129e+25
3.305179608862363755e-02 7.975197669214982409e+25
3.307219994872691998e-02 8.159950150656013191e+25
3.307941556074741468e-02 8.223997832557088240e+25
3.310145190317462238e-02 8.416912823107968378e+25
3.312702032015409082e-02 8.633156927193165393e+25
3.313654178840429870e-02 8.711394057185556974e+25
3.316663527204653794e-02 8.950565054417637585e+25
3.318195587309385325e-02 9.067367947982435820e+25
3.321652883240822779e-02 9.319989783361447569e+25
3.323518794862873049e-02 9.449706175320265425e+25
3.324913655933749851e-02 9.544977934624005741e+25
3.326245984301307718e-02 9.634973683901530662e+25
3.329641259536701703e-02 9.854400210222563322e+25
3.332041481244842063e-02 1.000657181146736000e+26
3.333132272431536119e-02 1.007325918370452705e+26
3.333494993023784075e-02 1.009530695839032058e+26
3.334005463118407120e-02 1.012570560671748964e+26
3.334148070463280322e-02 1.013411844782792672e+26
3.334558321517862994e-02 1.015893085649867166e+26
3.334684302844348469e-02 1.016676811094655744e+26
3.342057090814402193e-02 1.058857095468501815e+26
3.342612910533865334e-02 1.061909674030696877e+26
3.342780361615926149e-02 1.062788368394236509e+26
3.343208519215008778e-02 1.065166871991797285e+26
3.343916218400584672e-02 1.068957767932542028e+26
3.346452955048442174e-02 1.082416815892120516e+26
3.346873134841544389e-02 1.084571471589253543e+26
3.347243355503209949e-02 1.086521810122205036e+26
3.350937829580073052e-02 1.104858163609242631e+26
3.357840253987121049e-02 1.136215022716731426e+26
3.359245280259384042e-02 1.142445673003335870e+26
3.361164555131495452e-02 1.150399709203838470e+26
3.365581732751283389e-02 1.167416757294043972e+26
3.369227552925802699e-02 1.180453030605042717e+26
3.370606217605161270e-02 1.185109878766274435e+26
3.371920839740378401e-02 1.189411784242486665e+26
3.372859060588527524e-02 1.192431471831146539e+26
3.373664273192159002e-02 1.194955989872945935e+26
3.376132224800544590e-02 1.202281835820667566e+26
3.380482872957524948e-02 1.214633425004436264e+26
3.381320681450367821e-02 1.216895464769573024e+26
3.382037142501091720e-02 1.218696036797553639e+26
3.383303423762942796e-02 1.222013073000539905e+26
3.384785409528000277e-02 1.225633985702039403e+26
3.385730897888150626e-02 1.227812136211958896e+26
3.389222989962843019e-02 1.235645432119645952e+26
3.390625742185069541e-02 1.238671661495679761e+26
3.391397302942449760e-02 1.240288660462062435e+26
3.392791362845636038e-02 1.243064121865233194e+26
3.393574121226702878e-02 1.244594872039821377e+26
3.396698735591872909e-02 1.250400324811675255e+26
3.399414937489837057e-02 1.255129736994285862e+26
3.400405684631157416e-02 1.256550085271891218e+26
3.400441888770378007e-02 1.256687489892366519e+26
3.401459106702259955e-02 1.258405665578276114e+26
3.401812111675845546e-02 1.258969576764795474e+26
3.403956550305631268e-02 1.262279584207401415e+26
3.404302355423118737e-02 1.262789186214450576e+26
3.410208634183239246e-02 1.271059669567297143e+26
3.410728916669845262e-02 1.271685175097109904e+26
3.411476176166102631e-02 1.272625952465018021e+26
3.414909058064281161e-02 1.276447199444142339e+26
3.422010683121384095e-02 1.283172110657562923e+26
3.422767919905977257e-02 1.283792604691833995e+26
3.423511643981846236e-02 1.284314091843050149e+26
3.425515760705444279e-02 1.286020119917424363e+26
3.434359726839045918e-02 1.291173550824941670e+26
3.434806923142109253e-02 1.291364835025487064e+26
3.435145455726684727e-02 1.291515455805466243e+26
3.435478250377109466e-02 1.291572447344769490e+26
3.435825876585649891e-02 1.291735375082917542e+26
3.436152257373104729e-02 1.291932877943665210e+26
3.445260932974236051e-02 1.294581818118818952e+26
3.445291752018767722e-02 1.294547280252906789e+26
3.445610477785766151e-02 1.294494568739842361e+26
3.447183009288974642e-02 1.294698867448687551e+26
3.447913407875426856e-02 1.294678364285297869e+26
3.455251237985172003e-02 1.294296082011471064e+26
3.455937132695208192e-02 1.294181079088919658e+26
3.457946150063960500e-02 1.293982313160783502e+26
3.461173358515672732e-02 1.293034646081861466e+26
3.465195908395638652e-02 1.291358045864944477e+26
3.465922629904673313e-02 1.291118824047299881e+26
3.467009393117241600e-02 1.290531461708183626e+26
3.467736114626276261e-02 1.290171869720106551e+26
3.472239421379759439e-02 1.287543205871122564e+26
3.474905153692198212e-02 1.285815513371034789e+26
3.476892072422789470e-02 1.284270919611564919e+26
3.478310798840123647e-02 1.283060190888653557e+26
3.484343875057183126e-02 1.277210075995873969e+26
3.485548456980078896e-02 1.275858364052571400e+26
3.488274662684021782e-02 1.272755237792389917e+26
3.488885483053971726e-02 1.272087190142307948e+26
3.496127354605838011e-02 1.262418519794273948e+26
3.496191760267960275e-02 1.262243457870523764e+26
3.496217443091836213e-02 1.262161087866995917e+26
3.497908862764723126e-02 1.259561176050336644e+26
3.497934545588598371e-02 1.259618851751928413e+26
3.499625965261484589e-02 1.256859106071768237e+26
3.507832400986458238e-02 1.242166825058264341e+26
3.507840135635213741e-02 1.242141114716372150e+26
3.509004580220866087e-02 1.239734398390263471e+26
3.509989942827415610e-02 1.237711399854525619e+26
3.510082203194277856e-02 1.237456999768068204e+26
3.519690178954822113e-02 1.214350416350936349e+26
3.519755578259665257e-02 1.214151563829118178e+26
3.520335364402053802e-02 1.212667413901599748e+26
3.524148731046516936e-02 1.201924280313596080e+26
3.524486276151543585e-02 1.200883279316032881e+26
3.524694849343778386e-02 1.200259500421307026e+26
3.524847975084764024e-02 1.199812835739210265e+26
3.524889672312182809e-02 1.199699472326233069e+26
3.525259433403342413e-02 1.198554770450735203e+26
3.530761105876795147e-02 1.180820678317627037e+26
3.530954243081386307e-02 1.180159299697600185e+26
3.531199422265084154e-02 1.179407095130921922e+26
3.531543066144868931e-02 1.178199491475491462e+26
3.531620151249758449e-02 1.177945515664961518e+26
3.533700915449738272e-02 1.170444729289512202e+26
3.537361292688442210e-02 1.156627134745136467e+26
3.538271855001932226e-02 1.153038213920878494e+26
3.539100301467274640e-02 1.149696348618132860e+26
3.539281512705353544e-02 1.148904982311221662e+26
3.541144052180535823e-02 1.141286977487031669e+26
3.541924615702488066e-02 1.137985853900971325e+26
3.541988673404407317e-02 1.137695324055443255e+26
3.542400173345803399e-02 1.135913993319478737e+26
3.544318139072264590e-02 1.127419870413264236e+26
3.552322854719924816e-02 1.089278822919688369e+26
3.553240253984348701e-02 1.084507939610864692e+26
3.554173690287389109e-02 1.079674200649103869e+26
3.559714096477577944e-02 1.049602081880198545e+26
3.562721093737360872e-02 1.032415381211227673e+26
3.563325673561643092e-02 1.028897366900279447e+26
3.563920873860766669e-02 1.025385136156649628e+26
3.564630416821421705e-02 1.021201606643297396e+26
3.565604856542949064e-02 1.015395999592330785e+26
3.570108097306158579e-02 9.875630599126924564e+25
3.571314495750355783e-02 9.797704661624726470e+25
3.573146071143568775e-02 9.679800923423424821e+25
3.573850356849808674e-02 9.634062293550673496e+25
3.579053243416613350e-02 9.273470556193045641e+25
3.579541712750015231e-02 9.238711366591164837e+25
3.581835350544562008e-02 9.068856106742822606e+25
3.582095857156668284e-02 9.048705920669229168e+25
3.586936119752279217e-02 8.665959978060523438e+25
3.587736426362910652e-02 8.599548893917504475e+25
3.587763113011868676e-02 8.596954920771580209e+25
3.589558983002844039e-02 8.443891345099762919e+25
3.589586450336156032e-02 8.442089162883981263e+25
3.589644588357852190e-02 8.436248460322569095e+25
3.594435329803934848e-02 8.011395085271588021e+25
3.595037575386387380e-02 7.956500504525310132e+25
3.595693045726694459e-02 7.896204664024387832e+25
3.597529352194004520e-02 7.727352832087774079e+25
3.598033739645427331e-02 7.680784381854012088e+25
3.599529086020732127e-02 7.545290446453762256e+25
3.603670477559674235e-02 7.173635245027633173e+25
3.604047141358501100e-02 7.141571966292326859e+25
3.605729070285125515e-02 7.003585511296722832e+25
3.608833995360908459e-02 6.773821549234892665e+25
3.609434292937609146e-02 6.733263214819147669e+25
3.610219452139232232e-02 6.682221854612213890e+25
3.610551300321502427e-02 6.661096006779046802e+25
3.611297478284244966e-02 6.615513158198775692e+25
3.613238879857201546e-02 6.505320450805589756e+25
3.614185395500808806e-02 6.455856798660098666e+25
3.614437999471101920e-02 6.442942711940834351e+25
3.621657747302119146e-02 6.150758797275118240e+25
3.622102990587300342e-02 6.136206936715301892e+25
3.622805673736551046e-02 6.114151875458075259e+25
3.623465323786938252e-02 6.094422942245121628e+25
3.623745534633487225e-02 6.086080012724055057e+25
3.624639379679188422e-02 6.060701562009666909e+25
3.627763131484945669e-02 5.979553102151281831e+25
3.631270510055140122e-02 5.900389484656857290e+25
3.632596062368449036e-02 5.873025762652609365e+25
3.633557108952972792e-02 5.853931726018296632e+25
3.634711095299374140e-02 5.831621108794166194e+25
3.641043488824398378e-02 5.720592485450438388e+25
3.641200038136644529e-02 5.717952958531702465e+25
3.641334729676946880e-02 5.715592298408730439e+25
3.641463293187056222e-02 5.713566692100576586e+25
3.641667646703165839e-02 5.710089195610785203e+25
3.647851859029139360e-02 5.613498622293954404e+25
3.648775760141739072e-02 5.599679903146681512e+25
3.650696774869337941e-02 5.571232558321720713e+25
3.653839991202662701e-02 5.525553391692518988e+25
3.656243476731287773e-02 5.491081833808031699e+25
3.663037229613988477e-02 5.395109564724849860e+25
3.663344542302413021e-02 5.390847991147666180e+25
3.666627784828342673e-02 5.345272611158668584e+25
3.668860516554361267e-02 5.314264125283566255e+25
3.668965521248594708e-02 5.312696567583104028e+25
3.670304932429228895e-02 5.294330112073122327e+25
3.672136790393359246e-02 5.268930405793974597e+25
3.675208407734310845e-02 5.226765389262878317e+25
3.678868069944516567e-02 5.176646123213386996e+25
3.679228517687277433e-02 5.171690505398008322e+25
3.680734894727165363e-02 5.150893258813436925e+25
3.681095342469926923e-02 5.146051308056260193e+25
3.682601719509817628e-02 5.125508435793978807e+25
3.690260009490573673e-02 5.020772596045408361e+25
3.691487728788771933e-02 5.004007052618883011e+25
3.695360662848085759e-02 4.951261739719062339e+25
3.696195842782455665e-02 4.940089199092012595e+25
3.703599688050392830e-02 4.839267758086845926e+25
3.704594464430753520e-02 4.825774510110750379e+25
3.708965518502009562e-02 4.766530400964231910e+25
3.709789966055092314e-02 4.755356507849635604e+25
3.716891875792095040e-02 4.659036293111600727e+25
3.717701200072733719e-02 4.648046254699575435e+25
3.718049840190786048e-02 4.643345651087389310e+25
3.720124621199312476e-02 4.615447423245536053e+25
3.720473261317364805e-02 4.610387566918328669e+25
3.722548042325888457e-02 4.582380592115602682e+25
3.724914664579936224e-02 4.550227339911915880e+25
3.725616178558817382e-02 4.540738828848447526e+25
3.727085925205236155e-02 4.521015770660253237e+25
3.730979835495926850e-02 4.468677578613359110e+25
3.739430524649284271e-02 4.354441330653362766e+25
3.740071156414986192e-02 4.345858578014811669e+25
3.740910384266422223e-02 4.334347259583876019e+25
3.743581299286426883e-02 4.298465950004153295e+25
3.747157222122792647e-02 4.250045520431229118e+25
3.747396076799516806e-02 4.246805769744507759e+25
3.755501759549363661e-02 4.137903113706150039e+25
3.758051441789134889e-02 4.103429274156262255e+25
3.761540356517135975e-02 4.056124556190272350e+25
3.761627680888388059e-02 4.055020818541791521e+25
3.762992073061161014e-02 4.036537273240533339e+25
3.764293797519293466e-02 4.019020869275204105e+25
3.764403627319133638e-02 4.017648970497402091e+25
3.766881493366028982e-02 3.984518011280719981e+25
3.766930192841992653e-02 3.983975384440887765e+25
3.769608035651460243e-02 3.947774230901145296e+25
3.769817107697161912e-02 3.944930827868078960e+25
3.770170809523270411e-02 3.940245055265513431e+25
3.770268133919264797e-02 3.938851691771049681e+25
3.774219051470576597e-02 3.885896568185840783e+25
3.776547777516362642e-02 3.854295951763366201e+25
3.782315472025830905e-02 3.776715736587540940e+25
3.782765846440198226e-02 3.770663410382649740e+25
3.785294376376658471e-02 3.736675319001796923e+25
3.787925564922160065e-02 3.701352639308600042e+25
3.789122960277273300e-02 3.685043820490772190e+25
3.792829614754449769e-02 3.635079133533606467e+25
3.794540164038200797e-02 3.611982762840660846e+25
3.798871617362898495e-02 3.553590171231535075e+25
3.799153334141783245e-02 3.549706109993299220e+25
3.800468190620457515e-02 3.532225960435095401e+25
3.807186919660518476e-02 3.441314691085211408e+25
3.807665639308287220e-02 3.434964088167601746e+25
3.809784120471389202e-02 3.406506913960395189e+25
3.809995438033461634e-02 3.403586081811428626e+25
3.812113919196564310e-02 3.375033197377118852e+25
3.812325236758635355e-02 3.372238404623876874e+25
3.813567330102622666e-02 3.355477231514842090e+25
3.820473576142847938e-02 3.262259678046742649e+25
3.824496831802966929e-02 3.207932173753471015e+25
3.826829771906362782e-02 3.176280047606856645e+25
3.834065475246106053e-02 3.078771867884816095e+25
3.834093690983767649e-02 3.078231936796281260e+25
3.834101729944650733e-02 3.078148003483707715e+25
3.840767813485685550e-02 2.988137939443926435e+25
3.841976572204407886e-02 2.971809404007826357e+25
3.846263197274833734e-02 2.913732641617724772e+25
3.847551601944646654e-02 2.896170863344268359e+25
3.849678289752339611e-02 2.867277908257756081e+25
3.850966694422153919e-02 2.849968347259541152e+25
3.853093382229848263e-02 2.821144397048031431e+25
3.853855972980732569e-02 2.810860158552192424e+25
3.853970473592025631e-02 2.809279677234127812e+25
3.857481583044732737e-02 2.761731610290742430e+25
3.858150033668458767e-02 2.752645788176500548e+25
3.858565894871146540e-02 2.746896009307533570e+25
3.865637006588391877e-02 2.650923260315541849e+25
3.873212053157187168e-02 2.547667473586785630e+25
3.873954872607747457e-02 2.537608217725359528e+25
3.879019004321916653e-02 2.468529108545701984e+25
3.882427952365822416e-02 2.421918928732613898e+25
3.888274072645916263e-02 2.341814221556038498e+25
3.890143365665563180e-02 2.316205525503286320e+25
3.898057909644900287e-02 2.207625147364143405e+25
3.899195352306446954e-02 2.191785525832419797e+25
3.899247661918241875e-02 2.191076292394027610e+25
3.899296551248540577e-02 2.190330037672428328e+25
3.899405010790239767e-02 2.188725807279921349e+25
3.899781027571368880e-02 2.183662790634348424e+25
3.901024608714602493e-02 2.166644218204954444e+25
3.901532269329640451e-02 2.159679833226072605e+25
3.902178068754500601e-02 2.150836543464583858e+25
3.902685729369538559e-02 2.143869371522261482e+25
3.907623253508809430e-02 2.075186900886165191e+25
3.914963011060277470e-02 1.973548724554655067e+25
3.915919290216885590e-02 1.960213919733778563e+25
3.918974509223949187e-02 1.917654468181084886e+25
3.921578600588804253e-02 1.881291269589789458e+25
3.930289915359740094e-02 1.758654366392899246e+25
3.930811892980926037e-02 1.751369700905225965e+25
3.935263289078357735e-02 1.688320680110376981e+25
3.936241632300525178e-02 1.674419228683445548e+25
3.945616819659202718e-02 1.540214190457239852e+25
3.947695018604027023e-02 1.510336028705483760e+25
3.947729147437778474e-02 1.509783541871852305e+25
3.949807346382605555e-02 1.479551994714039149e+25
3.949841475216355619e-02 1.479092875806413893e+25
3.950202611813379699e-02 1.473871193388032862e+25
3.951804358632342307e-02 1.450600551492093786e+25
3.955161399217255180e-02 1.401376221766921590e+25
3.958964501900866240e-02 1.344980636862246307e+25
3.959369404506462436e-02 1.338995643381317791e+25
3.964201576392940851e-02 1.266806707942624279e+25
3.965528065966677368e-02 1.246529586129007994e+25
3.969990771039826061e-02 1.178992888324636279e+25
3.971569600692829299e-02 1.154679206426849432e+25
3.976471578304604376e-02 1.078815043531420208e+25
3.978464067081011191e-02 1.047613737386029099e+25
3.981017040178785188e-02 1.007314523837973192e+25
3.982325052739706106e-02 9.866896671054528829e+24
3.984392365712480927e-02 9.539121000213293409e+24
3.985311967734314620e-02 9.393756026193669805e+24
3.987251451637619654e-02 9.085112113127869573e+24
3.990081146547289070e-02 8.638585978504685021e+24
3.990963575965032761e-02 8.498151329240140843e+24
3.993123668191442266e-02 8.159199023977619484e+24
3.994932445209043587e-02 7.877717390035051587e+24
3.995450550987919569e-02 7.797043299694866371e+24
3.995795540469765372e-02 7.744434335083386534e+24
3.997808817497786049e-02 7.436910311308693223e+24
4.002842026576249046e-02 6.699189286769016856e+24
4.003024995816494708e-02 6.674260393320787390e+24
4.004761536205218159e-02 6.429441544881817566e+24
4.005309812071349701e-02 6.353473448538354223e+24
4.005719011967514426e-02 6.298622832560681567e+24
4.005835929189277556e-02 6.282809729712961509e+24
4.007965556315355032e-02 6.001020636171099324e+24
4.010241213201232863e-02 5.712686267793794866e+24
4.015362408052534915e-02 5.123150407104197382e+24
4.016102207501802412e-02 5.045211323205975273e+24
4.016595165796954525e-02 4.993246631820766942e+24
4.018224069813227523e-02 4.829435293071245618e+24
4.018448157763132578e-02 4.807105100552889195e+24
4.020073496804444507e-02 4.651750484163680883e+24
4.020505891751356697e-02 4.611948682372755061e+24
4.023262751149658117e-02 4.371106500540611141e+24
4.028022537687161314e-02 4.002990772777683880e+24
4.032053566042041737e-02 3.732281206134713646e+24
4.036160666958719945e-02 3.497106999696467440e+24
4.040679510097545252e-02 3.274885163567987928e+24
4.042191235629588597e-02 3.207191162583876920e+24
4.047802312197038010e-02 2.984035681940063925e+24
4.051815442166082498e-02 2.849047151757529704e+24
4.054620833483466719e-02 2.765051227221681062e+24
4.054932930094112126e-02 2.754749584694125877e+24
4.058886811071333450e-02 2.647184925507757049e+24
4.062048678645216460e-02 2.569764897357848663e+24
4.065013861344757978e-02 2.503487149784442404e+24
4.070468886447622253e-02 2.395646183189158629e+24
4.072618544875679369e-02 2.356833280741583046e+24
4.076362064102335286e-02 2.294626366622256673e+24
4.117850535580021287e-02 1.847825874039741276e+24
4.129525924180538210e-02 1.769109255328649976e+24
4.145938352029911872e-02 1.680734597152898460e+24
4.156021615065540881e-02 1.635131805113038099e+24
4.175577689167997431e-02 1.558738088234310796e+24
4.178179469328330981e-02 1.549602196067524817e+24
4.187093245468304081e-02 1.519126574040830917e+24
4.196833352710942211e-02 1.488132202044209068e+24
4.233304842755970798e-02 1.393946496183153969e+24
4.244825436393129259e-02 1.369016203891180661e+24
4.250431439315308091e-02 1.356421324780923399e+24
4.268180590633781357e-02 1.325491205092645366e+24
4.270407021782147983e-02 1.320443504218320002e+24
4.271951629065481176e-02 1.318364069208125400e+24
4.290788485029352339e-02 1.287451678205793337e+24
4.299077821737834482e-02 1.276117912819515037e+24
4.302437774794171804e-02 1.270204222642776927e+24
4.307280885546271865e-02 1.264719208592961689e+24
4.314782781032958786e-02 1.256054822303876629e+24
4.326204014410186399e-02 1.241897192573834476e+24
4.342227664086726474e-02 1.226028173351248812e+24
4.359885821432347291e-02 1.209608579482134036e+24
4.366598530755920471e-02 1.204437890154311191e+24
4.392519594910790359e-02 1.186630740700258462e+24
4.398996987798538261e-02 1.181107179524292467e+24
4.425153368389234815e-02 1.167695469408576690e+24
4.439254203181528663e-02 1.162019496952064071e+24
4.444587145686427349e-02 1.160784376966381956e+24
4.448088028026275093e-02 1.158863364730629971e+24
4.453661010355500910e-02 1.155651376358844875e+24
4.457866932921104169e-02 1.154661508924180387e+24
4.464020922983621270e-02 1.153233831311417727e+24
4.471959686116237787e-02 1.151215349465492968e+24
4.483454700280814498e-02 1.147124373487212760e+24
4.496993433091546477e-02 1.144436861171717743e+24
4.501243673446990445e-02 1.143399146360060355e+24
4.506895531685029682e-02 1.142534023724290162e+24
4.507019419804583066e-02 1.142550611224592894e+24
4.518296542162214546e-02 1.140962056152708205e+24
4.518348918957957455e-02 1.140965850415621040e+24
4.525109274968902584e-02 1.139911004231488909e+24
4.529670380377936317e-02 1.138630832513744384e+24
4.530411448523953555e-02 1.138517800322191325e+24
4.535480114787665551e-02 1.137420251829587105e+24
4.535581403350641416e-02 1.137405601954942293e+24
4.539883343006904243e-02 1.136667591572003244e+24
4.541763266973994351e-02 1.136558541608016618e+24
4.541812893603320439e-02 1.136630826902988981e+24
4.547828597716744442e-02 1.134228832942444490e+24
4.548005826888360664e-02 1.134114724231154793e+24
4.549434648087605920e-02 1.133444005863396146e+24
4.551107844408752712e-02 1.132785002146120178e+24
4.553973099320714202e-02 1.131258658360705080e+24
4.556452963607411644e-02 1.129800625686602720e+24
4.561759771323385670e-02 1.126433656742271540e+24
4.565205263923256124e-02 1.123306194846740524e+24
4.567964061659258307e-02 1.120535205584368268e+24
4.569452206526250504e-02 1.118946047765980595e+24
4.570761821707851336e-02 1.117720210432200609e+24
4.573483999092924773e-02 1.113835844183041721e+24
4.575582171889634037e-02 1.110807097375230670e+24
4.577544526435621541e-02 1.107726574175536646e+24
4.580047064155999548e-02 1.103814371084817702e+24
4.581389175709935091e-02 1.101106529958692339e+24
4.583649918683146279e-02 1.096256241640439487e+24
4.584775676569632918e-02 1.093799420270017079e+24
4.587533693121056966e-02 1.087931273424156714e+24
4.590785431092300056e-02 1.080270128271016166e+24
4.593721900750386000e-02 1.072907076771052121e+24
4.594558648823144492e-02 1.070591978489633671e+24
4.599906894255571810e-02 1.054933736219508650e+24
4.600168567226188554e-02 1.054529398005844226e+24
4.604468783460752973e-02 1.047705912430456153e+24
4.605265111382417231e-02 1.046373329244661981e+24
4.608043978813974179e-02 1.042070740892317399e+24
4.609551703360078440e-02 1.039503384560219116e+24
4.613000390858008892e-02 1.033623745885962404e+24
4.615339587673790434e-02 1.029929338816592047e+24
4.615932832970772587e-02 1.028906998151544964e+24
4.617002247475686383e-02 1.027134845553823460e+24
4.617616030507337016e-02 1.025575580468841013e+24
4.617969121775202662e-02 1.024971292260592532e+24
4.619066237533344527e-02 1.022447818921690240e+24
4.622822240087005180e-02 1.016303127482046043e+24
4.624261671302341142e-02 1.013996001013705157e+24
4.624645640497912491e-02 1.013374048209081148e+24
4.624812187069417269e-02 1.013081674734615361e+24
4.625001403953733770e-02 1.012774234524903685e+24
4.628601144927690925e-02 1.007732592559551890e+24
4.628639477170115590e-02 1.007682624625057401e+24
4.628679363834439786e-02 1.007605764879915602e+24
4.628725755685678123e-02 1.007525498826907074e+24
4.629708740723586374e-02 1.005790081425176739e+24
4.635642397463233394e-02 9.948251368944843180e+23
4.636883862192179434e-02 9.926487406357700684e+23
4.640222780348757237e-02 9.868394631736769349e+23
4.640901514702253094e-02 9.856633320583990220e+23
4.642535003940710669e-02 9.828289525974311025e+23
4.642694293016714352e-02 9.825306537806233736e+23
4.651770788567549664e-02 9.665240164171896880e+23
4.652874973648608165e-02 9.644849076171034707e+23
4.655382151143495212e-02 9.601265356418889349e+23
4.655411055728795461e-02 9.600996012907746264e+23
4.660627377715448327e-02 9.509246539076837415e+23
4.661920711318656707e-02 9.485441648396052359e+23
4.662391154712163671e-02 9.477331432996970787e+23
4.666977781842274881e-02 9.385996042083130682e+23
4.668779633466606932e-02 9.359052273886532196e+23
4.670345378445025369e-02 9.330232371322453502e+23
4.670872254175681415e-02 9.320411774975478900e+23
4.674723901667928588e-02 9.252627690885752323e+23
4.674889656212766892e-02 9.248825248143934730e+23
4.676693172715863656e-02 9.216493000748347928e+23
4.676845978891127492e-02 9.213677276277491032e+23
4.678189970660695529e-02 9.185795158430284576e+23
4.680940512131596259e-02 9.133725779170687766e+23
4.685523462545814616e-02 9.045810038145409289e+23
4.691500934812325996e-02 8.938964124774298802e+23
4.691750846919081480e-02 8.933561834620954461e+23
4.693014335092850209e-02 8.910276886940473224e+23
4.698173273741796524e-02 8.798956784493881375e+23
4.698862485327533201e-02 8.784861307802727922e+23
4.701652059713398030e-02 8.734154898757526581e+23
4.701961234498983067e-02 8.728475910765024421e+23
4.704750808884845120e-02 8.673421411532080467e+23
4.710187527726885509e-02 8.567393145685359586e+23
4.710855131079379893e-02 8.554337172781600594e+23
4.714386233089388339e-02 8.484266543664192039e+23
4.715874156641459980e-02 8.454114851501589062e+23
4.720885183957985315e-02 8.353465155473355267e+23
4.723969569594906742e-02 8.295192439849443100e+23
4.724564490752729273e-02 8.283201110045019886e+23
4.726626782259458343e-02 8.242183547990555692e+23
4.726965792770410763e-02 8.235292159586535326e+23
4.727049221467467810e-02 8.233468532040325063e+23
4.734470038264309427e-02 8.076852163568197016e+23
4.734819551921523595e-02 8.069446743451234541e+23
4.737415414776884048e-02 8.017401484460523111e+23
4.738002333013673767e-02 8.004608898010810428e+23
4.738069441929509962e-02 8.002598558657949236e+23
4.738243634203193749e-02 7.999033098520136893e+23
4.738824186677689787e-02 7.986901230004090008e+23
4.738998357313110865e-02 7.983677222735305129e+23
4.739075785313461714e-02 7.982016607426413855e+23
4.739644793800813771e-02 7.970757912914588336e+23
4.740054808118990964e-02 7.962900157774411501e+23
4.740262295097573408e-02 7.958664171118031914e+23
4.742244768189358278e-02 7.919869974288743520e+23
4.751612402351983871e-02 7.718139618831715480e+23
4.760049218467445054e-02 7.545322953311496322e+23
4.760098455926575073e-02 7.544204332696348414e+23
4.762250064625782320e-02 7.488211975940781994e+23
4.765224932225497340e-02 7.428745199185167804e+23
4.767844631050212334e-02 7.372494777884308920e+23
4.776838842481774539e-02 7.181547672069696819e+23
4.778837462099012195e-02 7.137645066336578254e+23
4.779367062202206223e-02 7.126216015780459483e+23
4.782179459301944685e-02 7.065534170749468504e+23
4.783449334931417357e-02 7.035033154689864187e+23
4.787536955032457853e-02 6.948497256893359671e+23
4.791145922999815593e-02 6.864755680938665150e+23
4.791472265010562198e-02 6.857279984920623747e+23
4.791673949993545401e-02 6.852827458729070737e+23
4.794951105009114672e-02 6.781001275987838506e+23
4.794996786983782289e-02 6.779975088028391865e+23
4.795373588003574994e-02 6.771859518330296808e+23
4.797633927635619466e-02 6.721004462687678984e+23
4.798798909326066481e-02 6.692181381894535863e+23
4.800347682352656964e-02 6.660757652407434577e+23
4.801300475165085763e-02 6.639592095064808300e+23
4.803408967438958788e-02 6.592351074071403907e+23
4.804950867925258245e-02 6.557843215739975065e+23
4.809294903300177088e-02 6.460055660005271473e+23
4.810641705917972910e-02 6.423300631506307944e+23
4.812696882221439987e-02 6.377333871517350620e+23
4.816725167901651089e-02 6.287212468101058616e+23
4.818194610931984811e-02 6.254721453424361079e+23
4.820377436317955372e-02 6.205556569252604097e+23
4.822582964491344687e-02 6.158384305876074758e+23
4.823270606184618808e-02 6.142564080361832857e+23
4.823893235598800816e-02 6.128411630831902885e+23
4.824408182659216393e-02 6.116797326057727622e+23
4.825362416014638417e-02 6.094851317499961037e+23
4.828148406193169540e-02 6.031703757710408831e+23
4.833207474949537119e-02 5.909278936850539227e+23
4.833400882539419519e-02 5.904955169060605426e+23
4.833483452062105334e-02 5.903295677680462531e+23
4.836355595829047727e-02 5.836689877732856986e+23
4.836438165351736318e-02 5.834787639445389616e+23
4.839310309118678710e-02 5.767490241579118179e+23
4.839573899959546954e-02 5.761413654843927686e+23
4.846605627292344814e-02 5.602322892174500215e+23
4.846868144299558423e-02 5.596242884106221194e+23
4.846872492110190778e-02 5.596246367390833364e+23
4.852903368034416909e-02 5.452651348800311982e+23
4.853073451076046763e-02 5.448719305822317671e+23
4.861667725399347606e-02 5.243918662037524982e+23
4.862101380014817453e-02 5.233716455018070855e+23
4.866240341680196785e-02 5.132857110935895477e+23
4.866770616278877359e-02 5.119352787624222744e+23
4.875874851360362250e-02 4.905137098950509949e+23
4.877330267919444823e-02 4.872427916934836692e+23
4.877681458819625032e-02 4.864281059557889970e+23
4.878658169288054708e-02 4.840186406809229108e+23
4.879009360188237693e-02 4.831588313443216906e+23
4.879986070656663899e-02 4.807747565990416619e+23
4.880337261556844802e-02 4.799212814265306852e+23
4.889695869857322436e-02 4.569623061029908990e+23
4.889721398626852011e-02 4.568973768556365742e+23
4.889723561941289320e-02 4.568862310607633147e+23
4.893922717234146236e-02 4.462726710627197214e+23
4.894617842224591175e-02 4.445190791949096678e+23
4.902267702075458616e-02 4.251731047899344310e+23
4.903333042341759263e-02 4.227637161314891155e+23
4.907910973232704199e-02 4.116798656797269631e+23
4.909784920355073773e-02 4.069266295952227875e+23
4.914814005524065915e-02 3.940939116732161930e+23
4.916843644390787166e-02 3.889334900382350422e+23
4.917750308707655865e-02 3.866117528758239594e+23
4.919779947574375034e-02 3.814076262451399308e+23
4.924000402789981135e-02 3.696777797786921987e+23
4.925351441406787545e-02 3.664437832842448627e+23
4.926011626893651157e-02 3.647499293664223932e+23
4.926026626469737907e-02 3.647089212408868949e+23
4.927056600542539799e-02 3.614952148474618089e+23
4.927256919709139399e-02 3.609847296392552377e+23
4.927260240459802737e-02 3.609816652479959946e+23
4.928764711153826167e-02 3.573540178020002064e+23
4.937006557345034741e-02 3.362782393389585856e+23
4.937816273145882728e-02 3.341357887623195588e+23
4.937870757223857682e-02 3.339950792555765747e+23
4.946716670823204237e-02 3.106386235888217620e+23
4.947745430427361729e-02 3.078682885228241502e+23
4.948349662978514946e-02 3.062377603544448584e+23
4.948647649179582775e-02 3.054324509527631599e+23
4.948842328857317591e-02 3.048955530549360979e+23
4.952861922146280238e-02 2.939281075655926234e+23
4.954894391402449305e-02 2.883203723430607234e+23
4.954904209493041917e-02 2.882888624001575247e+23
4.956649008660456157e-02 2.838360646932795438e+23
4.956881237288641995e-02 2.831889849463942435e+23
4.959306054799541424e-02 2.761430566038809451e+23
4.960886007780794527e-02 2.716598129038320216e+23
4.963860158382340376e-02 2.631219016454007213e+23
4.966478464426803824e-02 2.556673413666654965e+23
4.967927025326018819e-02 2.515533400524323983e+23
4.968857356113791368e-02 2.488152820742809390e+23
4.972536702105398443e-02 2.383414345440989146e+23
4.974417625504238410e-02 2.327485866520263073e+23
4.976439081407482007e-02 2.267314871066507923e+23
4.977358810664242461e-02 2.239701429330458695e+23
4.979006377425482938e-02 2.189820289275528217e+23
4.981795736370819155e-02 2.105786654210157686e+23
4.983869902080405312e-02 2.042817036972401025e+23
4.987534503354236481e-02 1.930545323014300956e+23
4.989155398737173813e-02 1.880572336702894836e+23
4.993502467481782808e-02 1.748765052790426745e+23
4.994720534090309888e-02 1.712007994103605274e+23
4.995109219855831811e-02 1.700422710667640790e+23
4.997326868294177382e-02 1.634668344472169496e+23
4.999812664771411536e-02 1.564801077933528035e+23
5.000539755611733278e-02 1.541969012858389413e+23
5.000593741006109649e-02 1.540882656239459699e+23
5.006031198934868254e-02 1.390852757835309793e+23
5.013110508211973682e-02 1.213881064899733189e+23
5.013315762607023496e-02 1.209161299696668671e+23
5.013477685693761704e-02 1.205698523813969563e+23
5.017947071498012751e-02 1.111692175179031008e+23
5.022396025393720959e-02 1.031387287644119247e+23
5.026237785359442822e-02 9.704410673105873142e+22
5.027019717519165543e-02 9.590855841209007053e+22
5.029862944061155861e-02 9.171368178832261723e+22
5.030312033426087570e-02 9.114938235361829270e+22
5.030610640574187387e-02 9.075979382273860646e+22
5.031148836509133360e-02 9.011535843633063055e+22
5.031393863665581390e-02 8.979935003141546915e+22
5.036939716801234340e-02 8.385089929714182652e+22
5.038155536188206746e-02 8.258055746463366067e+22
5.049570928864642594e-02 7.326413656089078163e+22
5.053537089979343033e-02 7.037870455879148084e+22
5.057876439109610517e-02 6.783829855726061014e+22
5.066784938323351528e-02 6.367398640296572171e+22
5.074853854586161561e-02 6.083716137195328137e+22
5.075717052937876034e-02 6.055925057045258673e+22
5.076486812058739889e-02 6.030924991780955881e+22
5.093980829934892374e-02 5.516192336023539994e+22
5.105952668219407992e-02 5.345181309462707700e+22
5.110514323694812650e-02 5.269862289065052314e+22
5.114990750309139633e-02 5.221468127434364263e+22
5.121455175373335750e-02 5.037585032396662637e+22
5.127693223517896387e-02 4.993461390671219366e+22
5.139552110654931061e-02 4.864254977742421256e+22
5.149425936907656848e-02 4.751155695563684866e+22
5.157649045936527066e-02 4.665681089648732301e+22
5.165499625484643725e-02 4.579162180571916927e+22
5.175745981218122377e-02 4.440346442645427873e+22
5.189497986660806389e-02 4.324717332214079239e+22
5.207270652002912725e-02 4.261426308110246268e+22
5.214868657909133010e-02 4.212025551948088554e+22
5.234514321696810690e-02 4.059007074067402667e+22
5.239858994645338330e-02 4.031668957803075496e+22
5.247400972468441865e-02 3.981823212521311437e+22
5.272785110441590567e-02 3.851706169515678944e+22
5.280492668049039523e-02 3.819664079212151361e+22
5.314119274862828812e-02 3.689257065736565896e+22
5.314621695867779300e-02 3.687689045229549335e+22
5.323709638938473043e-02 3.682363996252893977e+22
5.350648933929481182e-02 3.646897925029330577e+22
5.355453439284064976e-02 3.641172378393597130e+22
5.391596618724921186e-02 3.515411764434601352e+22
5.396787603705303221e-02 3.520148905455310078e+22
5.428242366241523009e-02 3.463630532218722451e+22
5.429478737302975005e-02 3.462399952233090043e+22
5.436426134842307217e-02 3.458088990167115864e+22
5.446903230884760083e-02 3.457937521318180159e+22
5.448767753287803856e-02 3.456409520759765572e+22
5.464327724466545161e-02 3.448775208895091468e+22
5.468781099019572739e-02 3.448912385890366941e+22
5.475879378136670750e-02 3.450133447535974626e+22
5.478790966630497222e-02 3.419484261459654659e+22
5.487803844057073666e-02 3.424536735898098729e+22
5.490183875750270087e-02 3.424276506729532254e+22
5.505040498622217754e-02 3.434478346050366289e+22
5.505598654205832998e-02 3.433700120347201346e+22
5.506355290961990195e-02 3.434353444593329190e+22
5.516040027033994320e-02 3.413916198226076736e+22
5.529068683596528866e-02 3.455600665275943774e+22
5.534756083238129287e-02 3.457994101845887497e+22
5.537144615961529792e-02 3.461685549022975099e+22
5.548272156968658830e-02 3.477714071567492920e+22
5.548546665433153058e-02 3.477605173961080544e+22
5.549956168842332116e-02 3.479993515514016458e+22
5.551581021663681836e-02 3.470707810029888392e+22
5.552122634251210886e-02 3.475712244859811345e+22
5.559539199965524842e-02 3.475921188408561710e+22
5.563292249860239680e-02 3.477806995548921659e+22
5.564168130903651005e-02 3.477025902647285121e+22
5.565658091228684740e-02 3.448844789003011804e+22
5.568718558856763229e-02 3.389625837329562416e+22
5.568905407686366993e-02 3.389320601440413024e+22
5.569752106226380506e-02 3.388348537663211438e+22
5.573622590978675323e-02 3.402813590173070970e+22
5.576755240143619480e-02 3.385306136409039438e+22
5.578552964824635280e-02 3.404561095605982803e+22
5.580649162080757175e-02 3.390943089840687048e+22
5.584711743803536660e-02 3.360721020306273075e+22
5.586337343003964367e-02 3.345669924299485898e+22
5.587793119183059876e-02 3.332268998783622604e+22
5.589105544303243911e-02 3.308119297672101862e+22
5.591572340972591343e-02 3.262865869101146204e+22
5.595919445864310643e-02 3.204596576669823454e+22
5.602383537859220025e-02 3.143972221007543717e+22
5.603822344440204800e-02 3.141395730674425319e+22
5.604202525925353756e-02 3.140787325939866403e+22
5.604700652712092668e-02 3.140329214940779486e+22
5.605240903169874528e-02 3.165557890361524329e+22
5.605540047039921092e-02 3.164547553212167409e+22
5.605766761312122592e-02 3.163583332966349773e+22
5.607658817052754013e-02 3.161751437438382349e+22
5.613135335152313193e-02 3.147211878923457108e+22
5.617008980003258822e-02 3.169435909444153953e+22
5.618683645775780083e-02 3.139075362104193057e+22
5.619692114605541466e-02 3.136234956825107733e+22
5.620830051432848529e-02 3.133309318423539771e+22
5.622118104622370743e-02 3.131270404911006325e+22
5.623215955653605019e-02 3.128508569385039613e+22
5.626232241785628779e-02 3.115535210233779454e+22
5.628524767713385252e-02 3.107750152642030993e+22
5.629610500401558554e-02 3.104142208305878532e+22
5.630627573865638197e-02 3.101420541865947772e+22
5.633833734528215925e-02 3.125351235700415844e+22
5.639994438757606893e-02 3.100999944159482190e+22
5.643358174416340800e-02 3.090436118164764256e+22
5.645074395942568241e-02 3.083633793919760099e+22
5.646648024309144920e-02 3.049771613934378707e+22
5.651786830032157899e-02 3.032343928043000247e+22
5.652603574860488173e-02 3.029685119140012176e+22
5.657381049815426999e-02 3.035253991698647430e+22
5.664003031979473329e-02 3.007159377722591307e+22
5.673821181468315100e-02 2.966590080451625773e+22
5.674485594117372605e-02 2.963928405976289798e+22
5.678619976926627816e-02 2.944190564347849946e+22
5.678695613317021051e-02 2.943978917088294286e+22
5.679458818489434985e-02 2.940044037936427670e+22
5.679662397819622982e-02 2.938566083342396660e+22
5.680638198401446320e-02 2.933622846776794310e+22
5.680841777731631542e-02 2.932436405204040863e+22
5.681817578313454881e-02 2.926892383817360527e+22
5.682021157643640102e-02 2.926118231545878466e+22
5.684895601882854893e-02 2.913326760267698563e+22
5.691064301376895507e-02 2.855187301774015437e+22
5.693205109162501748e-02 2.843738964666632215e+22
5.694297990754075556e-02 2.837395571279043284e+22
5.701736498448683327e-02 2.823007718248164203e+22
5.702375223809778848e-02 2.791404783578738852e+22
5.706157389369475447e-02 2.770978317498429578e+22
5.706561575132979014e-02 2.768832640239125555e+22
5.706620256455772339e-02 2.768565824401089705e+22
5.713360581490762452e-02 2.726148949617105542e+22
5.713664100764066778e-02 2.724434605994383140e+22
5.715878457958327441e-02 2.709640654380241152e+22
5.716181977231631073e-02 2.707947635431895047e+22
5.717979894952322090e-02 2.695971041941843555e+22
5.719965681074608288e-02 2.683881473216593107e+22
5.722790362990687330e-02 2.666976955478651909e+22
5.725665674596967097e-02 2.674288080872501622e+22
5.730545591160567803e-02 2.642898922249699249e+22
5.737704424064892644e-02 2.561415015503881044e+22
5.740059364804284137e-02 2.572299390038736634e+22
5.744311110491990419e-02 2.542971892853463056e+22
5.747293385109871616e-02 2.520931255277667431e+22
5.755443167055177695e-02 2.457431017657117914e+22
5.756907540769222453e-02 2.446351999865671438e+22
5.762956546387016515e-02 2.398500957633471368e+22
5.766456592737033426e-02 2.371107493459086908e+22
5.767111740984016965e-02 2.366269537149094619e+22
5.769113003169382831e-02 2.350451511160101195e+22
5.769586822713929086e-02 2.345634951590932644e+22
5.772927790458459024e-02 2.320456951099678733e+22
5.773861289702832134e-02 2.313181065518174857e+22
5.774697090070736449e-02 2.306336387716079419e+22
5.776412155191176789e-02 2.292023191172699652e+22
5.781058728997652552e-02 2.251883399821271027e+22
5.783200019628204763e-02 2.233249901814716196e+22
5.792969430587605745e-02 2.146658303952978497e+22
5.795323945808886906e-02 2.126088986286491907e+22
5.800597388735423410e-02 2.077220847689797101e+22
5.802999564355570267e-02 2.029633358094378467e+22
5.811241771104475734e-02 1.952337518695705425e+22
5.814445670574996256e-02 1.922944871850066733e+22
5.820136048473193574e-02 1.868180011679587343e+22
5.821876807224194567e-02 1.852424205800393671e+22
5.823492957938616182e-02 1.835743687272949613e+22
5.824228744706999583e-02 1.828609399929200181e+22
5.824872589351543645e-02 1.822016318297849882e+22
5.825920725789143079e-02 1.804243701560152949e+22
5.826928710035164660e-02 1.794171069984011610e+22
5.827893476549963342e-02 1.783984682028156479e+22
5.828909562054159638e-02 1.780444310713668941e+22
5.833436116064859289e-02 1.733328072592341755e+22
5.838361046309172714e-02 1.682040716481690547e+22
5.841590163412491155e-02 1.649589202812208257e+22
5.845742298445093243e-02 1.602200916659984663e+22
5.852849727319447276e-02 1.541030300977313140e+22
5.855731949919417562e-02 1.508698648701744605e+22
5.860419826395197457e-02 1.426342484566132497e+22
5.862575034836026849e-02 1.401632543045047235e+22
5.872229795569069294e-02 1.309716088718816077e+22
5.873102853529664491e-02 1.298370542859469403e+22
5.873436031934205909e-02 1.294293859807535720e+22
5.873683331415188030e-02 1.295156430687200451e+22
5.874844195940943231e-02 1.279243461507081988e+22
5.875573243475937929e-02 1.269574522302109214e+22
5.875819728919525614e-02 1.266062394414881309e+22
5.876829557570382306e-02 1.252591047824697092e+22
5.877715701384156333e-02 1.239397438609942381e+22
5.879688077398220747e-02 1.212777468518597866e+22
5.881378897117930937e-02 1.189954622010481128e+22
5.885530252005072988e-02 1.132313204878294070e+22
5.886343107843137329e-02 1.121488023056533999e+22
5.890114335459026990e-02 1.065141777135359230e+22
5.890387501408793358e-02 1.061423615497434300e+22
5.894504923374774275e-02 1.002613597068352868e+22
5.896639051217505284e-02 9.659588227295682232e+21
5.896905486704116101e-02 9.618024035311249523e+21
5.899890085318110905e-02 9.200698063990637462e+21
5.902374460170474457e-02 8.869807379910494257e+21
5.904043841854152153e-02 8.665974402264192778e+21
5.904594453894928402e-02 8.599726047777470284e+21
5.906934994591872545e-02 8.321579394044956508e+21
5.907491472326543980e-02 8.256040046452784759e+21
5.909331082290771031e-02 8.033332626068104806e+21
5.911384748256976601e-02 7.783173901684334133e+21
5.911827198404542155e-02 7.730669578338092188e+21
5.913011111639505241e-02 7.600077971739651342e+21
5.914495338168005573e-02 7.443914557974716088e+21
5.916243169360619475e-02 7.267946718354450940e+21
5.922517153018362623e-02 6.580720485042158043e+21
5.923141937926797163e-02 6.528749073264096051e+21
5.924006008218253572e-02 6.464703157631005491e+21
5.924218966938445824e-02 6.448745642660937597e+21
5.930390904278785152e-02 6.015310036791091790e+21
5.933761865132199803e-02 5.775138534840544002e+21
5.933873809729414694e-02 5.769172305141038055e+21
5.937747232659096319e-02 5.562066949527007396e+21
5.939330552402040386e-02 5.493048484736635240e+21
5.939474587427942542e-02 5.486965620869631574e+21
5.944574271318164849e-02 5.279389608763492139e+21
5.945366582740160832e-02 5.256680361596842672e+21
5.945396808817545592e-02 5.255740630540174230e+21
5.953810083782463958e-02 4.971231781174592406e+21
5.958725253072292422e-02 4.893657284576931742e+21
5.962612769687981873e-02 4.717238322884344021e+21
5.965382867375947779e-02 4.646337649271055057e+21
5.966839581391304020e-02 4.621402732872278737e+21
5.969120165522194543e-02 4.570129838703354839e+21
5.970631793460304260e-02 4.541542958438971081e+21
5.977747162422761273e-02 4.430041571195883618e+21
5.988272825071360578e-02 4.273747700212325417e+21
5.989710113966294908e-02 4.157452981844977910e+21
5.990136817395218249e-02 4.153064129705504932e+21
5.997246106912008240e-02 4.082562570046939333e+21
6.008599341286627316e-02 4.048000644225807942e+21
6.010401856794201497e-02 3.955809090503704576e+21
6.011213212805881917e-02 3.950495402524848161e+21
6.011647330315725984e-02 3.947663907120023077e+21
6.015891191613277622e-02 3.905587867647532859e+21
6.018431314335635773e-02 3.880714754755040641e+21
6.029430340228041085e-02 3.798427108067520283e+21
6.031237558997794290e-02 3.847434849782598730e+21
6.033188889260971549e-02 3.834078877412929569e+21
6.036308410045724410e-02 3.815657785835765367e+21
6.054349949486422661e-02 3.638601761416630764e+21
6.062517410641517224e-02 3.595846886403822584e+21
6.074049212510033297e-02 3.533616245240784486e+21
6.082080391824990634e-02 3.500390370887340655e+21
6.085555802589993901e-02 3.488718541842467521e+21
6.093241541193757799e-02 3.429172590346091102e+21
6.097032461220071309e-02 3.415939848225117700e+21
6.107527524738276536e-02 3.375291736131628433e+21
6.122378367124506338e-02 3.318187811691367498e+21
6.125350306131813888e-02 3.334437716415424233e+21
6.145461486272418145e-02 3.242379254888224784e+21
6.146401759395135611e-02 3.241540730370138833e+21
6.196855186988787373e-02 3.056970647114440245e+21
6.238728637350938327e-02 2.868136477105051927e+21
6.262673509457132581e-02 2.852083093270287090e+21
6.280907412623928932e-02 2.817523767014012223e+21
6.308132754280962318e-02 2.775319806583426253e+21
6.308697165874582735e-02 2.774797047544703615e+21
6.308980049017123837e-02 2.768965730660258415e+21
6.368591161364266229e-02 2.655991549923306766e+21
6.389522938075027636e-02 2.622961575079550910e+21
6.397452344540863201e-02 2.612312198424331026e+21
6.401713790098867429e-02 2.615204204802280522e+21
6.407378315063752550e-02 2.601021526624641221e+21
6.426299136113446109e-02 2.585599468340383318e+21
6.459663228045173233e-02 2.238576126311347782e+21
6.495176383945221177e-02 2.365232966338089583e+21
6.497475449892380073e-02 2.364211257152343376e+21
6.522799562650481719e-02 2.305427994967378231e+21
6.552895811801451309e-02 2.245827769216950600e+21
6.559555483723111813e-02 2.221739681654132703e+21
6.567610164333827216e-02 2.201540316648455799e+21
6.570409803382175340e-02 2.201118731322985808e+21
6.572135621086860890e-02 2.205467739331324019e+21
6.598821178806529852e-02 2.071131615466624909e+21
6.631758956700777030e-02 2.011523441617841160e+21
6.654158684207800434e-02 1.971359895185418617e+21
6.656354537284210615e-02 1.975385613794059485e+21
6.722165094989325518e-02 1.973229155449316311e+21
6.730141279034503043e-02 1.953209289748848050e+21
6.733546002834731037e-02 1.940888699287861461e+21
6.740972490413255080e-02 1.933307719981793018e+21
6.754736859617933853e-02 1.901881837277112435e+21
6.765386458284373961e-02 1.870137463739362574e+21
6.816992491210246974e-02 1.952527105388070830e+21
6.835731778419820714e-02 1.978197510599992410e+21
6.837744368407686069e-02 1.709899034425116590e+21
6.899999999999996414e-02 1.795192089587292307e+21
