-7.105427357601002007e-18 1.754187975229638844e+24
1.449783608713062229e-05 1.754190320805522583e+24
7.600552165782659684e-05 1.754199667923131746e+24
1.697141683400218352e-04 1.754213773798328291e+24
5.162223086912049678e-04 1.754257497217500818e+24
7.551655787318126058e-04 1.754282201654414365e+24
8.018523443030716553e-04 1.754286401983006330e+24
9.128885949770122570e-04 1.754296148801644327e+24
9.806092129306662793e-04 1.754301805005686117e+24
1.056604074672676946e-03 1.754307661408330767e+24
1.272068677503796234e-03 1.754323201093400384e+24
1.441010216565359776e-03 1.754333500173513373e+24
1.806838974240186201e-03 1.754352662511461230e+24
1.862883325091253470e-03 1.754355024168729828e+24
1.907309487917046870e-03 1.754356996832827451e+24
1.977078859087420294e-03 1.754359840053283418e+24
2.015348048001676991e-03 1.754361471693957571e+24
2.063261819753399971e-03 1.754363221553767340e+24
2.206748883330078483e-03 1.754368381752475327e+24
2.442036960266158116e-03 1.754375577601135247e+24
2.795516898101425320e-03 1.754384430289254510e+24
3.303052845951974601e-03 1.754393181694845763e+24
3.513169920688511555e-03 1.754395681677518750e+24
3.613719899204802678e-03 1.754396743807660026e+24
3.726409298420677030e-03 1.754397768024787366e+24
3.888960448772195520e-03 1.754399150141341377e+24
4.152211593906073896e-03 1.754400577672703482e+24
4.327514597409909056e-03 1.754401104200236601e+24
4.410251530407826616e-03 1.754401271032043308e+24
4.461655360428757287e-03 1.754401449571801478e+24
4.825839810034878753e-03 1.754401665966007409e+24
5.153584677835354802e-03 1.754401082582746540e+24
5.193935029771815440e-03 1.754401344243219391e+24
5.216076587405019636e-03 1.754401262242313548e+24
5.594025567345376274e-03 1.754399909879660340e+24
5.614992633039918302e-03 1.754399905282892671e+24
5.757387824140174602e-03 1.754399021126774325e+24
6.333167316551041245e-03 1.754597912611269886e+24
6.729653298966695521e-03 1.754595320371681205e+24
6.926600822038601023e-03 1.754593701823759855e+24
7.010022507565530706e-03 1.754593045806242238e+24
7.433742355618221630e-03 1.754589611991055196e+24
7.727588079883446724e-03 1.754587012193181726e+24
7.879363226371630113e-03 1.754585661495948794e+24
8.006913813190422169e-03 1.754584694158395131e+24
8.236880815605595457e-03 1.754582518013746391e+24
8.287796980461784729e-03 1.754581806969952007e+24
8.333798908337236924e-03 1.754581512823529257e+24
8.626840935414265346e-03 1.754578685817695819e+24
9.062351286799818009e-03 1.754781864717577932e+24
9.100741452811740226e-03 1.754781515119852477e+24
9.151944586893166408e-03 1.754780972672070130e+24
9.982456826175821127e-03 1.754570779401844641e+24
1.016821641390457456e-02 1.754568937804862834e+24
1.017604942515644255e-02 1.754568855470252529e+24
1.111190690101184278e-02 1.754559811271519638e+24
1.112942643120095471e-02 1.754559820578977909e+24
1.138807236491887719e-02 1.754557301281548961e+24
1.164743287629668375e-02 1.754554974732006344e+24
1.167440164555698379e-02 1.754554605745632432e+24
1.177702164483698452e-02 1.754346073361843780e+24
1.178062844998216743e-02 1.754346033957683235e+24
1.178315340329508243e-02 1.754346053084631819e+24
1.226250217969354107e-02 1.754603129921879484e+24
1.260564643247948265e-02 1.754600126026910917e+24
1.280741867214901276e-02 1.754598334470210019e+24
1.284244429122601699e-02 1.754597923008601072e+24
1.315779601603038126e-02 1.754539836900831608e+24
1.324276761792032853e-02 1.754539219673149526e+24
1.414537043530663188e-02 1.754531519489848686e+24
1.426254276354360639e-02 1.754530550828144257e+24
1.436104755338257592e-02 1.754529821675878158e+24
1.437138380896016074e-02 1.754529738433134061e+24
1.440129676316703224e-02 1.754529549736362620e+24
1.549999999999999989e-02 1.754520460108966876e+24
1.623116769203344564e-02 1.754514992697767161e+24
1.678809008929871283e-02 1.754511281219190389e+24
1.722642241822275322e-02 1.754508152374585496e+24
1.775457784814657436e-02 1.754298857550684413e+24
1.780189655763032841e-02 1.754298634918469055e+24
1.807618017859740842e-02 1.754296985035141697e+24
1.842467076813377944e-02 1.754294817671875985e+24
1.868241857648065066e-02 1.754293080146055333e+24
1.915583846016722519e-02 1.754290055487858722e+24
1.936640821595250403e-02 1.754288768176635223e+24
1.945132611366876679e-02 1.754288515542066747e+24
1.959454884664408800e-02 1.754287686110160118e+24
1.991409789941002428e-02 1.754285937234964623e+24
2.001234013354851252e-02 1.754285095104001220e+24
2.027897073871883990e-02 1.754283713204317556e+24
2.050711136941042387e-02 1.754282334729742804e+24
2.050727524401349533e-02 1.754282336844019107e+24
2.050732264419134754e-02 1.754282336104428692e+24
2.050734200688342918e-02 1.754282334060399531e+24
2.090656899780573424e-02 1.754280270325449218e+24
2.126525984599452260e-02 1.754278238630034199e+24
2.149756692554062598e-02 1.754276974378902429e+24
2.151797600485589809e-02 1.754276809716658455e+24
2.210430805864888049e-02 1.754273868694983037e+24
2.228710094197682359e-02 1.754272777347353115e+24
2.250346508574463042e-02 1.754271792700682890e+24
2.271080647666175178e-02 1.754270822105641346e+24
2.283139724667543682e-02 1.754270256935371295e+24
2.293614882610750180e-02 1.754269724554197721e+24
2.301890902941496411e-02 1.754269344273000150e+24
2.304365248040535913e-02 1.754269196247154962e+24
2.319853260055189034e-02 1.754268323584438356e+24
2.337856497650472182e-02 1.754267305756906213e+24
2.345215275146755526e-02 1.754266969712368820e+24
2.359236091165657287e-02 1.754266254307119168e+24
2.389360011535915027e-02 1.754264853718829403e+24
2.401292244151340127e-02 1.754264243709422904e+24
2.409450353885776719e-02 1.754263772617408216e+24
2.414234949961918675e-02 1.754263675198880820e+24
2.424143133874294767e-02 1.754263280522814204e+24
2.437332662708887113e-02 1.754262430466406168e+24
2.456586775785066581e-02 1.754261653816343972e+24
2.459373083342749830e-02 1.754261646972971790e+24
2.459667756693428506e-02 1.754261645826705685e+24
2.461086436869066446e-02 1.754261572156133994e+24
2.465076243498698014e-02 1.754261323132078505e+24
2.468375836956679392e-02 1.754261148455969298e+24
2.470271643028662187e-02 1.754261018942806203e+24
2.477777553822086906e-02 1.754260635956937534e+24
2.486428919361653722e-02 1.754260137849679218e+24
2.497357468526021154e-02 1.754259807600929608e+24
2.497515792858402348e-02 1.754259771405004943e+24
2.498314637827787899e-02 1.754259744797015482e+24
2.500345233495523956e-02 1.754259619980760976e+24
2.513856512160567158e-02 1.754258941264165643e+24
2.514189094231512531e-02 1.754258952726442561e+24
2.517988360794566269e-02 1.754258779141713804e+24
2.518901630141881509e-02 1.754258724992452984e+24
2.521465523388476127e-02 1.754258564466368817e+24
2.523417028331481626e-02 1.754258338533350027e+24
2.525727043949180239e-02 1.754258377064848380e+24
2.525888976897028293e-02 1.754258367434364813e+24
2.526130942410381372e-02 1.754258349850735686e+24
2.526592757776565876e-02 1.754258338395212604e+24
2.531190227666820294e-02 1.754258072995238431e+24
2.531685688839912726e-02 1.754258086309784420e+24
2.532112601443745406e-02 1.754258115017904172e+24
2.532661382134001812e-02 1.754258152566503823e+24
2.533995268653483138e-02 1.754258042834462492e+24
2.537470970630088460e-02 1.754257801366739461e+24
2.538849740659858412e-02 1.754257769434506945e+24
2.539327470777466220e-02 1.754257795744521238e+24
2.542185983384282616e-02 1.754257604918551704e+24
2.542586920397912550e-02 1.754257571736758583e+24
2.542882753587191041e-02 1.754257573203212621e+24
2.543243319158460664e-02 1.754257536565146305e+24
2.543594002635122739e-02 1.754257529046837192e+24
2.544467613077622259e-02 1.754257511413630720e+24
2.544758910605969537e-02 1.754257499947631945e+24
2.548801088786983859e-02 1.754257343398784398e+24
2.549674325801001840e-02 1.754257338936033936e+24
2.550163709581078353e-02 1.754257344943689503e+24
2.551517476691619532e-02 1.754257094343724076e+24
2.554366621351956967e-02 1.754257095052451125e+24
2.555884031052442495e-02 1.754256964276186736e+24
2.556733416527033620e-02 1.754256921819082100e+24
2.558276042777270567e-02 1.754256934551351856e+24
2.559933894974660007e-02 1.754256809339431542e+24
2.560315595484883786e-02 1.754256764956822200e+24
2.562707778870920369e-02 1.754256724583355987e+24
2.564201527046629236e-02 1.754256651758300685e+24
2.566812336861063609e-02 1.754256657449760223e+24
2.566876331973770922e-02 1.754256661964911970e+24
2.568022216660261273e-02 1.754256593476545545e+24
2.570741577987033580e-02 1.754256487390769314e+24
2.571123923347932647e-02 1.754256460036658403e+24
2.571852085373882088e-02 1.754256443490491779e+24
2.575673059715139976e-02 1.754256213751173382e+24
2.576544959635687290e-02 1.754256172431104698e+24
2.576744815316403189e-02 1.754256152473839077e+24
2.576880129725738280e-02 1.754256157557646105e+24
2.580649877755709573e-02 1.754255861666456510e+24
2.583631953580691962e-02 1.754255759728368582e+24
2.584782269646954123e-02 1.754255707610413888e+24
2.585443670903410027e-02 1.754255612307277875e+24
2.585923687355338313e-02 1.754255606150385080e+24
2.589430484085125661e-02 1.754255481200727548e+24
2.591367977435677858e-02 1.754255375986766058e+24
2.591739228432693443e-02 1.754255331590895200e+24
2.598850718759826428e-02 1.754254993932304266e+24
2.605437548879743770e-02 1.754254773070631998e+24
2.605748731421097739e-02 1.754254733945937190e+24
2.605834198410560132e-02 1.754254727171108927e+24
2.605885326977216976e-02 1.754254728820707887e+24
2.612136413920719200e-02 1.754254540833969702e+24
2.619929168388426127e-02 1.754254007611245604e+24
2.620250294210704767e-02 1.754254009136817451e+24
2.621123296362107627e-02 1.754253845566345305e+24
2.626282205584509755e-02 1.754253717419793559e+24
2.628818651618542238e-02 1.754253668729157000e+24
2.629363673803823687e-02 1.754253560115871166e+24
2.629787722994661806e-02 1.754253602821046402e+24
2.630380598202089817e-02 1.754253580870616651e+24
2.631866988008775901e-02 1.754253541591608231e+24
2.632773860955464271e-02 1.754253488570833157e+24
2.634263300861846083e-02 1.754253474439182256e+24
2.634613620145245805e-02 1.754253475874522477e+24
2.634996053522712864e-02 1.754253418534033311e+24
2.641358886633642447e-02 1.754252978903876790e+24
2.643091948850607650e-02 1.754252960003471893e+24
2.645670632713514533e-02 1.754252890931998696e+24
2.646764242219226682e-02 1.754252766095806684e+24
2.652938820639804199e-02 1.754252579357380342e+24
2.655637628023931746e-02 1.754252453875826007e+24
2.657355854200173575e-02 1.754252343426829812e+24
2.658532430915740152e-02 1.754252274048476908e+24
2.664518754645965604e-02 1.754252021166436979e+24
2.665197486264607452e-02 1.754252030255662056e+24
2.665845497366258962e-02 1.754252081309613765e+24
2.666391787299314531e-02 1.754252016789835508e+24
2.667868362261190812e-02 1.754251979925409115e+24
2.668080274865669912e-02 1.754251962362258929e+24
2.668672349649291869e-02 1.754251918313654967e+24
2.670148276040404042e-02 1.754251864518439308e+24
2.670390530880395810e-02 1.754251856920285947e+24
2.674831544849141235e-02 1.754251664759679753e+24
2.677406661692455919e-02 1.754251425732889984e+24
2.678230883367815202e-02 1.754251397864579414e+24
2.681442733945907028e-02 1.754251116335222512e+24
2.686812121860214855e-02 1.754251030053220507e+24
2.687867461565006388e-02 1.754250947571155921e+24
2.691894798141583958e-02 1.754250838403534765e+24
2.692022437856517181e-02 1.754250831303606201e+24
2.692121508925054973e-02 1.754250816271249387e+24
2.699048191233635596e-02 1.754250336424075131e+24
2.700675809075450684e-02 1.754250342420079794e+24
2.701528559997988174e-02 1.754250361697226069e+24
2.703156177839800833e-02 1.754250150573122177e+24
2.706580663118028293e-02 1.754249981456132486e+24
2.708458993704311937e-02 1.754249938705605349e+24
2.709457339072552165e-02 1.754249900731778971e+24
2.710627579259658471e-02 1.754250013176632242e+24
2.710654083181877200e-02 1.754250007803231138e+24
2.711358334279734272e-02 1.754249935616643932e+24
2.713633101243443854e-02 1.754249779614156759e+24
2.713653439827727609e-02 1.754249781593570284e+24
2.714091304696793217e-02 1.754249742307868426e+24
2.714441279573266697e-02 1.754249711736985387e+24
2.721175513200554258e-02 1.754249402480381821e+24
2.722558994514207020e-02 1.754249340885552259e+24
2.723138990613932497e-02 1.754249310023599287e+24
2.725601425744684017e-02 1.754249248252824780e+24
2.729840645256939244e-02 1.754249028482739657e+24
2.730732685168693955e-02 1.754249007740991817e+24
2.731245496300966497e-02 1.754248932965408257e+24
2.732432867803861326e-02 1.754248937300140508e+24
2.733284605876225987e-02 1.754248896993236624e+24
2.736246574305423174e-02 1.754248831489270637e+24
2.736865256912750233e-02 1.754248779884023637e+24
2.740836833513688592e-02 1.754248589370846102e+24
2.741150876780158382e-02 1.754248521265306487e+24
2.741533550729064253e-02 1.754248470818591213e+24
2.741690563180118959e-02 1.754248481178403176e+24
2.742360993974649400e-02 1.754248442682640024e+24
2.743453029990146688e-02 1.754248412335268426e+24
2.744200751742039909e-02 1.754248392290578209e+24
2.745661429304964429e-02 1.754248323266657011e+24
2.746022898923456898e-02 1.754248408580827864e+24
2.746752590308585568e-02 1.754248320704144499e+24
2.748036742914991212e-02 1.754248209646083287e+24
2.749516588898866590e-02 1.754248162956801630e+24
2.754012070797785469e-02 1.754247914108574585e+24
2.757859514839321527e-02 1.754247942143513780e+24
2.758664889426940686e-02 1.754247901510832063e+24
2.761671373666047674e-02 1.754247776770407621e+24
2.762078500293673605e-02 1.754247742009220539e+24
2.763378490730619350e-02 1.754247677418304738e+24
2.766731512978149940e-02 1.754247500313449776e+24
2.767723814091958834e-02 1.754247507865692084e+24
2.769608370913822365e-02 1.754247437567583475e+24
2.772562280276725730e-02 1.754247319409227553e+24
2.774107234794509144e-02 1.754247119894992835e+24
2.775943341507258744e-02 1.754246936574767487e+24
2.776389867413321666e-02 1.754246916482662979e+24
2.778897376294895902e-02 1.754246857353865126e+24
2.782195963819615245e-02 1.754246785264885615e+24
2.782510540791247738e-02 1.754246728610986968e+24
2.785040385582089953e-02 1.754246732837253577e+24
2.785065272335117068e-02 1.754246746879225292e+24
2.785097187252957851e-02 1.754246741018705910e+24
2.792894686005957527e-02 1.754246392072464180e+24
2.793976819438613937e-02 1.754246351488877429e+24
2.795521652182583056e-02 1.754246224317702287e+24
2.799751411020855174e-02 1.754246169557989981e+24
2.800632630283440491e-02 1.754246047009404388e+24
2.802845829875165104e-02 1.754245924098369189e+24
2.802902882313370800e-02 1.754245923625937014e+24
2.802976015688950218e-02 1.754245954870567277e+24
2.804777627790141364e-02 1.754245991102319218e+24
2.806193883551473534e-02 1.754245963951250201e+24
2.812799397731964926e-02 1.754245432790683516e+24
2.813024369346998899e-02 1.754245435467913262e+24
2.815832507024205664e-02 1.754245314985912655e+24
2.819245480929484862e-02 1.754245218337453836e+24
2.822131736885937284e-02 1.754244959122399536e+24
2.822967090548800934e-02 1.754244879179686850e+24
2.824959563279218211e-02 1.754244867490927717e+24
2.826144326368503976e-02 1.754244865337326156e+24
2.830117653757159221e-02 1.754244652098610149e+24
2.834208998896977846e-02 1.754244579268204660e+24
2.835028618350372148e-02 1.754244532451261811e+24
2.835991018922018672e-02 1.754244492600216897e+24
2.836063126028572773e-02 1.754244508996466614e+24
2.836638131359868129e-02 1.754244539185355261e+24
2.837795556499126196e-02 1.754244444843050409e+24
2.837805371081470254e-02 1.754244448427076064e+24
2.837817946382974535e-02 1.754244458762389802e+24
2.841059990723559733e-02 1.754244288291264837e+24
2.844163229038075211e-02 1.754244146104750616e+24
2.845694026358326981e-02 1.754244100654460991e+24
2.847220912133138077e-02 1.754243959849759887e+24
2.850489465851121715e-02 1.754243844934852671e+24
2.850877623247506307e-02 1.754243870631957684e+24
2.851706581900067053e-02 1.754243830776346683e+24
2.852098666801753182e-02 1.754243777623199375e+24
2.852879378919859210e-02 1.754243774409620823e+24
2.853090719198414504e-02 1.754243779847562400e+24
2.853228991212330631e-02 1.754243785367885477e+24
2.853385104108334056e-02 1.754243786415439543e+24
2.859750514529647153e-02 1.754243407850578817e+24
2.860563167370916079e-02 1.754243342958665266e+24
2.864641876917244090e-02 1.754243251659116305e+24
2.865576280472314011e-02 1.754243153267273352e+24
2.868219866084263658e-02 1.754242988156016317e+24
2.870858177917131812e-02 1.754243002957880220e+24
2.878215432756869169e-02 1.754242667588111449e+24
2.879659470464353971e-02 1.754242604720007963e+24
2.882123007714010310e-02 1.754242545159628711e+24
2.883025033687672961e-02 1.754536695895492821e+24
2.891469850028868110e-02 1.754536340453061785e+24
2.894549259033695268e-02 1.754536171192353898e+24
2.900396841582074392e-02 1.754535924182235686e+24
2.908828788225724382e-02 1.754535647057715369e+24
2.908979735065531438e-02 1.754535626124441516e+24
2.912912087438031608e-02 1.754535420305160985e+24
2.915271146275798253e-02 1.754535227031054992e+24
2.916201359656903080e-02 1.754535108336813584e+24
2.917010025189947092e-02 1.754535047426776561e+24
2.919447251628109335e-02 1.754535215581178987e+24
2.930183784643805925e-02 1.754534720437409718e+24
2.940267337762060215e-02 1.754534344235440014e+24
2.940653730216540376e-02 1.754534246978598541e+24
2.941659619060757458e-02 1.754534161671743359e+24
2.952728022935741103e-02 1.754858131817895807e+24
2.964010642357218020e-02 1.754837626998214361e+24
2.969033437957837446e-02 1.754837595041019227e+24
2.969851769188557727e-02 1.754837585235377499e+24
2.971933352174496376e-02 1.754837506950407567e+24
2.973789127483374151e-02 1.754837437083485221e+24
2.998680368935215459e-02 1.754802228317960249e+24
3.006147869226763122e-02 1.754758812300711129e+24
3.018148267913290869e-02 1.754712919573244873e+24
3.033936340030169224e-02 1.754712315733717004e+24
3.036374453276301233e-02 1.754712134877920805e+24
3.055873040325654544e-02 1.754911343389541336e+24
3.060312576796664005e-02 1.754911083946578354e+24
3.061724810833575672e-02 1.754910994984426562e+24
3.085315012931108200e-02 1.755325490654012240e+24
3.089513281636981773e-02 1.755325275216248012e+24
3.107525703182299412e-02 1.755322848808476856e+24
3.109468282906620307e-02 1.755322898539627225e+24
3.115948428740298454e-02 1.755262178392006141e+24
3.122920565445814339e-02 1.755209893246674938e+24
3.128904673553974808e-02 1.755210926329474308e+24
3.136993776552039759e-02 1.755210802952421199e+24
3.140857254142569860e-02 1.755210693185248915e+24
3.145929871953691975e-02 1.755136138575244784e+24
3.150283643925650551e-02 1.755143252046585512e+24
3.154502536068697072e-02 1.755143188846270331e+24
3.165766079544841266e-02 1.755460913626813391e+24
3.185062212408131671e-02 1.755258133759451405e+24
3.207836197342378570e-02 1.755257077813451539e+24
3.210687481152262740e-02 1.755256973971281129e+24
3.213356324303333345e-02 1.755256763302133727e+24
3.217463951329388450e-02 1.755213640819519064e+24
3.225197873375273278e-02 1.755522583636133699e+24
3.252499085655351230e-02 1.755319133838714174e+24
3.270332419032703775e-02 1.755318342861281833e+24
3.294304199256405802e-02 1.755619640839037398e+24
3.294311513474865866e-02 1.755619640814441194e+24
3.294339942756184525e-02 1.755619648085227047e+24
3.317867934510120020e-02 1.755618785897360151e+24
3.324109902594971078e-02 1.755618547931394555e+24
3.329882468596592066e-02 1.755618238407781462e+24
3.332512302494555073e-02 1.755874905993732220e+24
3.336561790287922297e-02 1.755874649219553200e+24
3.348824571802569428e-02 1.755783771116436034e+24
3.355348485793403779e-02 1.755506053690460358e+24
3.355634567495090204e-02 1.755506054825255679e+24
3.356213869096579677e-02 1.755506009199432889e+24
3.361724177427069526e-02 1.755505752933766990e+24
3.369422386354066490e-02 1.755251714988797780e+24
3.369564747572591917e-02 1.755251698610259972e+24
3.378756832495626722e-02 1.755251329450647480e+24
3.389223498630351827e-02 1.755251028718791103e+24
3.393847415327881645e-02 1.755250740548138619e+24
3.405298521156240044e-02 1.755215322590824668e+24
3.406829790343748193e-02 1.755159277572481211e+24
3.406883796912172496e-02 1.755159274189485259e+24
3.408086977899089931e-02 1.755159199897469382e+24
3.414103303427826197e-02 1.755159068214196483e+24
3.414754664762655739e-02 1.755114610565519981e+24
3.420028904852278478e-02 1.755114339668778748e+24
3.420679703683963957e-02 1.755114341420888645e+24
3.421047388385592414e-02 1.755114329177751776e+24
3.423300747966834950e-02 1.755114160165616196e+24
3.427427913678165322e-02 1.755048447891651112e+24
3.430776247397565593e-02 1.755048404150469635e+24
3.434262038611863438e-02 1.755057740119100686e+24
3.434713948243565268e-02 1.755057739543983627e+24
3.434871178146166326e-02 1.755057708990945103e+24
3.435168904889248503e-02 1.755057655979635332e+24
3.437255313135582913e-02 1.755057504619330007e+24
3.439750803873968532e-02 1.755057400618716374e+24
3.442013930007706279e-02 1.755427703539039807e+24
3.445998113122322043e-02 1.755382731522488461e+24
3.447917217784128574e-02 1.755382539792065923e+24
3.449127661696507058e-02 1.755382606641246805e+24
3.449412925167472110e-02 1.755382596513312073e+24
3.449416046163882726e-02 1.755382593325872156e+24
3.449725505276263898e-02 1.755382607269103378e+24
3.451054841016426566e-02 1.755382541432824229e+24
3.455458271038914370e-02 1.755382579602378440e+24
3.458353828856462753e-02 1.755382251229906769e+24
3.460390675199672555e-02 1.755382126420406905e+24
3.461345868253678376e-02 1.755176028525067044e+24
3.463152483471639009e-02 1.755175922619498782e+24
3.464209540368043405e-02 1.755175934308074037e+24
3.465496915547796458e-02 1.755175932141340346e+24
3.468941635362399190e-02 1.755175813100369449e+24
3.471703260116621587e-02 1.755175821817754780e+24
3.472757944377781458e-02 1.755175716698159090e+24
3.473376551928102074e-02 1.755175735827348305e+24
3.475507267827766811e-02 1.755175758781245894e+24
3.477228459788167525e-02 1.755175683373268665e+24
3.478346096041479846e-02 1.755175626249804465e+24
3.479625711856850628e-02 1.755175626506257767e+24
3.479992911209531248e-02 1.755175555767059507e+24
3.480667092492707726e-02 1.755175515105375486e+24
3.482889496840273907e-02 1.755175479398031268e+24
3.484519158478560641e-02 1.755175394558404372e+24
3.487116022323128589e-02 1.755175276804913005e+24
3.489059502874618940e-02 1.755175305841751838e+24
3.491073775261112344e-02 1.755164950741206270e+24
3.491513643462679228e-02 1.755164954400663630e+24
3.492646302601556951e-02 1.755164937456613920e+24
3.495996816365583293e-02 1.755164804369892543e+24
3.500273811023033727e-02 1.755164652261606316e+24
3.500347073159761763e-02 1.755164643193060164e+24
3.501588806355614841e-02 1.755164625302235380e+24
3.502322497677853863e-02 1.755164544868986963e+24
3.503253770554180108e-02 1.755164463051960213e+24
3.504112182743901460e-02 1.755164447290352313e+24
3.504193798432630319e-02 1.755164460401412146e+24
3.506207547529454488e-02 1.755164396340700932e+24
3.506288067204415410e-02 1.755164400953590028e+24
3.513421461633510490e-02 1.755164285442226746e+24
3.515000631928593550e-02 1.755164154422410330e+24
3.515692500079432153e-02 1.755164185263941270e+24
3.521297963728486913e-02 1.754955696018733272e+24
3.523492127945856284e-02 1.754955579009523767e+24
3.524697774946552314e-02 1.755255458850260539e+24
3.526307421548773718e-02 1.755255360313822949e+24
3.527783067398340688e-02 1.755255332318836882e+24
3.528047444541439898e-02 1.755255341117953024e+24
3.531714826685482950e-02 1.755203279344113795e+24
3.532958207509705184e-02 1.755203245095713327e+24
3.533471129225353863e-02 1.755203258389420940e+24
3.535638065897044047e-02 1.755203218369816277e+24
3.536150987612692032e-02 1.755203186746989715e+24
3.539896535610627393e-02 1.755202953277577852e+24
3.541355409467196458e-02 1.755202911437687397e+24
3.541674882218023845e-02 1.755202914049838994e+24
3.542010795178610061e-02 1.755202899647933450e+24
3.544709323563838971e-02 1.755190523225596636e+24
3.546138756252530111e-02 1.755190522110514947e+24
3.548813482727021518e-02 1.755190655363462564e+24
3.551450623808099366e-02 1.755190594705236521e+24
3.554808300311491920e-02 1.755190443668454171e+24
3.556152371191664829e-02 1.755190353127348116e+24
3.559500452953616445e-02 1.755190266199556976e+24
3.563780444855811635e-02 1.755189960063555046e+24
3.564907277059144869e-02 1.755189896927642363e+24
3.569585778006560683e-02 1.755189908595905107e+24
3.570206376430073991e-02 1.755189906889372598e+24
3.573251633684429440e-02 1.755189935053548970e+24
3.574398959781204671e-02 1.755189792673315617e+24
3.576476983620287264e-02 1.754983946892986066e+24
3.579279896944630862e-02 1.754983727792257369e+24
3.582327395001682485e-02 1.754983809704780838e+24
3.583312971893175963e-02 1.754983764985115616e+24
3.583890642503264473e-02 1.754983682723205416e+24
3.587125779986993085e-02 1.754983629103246166e+24
3.587851139108360482e-02 1.754983569696693047e+24
3.591108666836672486e-02 1.754983566765023532e+24
3.592254572204364033e-02 1.754983540088929044e+24
3.593523223316205661e-02 1.754983447838915094e+24
3.594233350103987618e-02 1.754983515065180414e+24
3.595502001215827165e-02 1.754983474238533143e+24
3.599002044085965191e-02 1.754987807126142644e+24
3.602048940993871767e-02 1.754987816994619475e+24
3.603420950255269845e-02 1.754987853548559998e+24
3.605819149363151399e-02 1.754944682563531958e+24
3.607465162262633862e-02 1.754890442906787241e+24
3.611988715238283187e-02 1.754890237936927760e+24
3.612445361424609230e-02 1.754890239809368413e+24
3.616136297510475633e-02 1.754890110896935415e+24
3.616245141321632744e-02 1.754890109906911899e+24
3.616947359655176691e-02 1.754890067963766135e+24
3.621758688337880366e-02 1.755183599404478951e+24
3.622180020336895206e-02 1.755183568431613548e+24
3.624469483669541525e-02 1.755184047983434177e+24
3.624763344626368011e-02 1.755184041170291049e+24
3.627052807959015024e-02 1.755183988186359815e+24
3.627271693449278522e-02 1.755183999512754436e+24
3.627331821390363670e-02 1.755183990513448258e+24
3.627444019832287009e-02 1.755183979375541766e+24
3.629862601121055382e-02 1.755183893384033095e+24
3.634427616226322544e-02 1.754978469173103289e+24
3.636197764995119375e-02 1.754978344040819990e+24
3.640713128210397442e-02 1.755314188149953594e+24
3.646432974964237961e-02 1.755313849106946255e+24
3.653249310101120556e-02 1.755313871999854503e+24
3.653432669664070931e-02 1.755313860685989375e+24
3.656651004602316790e-02 1.755313746957316961e+24
3.663003348807421233e-02 1.755313349792827093e+24
3.668639503514763839e-02 1.755313377071000298e+24
3.672071003975917874e-02 1.755313413116118998e+24
3.672553676926472443e-02 1.755313399292794941e+24
3.675157707116442213e-02 1.755313396613186052e+24
3.675191498729846185e-02 1.755313398354940246e+24
3.676861444148149527e-02 1.755313372941992149e+24
3.676895235761556274e-02 1.755313358569841065e+24
3.678565181179859617e-02 1.755313227385387816e+24
3.678598972793263588e-02 1.755313216995582754e+24
3.679962189403779976e-02 1.755313143298211810e+24
3.688645918652537492e-02 1.755312915862577236e+24
3.692880245244542503e-02 1.755684195085346817e+24
3.693495393557353484e-02 1.755684207516928598e+24
3.694251321175851671e-02 1.755684220791052770e+24
3.701565593168692353e-02 1.755636766983035449e+24
3.705032397515369696e-02 1.755610887427958411e+24
3.707052065652190198e-02 1.755610929231819191e+24
3.713845834575513899e-02 1.755610843516704282e+24
3.713930679579537097e-02 1.755610832260213743e+24
3.716746149783987929e-02 1.755574864733901412e+24
3.716786349496916525e-02 1.755574860647022866e+24
3.719601819701368051e-02 1.755574477112894911e+24
3.719642019414295953e-02 1.755574485699999656e+24
3.719732653530061911e-02 1.755574468255777919e+24
3.723690163501641032e-02 1.755916363542756189e+24
3.726002743706095105e-02 1.755916374761767233e+24
3.727039740200637635e-02 1.755916357087043728e+24
3.729833710178047379e-02 1.755916164344604220e+24
3.732861932758621548e-02 1.755916082519481457e+24
3.742974389057832779e-02 1.755718859976479548e+24
3.744072455760202867e-02 1.755718944725653090e+24
3.747267858521848016e-02 1.755718870129134770e+24
3.750060013883701332e-02 1.755920089631921571e+24
3.759946034409570453e-02 1.756429859248912244e+24
3.761092444926825845e-02 1.756429845711655826e+24
3.764702006865647266e-02 1.756394233594890114e+24
3.765772339816340214e-02 1.756394179527482513e+24
3.768168138421290614e-02 1.756394123688308023e+24
3.768792765649765092e-02 1.756394148029913572e+24
3.771185601430070838e-02 1.756354481238423789e+24
3.771444738922975076e-02 1.756354457009455905e+24
3.774325371874005103e-02 1.756354489579502876e+24
3.777269476258116737e-02 1.756291153387249237e+24
3.778342714235391475e-02 1.756291038714023320e+24
3.779157103152229469e-02 1.756291015911110743e+24
3.785298350775510162e-02 1.756290863852904639e+24
3.786057258714883855e-02 1.756248160989979116e+24
3.788500146120020451e-02 1.756248090485822673e+24
3.791986229030711031e-02 1.756248102579585948e+24
3.795997385199292862e-02 1.756628118530965226e+24
3.797022145208642230e-02 1.756628152889000908e+24
3.798178226124726553e-02 1.756628104028268343e+24
3.798657578004648733e-02 1.756628050205166535e+24
3.799866978288088393e-02 1.756627959156062217e+24
3.805474252889039927e-02 1.756601113440124242e+24
3.807092421170966967e-02 1.756600902704791395e+24
3.810597910603904376e-02 1.756589388847269013e+24
3.810874363894528605e-02 1.756589356077320575e+24
3.816521329754218872e-02 1.756545148012057044e+24
3.816648664238408983e-02 1.756545168233824736e+24
3.819023618054245839e-02 1.757418428544452649e+24
3.819265656494742062e-02 1.757418406769018655e+24
3.819571870799248758e-02 1.757418430156368370e+24
3.821773401894745098e-02 1.757418490999032120e+24
3.824850698118791720e-02 1.757202705712455690e+24
3.827686819417427944e-02 1.757202641731185801e+24
3.827759850295161387e-02 1.757202636398776134e+24
3.827802476832845024e-02 1.757202638370332285e+24
3.831538720169690854e-02 1.757766990260813416e+24
3.831716760582933035e-02 1.757766988944347689e+24
3.832833341446628683e-02 1.757721236757839333e+24
3.835797490126322679e-02 1.757645636116370592e+24
3.836156262962543001e-02 1.757645610728599056e+24
3.836466077062419822e-02 1.757645589518487717e+24
3.841176061995208585e-02 1.757586622661163687e+24
3.841428015885443165e-02 1.757586606459974473e+24
3.843150835629813300e-02 1.757540369760236975e+24
3.844282050909814119e-02 1.757365647391508895e+24
3.845621238552668353e-02 1.757365652329939065e+24
3.845962447450576582e-02 1.757365608581871413e+24
3.846286228406701341e-02 1.757365614725000449e+24
3.849276836060785967e-02 1.757254306190849915e+24
3.854258039123203972e-02 1.757610292016840587e+24
3.855995599812703928e-02 1.757610269566826682e+24
3.856432267801757074e-02 1.757610295488660220e+24
3.857036428119023364e-02 1.757610270308194408e+24
3.857143914670273233e-02 1.757610264500509298e+24
3.859000870211429929e-02 1.757540437107966655e+24
3.860215686594953288e-02 1.757540350606528597e+24
3.861451855220715546e-02 1.757540306336303249e+24
3.861476601562929822e-02 1.757540308549553315e+24
3.864440516529790010e-02 1.757940139127737510e+24
3.865626907016776054e-02 1.757940138710754704e+24
3.865738032528564377e-02 1.757940142976245372e+24
3.865981351232918029e-02 1.757940154320782203e+24
3.867057469583960044e-02 1.757940141190160136e+24
3.868569053496788424e-02 1.757940198845602207e+24
3.872595958777417385e-02 1.757638485148330061e+24
3.872924384308909507e-02 1.757638482210386673e+24
3.873521263340740789e-02 1.757647470080196665e+24
3.877218363238407739e-02 1.757647489110373462e+24
3.880411649341834746e-02 1.757647318916173224e+24
3.880879237351223671e-02 1.757647318334678407e+24
3.881045401176517334e-02 1.757647307086730826e+24
3.885824483629819054e-02 1.757655974585074333e+24
3.892371936968747753e-02 1.758061567344129067e+24
3.893239812630558405e-02 1.758061577711927253e+24
3.898459553077360251e-02 1.758061626925914972e+24
3.898711377212505519e-02 1.758061608284844227e+24
3.898941807067708709e-02 1.758061622674257858e+24
3.905752632527585699e-02 1.758049839613395964e+24
3.914513710145332143e-02 1.757935313844795286e+24
3.915354484575652577e-02 1.757935327824250531e+24
3.917900547645342124e-02 1.757722406313079310e+24
3.924363706293718113e-02 1.758067436620083219e+24
3.933773073350831789e-02 1.758020108879261304e+24
3.933923982580920381e-02 1.758020084610202585e+24
3.934125539890481055e-02 1.758020070213169950e+24
3.937690108049151511e-02 1.757983097923623048e+24
3.951538057221459788e-02 1.757756846546923897e+24
3.960686048423662370e-02 1.757689306724347954e+24
3.978781439941280612e-02 1.759469387630419869e+24
4.003356344291906371e-02 1.759131810477752539e+24
4.005553729963430565e-02 1.759593764039008832e+24
4.007038565287949355e-02 1.759593811868273594e+24
4.028666833061024521e-02 1.759614823293940291e+24
4.031069752410385704e-02 1.759614804201353056e+24
4.041229768964339081e-02 1.759912213404957521e+24
4.056585774857341536e-02 1.760859774532110600e+24
4.069462344540770299e-02 1.761095442056578284e+24
4.082101797304298063e-02 1.760887597917092650e+24
4.085635872397015700e-02 1.760795276918466047e+24
4.096392379754755508e-02 1.760916095545326839e+24
4.115888943620754636e-02 1.761603671839779529e+24
4.120399534253511853e-02 1.761159663131928513e+24
4.127567841809461763e-02 1.761536476046337780e+24
4.142771237077180063e-02 1.761742172575371337e+24
4.146142014844494267e-02 1.761628470377837394e+24
4.157537167537020406e-02 1.761720355131498693e+24
4.175646538525779744e-02 1.764265046565523567e+24
4.175885625384143096e-02 1.764265041546612690e+24
4.176395086068232509e-02 1.764265077246333341e+24
4.207340179934930535e-02 1.765443285495133759e+24
4.212438460511958721e-02 1.766398485720179088e+24
4.213363727407445219e-02 1.766398509050718465e+24
4.232897453691088913e-02 1.766247102727136683e+24
4.238126730496034889e-02 1.766590032424065391e+24
4.245391533341582452e-02 1.767126104976102617e+24
4.249355357619689216e-02 1.767379845586769462e+24
4.263415839749239850e-02 1.768804911859453198e+24
4.268132847814948283e-02 1.768955389177821231e+24
4.280145999150165859e-02 1.769918928197499780e+24
4.291370535304448591e-02 1.770991378126814958e+24
4.303634990768639285e-02 1.772200624390729458e+24
4.321494240154889754e-02 1.773317548194914577e+24
4.330515851757471557e-02 1.774507446023156356e+24
4.339394412542779689e-02 1.774911834808190904e+24
4.348402354697788325e-02 1.777005864542448338e+24
4.350345935065064173e-02 1.777878392849049309e+24
4.355169550723087674e-02 1.777710691875235822e+24
4.359579365263344802e-02 1.778574633614426675e+24
4.359602571868786275e-02 1.778574641632860571e+24
4.363557365967973140e-02 1.778688537813683360e+24
4.367980292125205055e-02 1.779261940340577691e+24
4.374794564828330540e-02 1.780750409078792104e+24
4.379278613963199368e-02 1.781283292621527182e+24
4.384277455924007888e-02 1.782217746865939294e+24
4.393616815974474982e-02 1.783866724660767866e+24
4.400718389630341176e-02 1.784587230357421682e+24
4.406117276315333481e-02 1.786170067448419540e+24
4.410262009120995141e-02 1.787688321078111756e+24
4.410431618693613082e-02 1.787687664645218188e+24
4.410440354425240045e-02 1.787687666620075558e+24
4.410477255796947660e-02 1.787687653694528515e+24
4.417303703297310175e-02 1.788257813273390048e+24
4.418695368701474474e-02 1.788175568601234566e+24
4.418925402453990209e-02 1.788175567698283190e+24
4.421675411600814454e-02 1.790265771240131972e+24
4.423626850057902488e-02 1.791187341556642193e+24
4.427041934271779694e-02 1.790873025083041613e+24
4.429537637071710721e-02 1.790657132460968895e+24
4.432264012783181800e-02 1.791040258262364099e+24
4.433220368756032176e-02 1.790962026125371090e+24
4.437772352597181558e-02 1.792165626282349525e+24
4.440433193628115505e-02 1.792486375088318912e+24
4.441095151068131380e-02 1.792908107849504171e+24
4.442684974636320477e-02 1.793547291000244965e+24
4.442980268877731037e-02 1.793902356709768629e+24
4.444729730897949149e-02 1.794163005164781893e+24
4.449638711371036587e-02 1.797135822273645717e+24
4.450040860737988074e-02 1.797135799964000739e+24
4.450645243621995095e-02 1.797663513111161289e+24
4.450743046975689371e-02 1.797639036211961876e+24
4.450879520469794293e-02 1.797639047877986942e+24
4.455906044513438524e-02 1.798235020856173544e+24
4.458326015942886550e-02 1.799425885216738048e+24
4.458362370580384176e-02 1.799425894292132794e+24
4.458913328417837829e-02 1.799340680164975491e+24
4.460697349947981977e-02 1.800310566866866286e+24
4.461072055119522789e-02 1.800103188047474152e+24
4.465034492542311467e-02 1.800502691221581005e+24
4.465951750692533778e-02 1.801024902318768037e+24
4.467667456455989838e-02 1.800922367098407705e+24
4.469351623782074484e-02 1.802542331081551419e+24
4.469749321959421567e-02 1.802488997792435392e+24
4.469930254074315490e-02 1.802427464837737166e+24
4.472119227422517024e-02 1.803328828689515207e+24
4.472248267503042829e-02 1.803332208556243499e+24
4.474396921526551524e-02 1.803479655192298086e+24
4.479039174462880885e-02 1.805705044240154797e+24
4.480830091841435381e-02 1.805604061668828659e+24
4.484040438461992656e-02 1.805641789420234510e+24
4.486030442966738169e-02 1.806762369778269842e+24
4.489364554215109077e-02 1.809043842868634934e+24
4.494829433142399217e-02 1.811353420952102236e+24
4.495663829823813573e-02 1.811903947114807397e+24
4.499745784169450341e-02 1.813724739982184614e+24
4.499987837513675509e-02 1.813722198249725023e+24
4.500032700321453943e-02 1.813722192026280636e+24
4.506286439292499918e-02 1.816655641248002201e+24
4.508044905385626133e-02 1.817783769213220417e+24
4.508724497354932997e-02 1.817797077146113988e+24
4.510302091925286888e-02 1.818182666116240710e+24
4.510981683894593058e-02 1.818988592689232508e+24
4.512559278464946949e-02 1.819527431644547421e+24
4.513238870434254507e-02 1.819987245036924180e+24
4.518557712542653482e-02 1.822180983402644606e+24
4.522407288472615056e-02 1.824049667249272397e+24
4.524665985940800467e-02 1.824932304534999249e+24
4.528435609079854707e-02 1.827969230857750272e+24
4.530591829838121615e-02 1.829532294919292033e+24
4.537421844148364913e-02 1.832711532911819741e+24
4.537610592711605051e-02 1.832363393588508624e+24
4.538790948383121526e-02 1.833682241217097328e+24
4.542746461252507306e-02 1.836065577171742735e+24
4.543396239289875654e-02 1.836407442284535641e+24
4.549873346093556703e-02 1.840372521191948476e+24
4.551479528911475669e-02 1.842847504869898014e+24
4.552315419836936577e-02 1.844142445344347946e+24
4.554035007520111644e-02 1.844108527199847591e+24
4.554870898445572552e-02 1.844049154934806040e+24
4.556590486128746231e-02 1.845181759705208777e+24
4.557978557857086249e-02 1.846881030691891781e+24
4.560692581677129598e-02 1.849178544250577872e+24
4.565329055943584402e-02 1.853557432842146724e+24
4.565995214446358363e-02 1.854095523101394340e+24
4.566965198642127660e-02 1.854826783767170304e+24
4.568410052271808242e-02 1.855934526024989729e+24
4.571163656730574398e-02 1.858265892465627615e+24
4.575096995192923927e-02 1.861773891944714816e+24
4.576060616897513478e-02 1.862248291415384704e+24
4.577215528948088558e-02 1.863133521444371857e+24
4.582710253709188636e-02 1.868464567940300405e+24
4.584600306593060448e-02 1.870829812212417922e+24
4.585987710406940615e-02 1.872924304878177020e+24
4.586347666010005125e-02 1.873245445808607312e+24
4.588489971100381121e-02 1.875001599531539218e+24
4.589217496383321548e-02 1.876483128468507088e+24
4.589531703860418033e-02 1.876920293168610164e+24
4.594964326500550894e-02 1.883159874562134049e+24
4.595423719916251482e-02 1.883960352974535414e+24
4.595875964696513605e-02 1.884473843372472668e+24
4.597066391445970429e-02 1.885788385713579851e+24
4.600890807028409218e-02 1.890127485855214963e+24
4.603102925124827327e-02 1.892987719580410630e+24
4.605516796887380859e-02 1.895319474125773293e+24
4.605909624351386261e-02 1.896486104663079709e+24
4.607141235588683992e-02 1.898528215789233271e+24
4.608482612596409567e-02 1.901266895172845959e+24
4.610555283908154833e-02 1.903247797943293620e+24
4.611434934655565115e-02 1.904583665723554310e+24
4.615552676057159409e-02 1.909982138110034181e+24
4.618708245384359201e-02 1.915172837358815878e+24
4.619981724136496687e-02 1.916625276368429162e+24
4.622283097012234304e-02 1.920834298720682311e+24
4.624406033687056966e-02 1.924292766339807301e+24
4.625458853249949515e-02 1.927349803815962646e+24
4.627925588639501125e-02 1.930966772217805908e+24
4.633131259368905575e-02 1.940259071915969930e+24
4.636429359164262465e-02 1.946087762364616583e+24
4.638343010301986674e-02 1.951240714552935889e+24
4.641187401790827088e-02 1.958869151399118102e+24
4.642019550549741913e-02 1.959271529531300148e+24
4.642318532107907875e-02 1.959685825416859247e+24
4.644266408538074570e-02 1.963687865404695224e+24
4.644565390096241225e-02 1.964621013584623715e+24
4.645948451812897950e-02 1.967168313645519631e+24
4.646862256579891576e-02 1.968979346969623936e+24
4.653829320781800727e-02 1.987005733528104260e+24
4.655007419670074281e-02 1.989712468785839796e+24
4.659861999947458727e-02 2.001809828147170046e+24
4.659901529917410273e-02 2.001834602976118842e+24
4.660821073802379200e-02 2.005043245859547327e+24
4.665669193928217301e-02 2.020135631825685426e+24
4.667621699915350947e-02 2.025707327748533572e+24
4.670455863617110903e-02 2.035052732108112484e+24
4.673603351539065698e-02 2.045128663706626471e+24
4.675539935832026539e-02 2.051964377513241734e+24
4.680551950587062693e-02 2.070739246298391810e+24
4.683273728973014194e-02 2.082118348191959148e+24
4.683414905485807495e-02 2.082543058302634614e+24
4.686136683871758302e-02 2.093096709864206453e+24
4.686277860384550908e-02 2.093331745111756826e+24
4.688999638770501716e-02 2.106078871488991689e+24
4.689511428896320222e-02 2.108711499699875069e+24
4.695973499982647459e-02 2.137867250525470070e+24
4.697939642941080518e-02 2.148692982862312894e+24
4.702126278682933896e-02 2.171639127722319682e+24
4.707099457933272557e-02 2.201943435310485530e+24
4.709752014533242354e-02 2.215953671227759936e+24
4.714791892303746984e-02 2.251666068599014395e+24
4.715252918595365383e-02 2.255138795798942238e+24
4.716877277294549003e-02 2.265552859652769878e+24
4.724043461088365398e-02 2.323351294767498242e+24
4.725642296883168780e-02 2.338533624578056556e+24
4.726275167075483230e-02 2.343725305995005794e+24
4.727874002870285919e-02 2.359987688568075588e+24
4.728506873062600369e-02 2.365598943954192367e+24
4.730105708857404445e-02 2.381465016435617877e+24
4.731068864930618872e-02 2.391200952179160255e+24
4.733957818754405689e-02 2.420340329345345630e+24
4.739159328915309999e-02 2.480888638252689174e+24
4.739540147323720309e-02 2.485223079577600347e+24
4.745531736831141295e-02 2.564445527980480771e+24
4.751354268479145854e-02 2.652885880751125481e+24
4.754627031029200201e-02 2.710835427233154917e+24
4.755795225894417222e-02 2.732960270668858145e+24
4.759790303980898640e-02 2.809694118068742458e+24
4.768750718203886713e-02 3.025332388762369258e+24
4.770094733143091098e-02 3.063930477139986750e+24
4.770538389729689355e-02 3.076475971869429996e+24
4.772321007692785499e-02 3.129815640822523663e+24
4.772672639067897238e-02 3.139834736535977788e+24
4.775060461560377834e-02 3.216788573089451114e+24
4.775789006633369277e-02 3.242544849645180843e+24
4.778159459170298190e-02 3.326524637603823993e+24
4.778888004243291021e-02 3.353574876467739000e+24
4.780919806227491853e-02 3.434137534138958419e+24
4.784485230851882182e-02 3.589902117098004943e+24
4.785947518355543329e-02 3.660129058876977463e+24
4.789676578427096848e-02 3.858522371858690046e+24
4.792528135210346457e-02 4.029791736412665612e+24
4.796511339710776700e-02 4.309285161641668814e+24
4.797890591759984558e-02 4.416511245764720092e+24
4.800465152610905450e-02 4.636086770819312489e+24
4.804736655474006746e-02 5.065941503191509501e+24
4.808537448569671913e-02 5.530660631197759633e+24
4.809367829374920633e-02 5.644299383970496342e+24
4.809997005705462375e-02 5.733315884986528040e+24
4.810835122548532544e-02 5.857329932952656281e+24
4.811675297934024653e-02 5.986376741593560610e+24
4.812372692742203362e-02 6.102159040700020884e+24
4.814776560105771264e-02 6.525249085312166372e+24
4.822022662425367451e-02 8.232551799642568568e+24
4.822882689306476345e-02 8.486746259137866672e+24
4.823959323374262670e-02 8.831786133126898071e+24
4.827985350066692910e-02 1.034535271782322509e+25
4.835978733094494636e-02 1.485645627420877736e+25
4.836441344653238245e-02 1.519483284285545605e+25
4.836979661687129672e-02 1.560565320282497923e+25
4.841194140027617332e-02 1.930401833632609602e+25
4.850000000000000144e-02 2.976606817974644362e+25
4.851724137931776037e-02 3.209936630796145361e+25
4.858363144868202421e-02 4.111423768932568150e+25
4.858444258451041775e-02 4.122285876674813219e+25
4.861412162877326582e-02 4.506129029146565918e+25
4.861682648282967395e-02 4.540932346347617362e+25
4.867989704927920547e-02 5.294360036932607566e+25
4.868188433205903470e-02 5.316904898082750076e+25
4.871100187822877126e-02 5.637009557718566505e+25
4.871624409980820219e-02 5.692744883512800399e+25
4.877616264987638672e-02 6.297394230376913796e+25
4.877756749801270830e-02 6.311256801093916395e+25
4.879396018869820717e-02 6.467017174161989838e+25
4.879531077358184588e-02 6.479482956207305084e+25
4.881271823405150534e-02 6.641184423040867545e+25
4.883326765859558743e-02 6.826998148500531582e+25
4.884300427363710145e-02 6.913171609476826661e+25
4.886016414778834860e-02 7.061995990432292464e+25
4.888460751111112224e-02 7.269486847707641870e+25
4.890248616782201518e-02 7.417388074779528106e+25
4.890997817964504168e-02 7.479628431092885542e+25
4.891986398665561925e-02 7.558186443650720128e+25
4.892511801403548466e-02 7.600524159047158963e+25
4.892953282249313390e-02 7.635374322707685109e+25
4.893431958653469277e-02 7.672899538652299414e+25
4.895106749444624872e-02 7.803633891884962938e+25
4.897983977595671279e-02 8.020829960839780398e+25
4.899780879558618407e-02 8.151572493387478721e+25
4.901224547304207368e-02 8.252621919881815418e+25
4.905666423792124503e-02 8.549977949870216571e+25
4.905730604844704690e-02 8.554126822623652115e+25
4.906198218280968804e-02 8.584881844265753689e+25
4.907946258500047593e-02 8.694113802673598398e+25
4.908403424644794399e-02 8.722607073562758445e+25
4.910190588443767018e-02 8.832162446003513459e+25
4.915186728372204078e-02 9.115464009360387030e+25
4.916111637441478166e-02 9.164753444358966385e+25
4.921410889746179879e-02 9.430238089044331335e+25
4.921906511067646040e-02 9.452709767458630315e+25
4.922305548554463395e-02 9.471143962234664327e+25
4.923658261143427223e-02 9.533221770719936630e+25
4.923670339654548367e-02 9.533531142100954168e+25
4.924338431217274020e-02 9.563236696449619693e+25
4.924431744169627256e-02 9.566964528476374366e+25
4.924537919956073484e-02 9.571955234498527683e+25
4.925089817821161342e-02 9.594433200346397376e+25
4.925621161822275884e-02 9.617336258840014926e+25
4.926014904250246296e-02 9.634638732175348361e+25
4.934410003505793063e-02 9.960962272117671795e+25
4.934615344123727265e-02 9.967376934645868510e+25
4.934656454737201131e-02 9.968846920057517359e+25
4.937372818563310478e-02 1.006067933459251812e+26
4.937662408785645218e-02 1.006979688987128402e+26
4.945107774009994961e-02 1.028896019592185301e+26
4.945910708952086510e-02 1.031051093224368771e+26
4.949293054935279684e-02 1.039559422538890064e+26
4.950747747883979533e-02 1.042937861389010413e+26
4.956579318934931089e-02 1.055631905803486346e+26
4.957164963166972582e-02 1.056750266038346919e+26
4.958833027893806700e-02 1.060111723446380470e+26
4.959055650333648452e-02 1.060596025479717936e+26
4.960088023930295936e-02 1.062429770931292235e+26
4.960409507785799171e-02 1.062964834409142521e+26
4.961513789749396469e-02 1.064915228445907246e+26
4.967773883957419395e-02 1.074573227935764633e+26
4.968835499456904226e-02 1.076005039248027951e+26
4.970396086854499823e-02 1.078029554702183145e+26
4.970690074260940283e-02 1.078438607797034120e+26
4.978327035725527844e-02 1.086832490329275786e+26
4.978684951278267157e-02 1.087094619845547067e+26
4.979823946818250080e-02 1.088071420113994979e+26
4.979866358772483403e-02 1.088025736910499599e+26
4.981413346585965990e-02 1.089289079091068413e+26
4.988406457965158941e-02 1.093661117684671647e+26
4.988525253541772897e-02 1.093652018872070032e+26
4.988745511053215009e-02 1.093829581873894740e+26
4.988862041688783139e-02 1.093901340243836446e+26
4.989084058200113359e-02 1.093948041485064833e+26
4.990578133937998567e-02 1.094800747579822822e+26
4.993632596585498296e-02 1.095720995807528303e+26
4.996440131598789414e-02 1.096265938411010434e+26
4.998416568795816667e-02 1.096367759460612665e+26
4.998882232829936906e-02 1.096389195057749353e+26
4.999124110678768163e-02 1.096429118159711045e+26
5.003006567238524327e-02 1.096174550280903333e+26
5.008226676779698600e-02 1.095205303573105515e+26
5.008417211682891779e-02 1.095150506023920507e+26
5.009098415242350250e-02 1.094858429967425399e+26
5.010370143846315516e-02 1.094329652410551975e+26
5.015020461097276921e-02 1.091835436012450512e+26
5.017625427648086944e-02 1.090028554977782341e+26
5.018069105161301890e-02 1.089702136206283417e+26
5.018611960067290156e-02 1.089282698061553721e+26
5.018661202652222736e-02 1.089165200666978678e+26
5.019204057558213083e-02 1.088805725788959850e+26
5.019253300143146357e-02 1.088764934143872791e+26
5.027435787167503639e-02 1.080841770573255139e+26
5.028775128424126800e-02 1.079114322559919393e+26
5.030366166314723109e-02 1.077020537588653658e+26
5.030715227288459768e-02 1.076592835712887337e+26
5.038131453260376313e-02 1.065341358537329991e+26
5.039432828220630212e-02 1.063095149922731472e+26
5.041578414097769301e-02 1.059365123737225085e+26
5.042177154433772485e-02 1.058220410170412376e+26
5.048927450198811145e-02 1.043774293354726036e+26
5.050090528017132235e-02 1.041087363596740966e+26
5.051428417080729844e-02 1.037892080554173835e+26
5.051810499380199326e-02 1.036925286566686704e+26
5.053148388443796934e-02 1.033569478551049093e+26
5.055512785462138586e-02 1.027247916587667483e+26
5.056997109901977677e-02 1.023279932697528521e+26
5.059923472053030891e-02 1.014651291786107795e+26
5.061041297383744170e-02 1.011264446292868812e+26
5.061755581469837284e-02 1.008975565177293272e+26
5.062746961228328790e-02 1.005769855286340973e+26
5.063018106157074483e-02 1.004864558979547480e+26
5.064487137397698929e-02 9.999781239249574000e+25
5.067007765100389749e-02 9.910878299013323966e+25
5.071050962566071157e-02 9.757981114131866698e+25
5.072536887258897315e-02 9.698258047466410207e+25
5.076134735333451276e-02 9.544111079926858381e+25
5.078161366287697875e-02 9.452167566271961466e+25
5.080310802153873567e-02 9.349493303967644340e+25
5.081060627748400921e-02 9.312477240591550325e+25
5.081472978811948926e-02 9.292158367886858674e+25
5.081731233891489258e-02 9.279517277999345992e+25
5.083269581252436442e-02 9.199685407738351332e+25
5.086466566113179155e-02 9.027805971876173788e+25
5.086558003685673346e-02 9.022745290377490755e+25
5.090326438481454496e-02 8.805362643022288077e+25
5.091472302175870102e-02 8.735853530374724318e+25
5.096403366143169994e-02 8.419383222717759778e+25
5.096971808607234089e-02 8.380392419164035547e+25
5.104145239663744615e-02 7.864854223403414677e+25
5.105858205550056761e-02 7.732534455622384572e+25
5.106364570580329554e-02 7.692624309398040006e+25
5.107385613528794832e-02 7.612234818177658189e+25
5.108470480432528854e-02 7.524809052513311563e+25
5.112095394830351580e-02 7.226442707086628579e+25
5.116003248930746372e-02 6.889385946865676815e+25
5.116994988303937703e-02 6.801217886950796181e+25
5.117422268542969749e-02 6.762324994440171972e+25
5.117593499093177345e-02 6.747277575419390632e+25
5.117988027579364885e-02 6.711926667772557758e+25
5.118291777229776185e-02 6.684088475682733689e+25
5.118376700373855615e-02 6.676407779433277272e+25
5.119151979769581001e-02 6.604355736154015456e+25
5.124768363757569584e-02 6.066674881066775849e+25
5.127635445040355788e-02 5.772892194890711713e+25
5.128829923944844271e-02 5.646019551472415472e+25
5.129980089855166320e-02 5.521830111520120632e+25
5.132884019356538652e-02 5.196173654960650779e+25
5.137955653554813346e-02 4.586928461743286896e+25
5.138552893007056199e-02 4.511336298000160610e+25
5.140808199940752332e-02 4.220570447776619195e+25
5.141797436953637196e-02 4.090109973149490936e+25
5.148275862069270903e-02 3.208953337551585819e+25
5.149999999999999023e-02 2.975438237809902898e+25
5.152253967113981648e-02 2.679277746909957011e+25
5.152447029218210767e-02 2.654606503318369613e+25
5.154407156720533512e-02 2.411069713806069508e+25
5.158171167713521132e-02 1.992272241194057472e+25
5.160045282333913103e-02 1.810217265244932595e+25
5.160200553929547573e-02 1.795899449098203941e+25
5.160239091747882006e-02 1.792473415318279103e+25
5.160324583500257301e-02 1.784449583277043620e+25
5.164209683279390173e-02 1.469941013871743097e+25
5.166383277566763410e-02 1.324609475913266466e+25
5.170246244598971502e-02 1.112699669516732941e+25
5.172346231239143693e-02 1.018315249476996186e+25
5.174595387420008463e-02 9.308302156903533840e+24
5.175373350277760048e-02 9.032488926437981007e+24
5.177209701002431080e-02 8.435302818236494655e+24
5.180261031642569708e-02 7.588270623659919426e+24
5.181660924308570393e-02 7.247516090015647527e+24
5.182263171442990507e-02 7.109634065964143567e+24
5.183584736133631243e-02 6.825634719598167363e+24
5.183998319453472781e-02 6.738630809576444898e+24
5.184474946249157529e-02 6.643777243973399966e+24
5.188634621757783061e-02 5.913351693509235262e+24
5.189767265392297713e-02 5.741493848428095644e+24
5.189842655737434557e-02 5.731462324004120055e+24
5.190983193937881435e-02 5.569067694225229294e+24
5.191465036206424633e-02 5.502326413454688049e+24
5.195800578424866756e-02 4.980352476101625183e+24
5.196445013709807825e-02 4.911311000396382098e+24
5.196996998985373845e-02 4.854718127969155500e+24
5.200487723795949035e-02 4.524734992724265076e+24
5.200721173482373422e-02 4.505757874848575647e+24
5.200817846128748256e-02 4.496334740010466630e+24
5.202862363605161022e-02 4.330077466304499614e+24
5.208919200595405613e-02 3.913409725493074853e+24
5.210339045069063701e-02 3.829970020850323807e+24
5.210773289382684276e-02 3.805466357023815913e+24
5.211400643873319999e-02 3.769984447979635859e+24
5.217103260292937222e-02 3.491296498977690960e+24
5.219001940074827206e-02 3.409248866239237715e+24
5.219246796242122538e-02 3.400390703224996753e+24
5.219665881174120892e-02 3.383134281279812009e+24
5.220948034371345609e-02 3.333121646917324412e+24
5.221528370593778862e-02 3.310963499997459634e+24
5.225473773084849533e-02 3.171729668748684848e+24
5.228433776305790870e-02 3.079861930245786838e+24
5.229740985197411929e-02 3.041155468563259744e+24
5.229800716459769711e-02 3.039510478610790231e+24
5.229938664762930067e-02 3.035868428604367434e+24
5.231577535890474806e-02 2.988657599397514397e+24
5.239080332324783790e-02 2.806150752923555249e+24
5.239897573225835853e-02 2.788904219118900978e+24
5.241685433157641794e-02 2.751192614580862778e+24
5.243298088981439287e-02 2.719645718920689976e+24
5.244110652352527296e-02 2.704400947485605368e+24
5.250026508074438075e-02 2.603750983445645772e+24
5.257466088866440818e-02 2.493961683763077308e+24
5.257784030659340413e-02 2.488483495016502598e+24
5.258765124122088269e-02 2.478395465425243024e+24
5.258896553916095340e-02 2.475464216406805854e+24
5.259029378616808525e-02 2.472463830711406262e+24
5.259093108627005408e-02 2.471702532389418056e+24
5.259391990320247401e-02 2.467968929510764384e+24
5.266192192501627234e-02 2.388187301730583602e+24
5.266394997842886033e-02 2.385004535883459589e+24
5.266522762667639329e-02 2.383903054974641779e+24
5.272544943372076826e-02 2.322977500270863462e+24
5.273347024502588604e-02 2.315929866326823485e+24
5.273397931334529443e-02 2.315567775834145659e+24
5.273475591186488343e-02 2.314813440865169891e+24
5.274184120813590199e-02 2.307348286585543670e+24
5.274275092301408674e-02 2.307092959758185352e+24
5.282088721143131382e-02 2.242862356098056855e+24
5.287994813514096393e-02 2.200838239167091581e+24
5.288030519859646117e-02 2.200413281789581533e+24
5.289112258291184254e-02 2.192271906166251954e+24
5.289125382557973570e-02 2.192288821947443561e+24
5.290776049560691474e-02 2.180890384959889121e+24
5.291258460776905592e-02 2.178707343837506872e+24
5.292006557333093358e-02 2.172988879510872921e+24
5.297665552649846038e-02 2.140625268781246558e+24
5.298108022331043249e-02 2.139108140123047363e+24
5.298310916271664617e-02 2.137849897519470594e+24
5.301224732954575025e-02 2.121993190532083872e+24
5.304205588270625299e-02 2.105417862354492107e+24
5.305328036962467242e-02 2.101193763777449929e+24
5.309482331296736662e-02 2.080969366663204669e+24
5.309701765972860144e-02 2.080968228435545001e+24
5.310287575202581739e-02 2.079260820190160705e+24
5.310796255260627485e-02 2.076467170252884978e+24
5.313103506585307306e-02 2.064158024957512018e+24
5.316427354091797508e-02 2.053370406423450582e+24
5.317469989854920615e-02 2.049276036707292490e+24
5.318012308267075494e-02 2.045344100356293843e+24
5.321317627803112682e-02 2.033147381158063144e+24
5.321679573327697116e-02 2.030717750247154004e+24
5.323844145325448696e-02 2.023756626972011445e+24
5.327071002044184850e-02 2.014509875730151100e+24
5.329117923171819426e-02 2.007633035948372974e+24
5.330320532850471582e-02 2.003492540234904835e+24
5.333827182940976963e-02 1.992411144554385081e+24
5.336023043344503836e-02 1.986717739963320608e+24
5.338128019253321477e-02 1.980214931873980597e+24
5.342542714073905685e-02 1.968377500620971942e+24
5.342814520777978970e-02 1.967323345708802713e+24
5.343323632730520578e-02 1.965396549935345118e+24
5.344591811352074340e-02 1.963301471318642304e+24
5.344895714676725640e-02 1.962274444448755236e+24
5.354255906662473002e-02 1.937719886729018866e+24
5.354353262670918240e-02 1.937699036764798877e+24
5.354456138827596440e-02 1.937220551368058937e+24
5.363843952928046971e-02 1.918153843747034547e+24
5.365105761073035717e-02 1.915838404007373897e+24
5.365403931350927469e-02 1.915853277723512980e+24
5.366142363540161997e-02 1.913757740225544803e+24
5.372207136156810503e-02 1.901597277128421114e+24
5.372584157431108121e-02 1.900755890385236798e+24
5.372819622196681882e-02 1.900416205567428246e+24
5.374563927391001056e-02 1.898381285869803639e+24
5.376098048925480322e-02 1.894152288278630258e+24
5.376112498882834601e-02 1.894162329093394800e+24
5.377646620417317336e-02 1.892610634585312130e+24
5.377661070374670227e-02 1.892602378375258192e+24
5.377868019017016665e-02 1.892271387570301571e+24
5.386647187486359040e-02 1.880027699445918662e+24
5.391270155855695800e-02 1.873059931723465723e+24
5.391858365338129261e-02 1.873383429876935956e+24
5.393796262571359107e-02 1.868190433900180997e+24
5.398690573613934562e-02 1.862655380435505670e+24
5.399601704538293384e-02 1.861560860408931508e+24
5.399721089566348470e-02 1.861058087481492455e+24
5.406560731511056428e-02 1.853804804945030754e+24
5.406644076493246492e-02 1.853994382061865538e+24
5.410428929289054500e-02 1.849271700313150037e+24
5.413261921690918493e-02 1.845784711228667604e+24
5.413322651391847679e-02 1.845578408842119015e+24
5.414139774081272449e-02 1.844884692353557306e+24
5.416122472370387547e-02 1.842546160346009099e+24
5.418554284520639419e-02 1.840716624720315449e+24
5.418990365119718405e-02 1.839894043315197249e+24
5.420249561835878416e-02 1.838985655188210695e+24
5.421652080353819847e-02 1.838064328728404575e+24
5.424044078037172645e-02 1.835664262888866510e+24
5.430270948371548889e-02 1.830560223835076138e+24
5.430523744544193954e-02 1.830774347333906643e+24
5.432090367755351701e-02 1.827683286375043030e+24
5.433601056253151845e-02 1.827454014482153866e+24
5.433988970817349440e-02 1.827015321191366368e+24
5.438932059072937308e-02 1.821539283437762946e+24
5.443357112737635256e-02 1.817432641691331166e+24
5.444619217874410722e-02 1.816328855460681781e+24
5.448227423067433794e-02 1.815484427442885744e+24
5.451083206793360530e-02 1.812925203515289469e+24
5.451367382321020000e-02 1.812982805624591286e+24
5.451501069269758942e-02 1.812983533894282676e+24
5.451694786412805693e-02 1.813479641786395153e+24
5.453558755590280638e-02 1.812068918272768627e+24
5.457213226721129712e-02 1.808887550739620615e+24
5.458265237858425656e-02 1.807754750118921513e+24
5.460201178532347877e-02 1.806161557452652668e+24
5.462209832178635538e-02 1.804697298809174559e+24
5.463199240173963189e-02 1.805232656184965763e+24
5.463861733698918699e-02 1.804955834187880925e+24
5.464587738541257927e-02 1.804561793850600346e+24
5.465207848057125617e-02 1.804203164718877483e+24
5.466295858732871799e-02 1.803165295348595298e+24
5.468671156576762615e-02 1.801741014048660722e+24
5.475541863619233507e-02 1.797967598227684344e+24
5.475656266463675703e-02 1.797493569614533553e+24
5.476225941740592296e-02 1.797003260082938622e+24
5.480395718743644173e-02 1.794797762227594504e+24
5.484516713283060091e-02 1.793523449595269447e+24
5.484665680360178291e-02 1.793533164074961927e+24
5.484896757176364185e-02 1.793577378250796493e+24
5.485894513090958102e-02 1.792259582361993442e+24
5.486884966677506997e-02 1.792316285385178297e+24
5.487061964485560189e-02 1.791764692325553280e+24
5.487413149151602193e-02 1.791838554883101240e+24
5.489547172546071357e-02 1.791253614734329831e+24
5.489590576300552860e-02 1.791243289716067528e+24
5.494549770250581333e-02 1.789378583574897515e+24
5.494658163312483856e-02 1.789392183932336214e+24
5.497250206516526849e-02 1.789012627078401424e+24
5.498904653055335795e-02 1.786898846117984144e+24
5.498979264110494258e-02 1.786894954626926927e+24
5.501934294276747406e-02 1.786459062704246582e+24
5.504135358657875898e-02 1.785041307615296970e+24
5.508149616926832220e-02 1.781384532766311259e+24
5.512386374526954264e-02 1.780489881745989957e+24
5.513000032365294317e-02 1.780524831244977929e+24
5.513776460145383695e-02 1.779704589074477659e+24
5.519451439805503346e-02 1.778927370226397167e+24
5.522344591199736252e-02 1.776928411693184448e+24
5.523707836688684925e-02 1.776196180248916807e+24
5.526390069784375969e-02 1.776405038933742857e+24
5.530947622946873893e-02 1.773932519927828353e+24
5.531553754344055440e-02 1.773982944084869633e+24
5.531572797001626379e-02 1.773982949945393042e+24
5.531744994541879651e-02 1.773470498088963707e+24
5.534509780844040772e-02 1.773119606409952892e+24
5.535712035279635734e-02 1.773625486397947140e+24
5.538455874435657678e-02 1.772851295695531875e+24
5.538605404807951660e-02 1.772349506777197431e+24
5.540829064386048469e-02 1.771760487256797917e+24
5.542228739603507343e-02 1.771395267753782343e+24
5.542306407794894696e-02 1.771395258668969271e+24
5.542462762997844156e-02 1.771392861312543200e+24
5.544530433379105810e-02 1.769967244410934291e+24
5.545163583362382881e-02 1.769507261758066274e+24
5.548430921904680402e-02 1.770110899285943348e+24
5.550450315787842925e-02 1.769190682692606348e+24
5.551039951130148226e-02 1.768796109520096574e+24
5.551289610396731994e-02 1.768811626101304988e+24
5.551633512267132448e-02 1.769317200987114992e+24
5.551974938370332624e-02 1.769322073868664517e+24
5.552324955341483848e-02 1.769365381082749178e+24
5.553029313518174914e-02 1.768870024827645811e+24
5.554987356425714756e-02 1.767318262949321927e+24
5.558287011370522529e-02 1.766814776350660769e+24
5.558775690478249404e-02 1.766814142656613362e+24
5.560916905916675479e-02 1.764613261265275311e+24
5.561061981377310448e-02 1.764604912027965445e+24
5.564941798564862485e-02 1.765906433439090600e+24
5.565125922784928264e-02 1.765367365484722552e+24
5.566318478742211806e-02 1.765378321208349741e+24
5.566622123055380705e-02 1.764599983729580328e+24
5.569927789495075082e-02 1.764256538387890783e+24
5.570348533547184872e-02 1.764229595080754305e+24
5.571713563409057268e-02 1.764435047901143901e+24
5.572129282304828790e-02 1.764447420464869212e+24
5.574913780425286985e-02 1.764865587874226323e+24
5.575515852520379623e-02 1.764866209511398319e+24
5.576067232400208629e-02 1.764873955073395974e+24
5.577986869954220522e-02 1.764517106186293709e+24
5.587088378166953778e-02 1.760612688789926685e+24
5.592313783135586386e-02 1.759760685704929402e+24
5.600397458579158688e-02 1.758212582446704099e+24
5.603571713111874658e-02 1.758112527371887006e+24
5.604028711767566895e-02 1.758120212897146023e+24
5.605003801976831540e-02 1.756999805477374661e+24
5.605353525168939310e-02 1.757070732964202222e+24
5.605791797027508822e-02 1.757064669417261914e+24
5.606831631013632633e-02 1.756603628756294600e+24
5.617804613574559069e-02 1.754868494412103280e+24
5.618849024241973772e-02 1.755149633141249682e+24
5.621805141522520644e-02 1.754710019479482929e+24
5.629822684347467882e-02 1.752525328276752972e+24
5.639266914796467467e-02 1.752393737337536665e+24
5.641198707968692050e-02 1.751917001445391760e+24
5.648052761284474976e-02 1.751440604841893842e+24
5.654138607636386565e-02 1.750876576942818830e+24
5.660898996051214743e-02 1.747478674000160571e+24
5.667414420883940679e-02 1.748088377828268619e+24
5.669774140281759467e-02 1.747375698776292411e+24
5.684436459894889881e-02 1.745825498612963840e+24
5.688519216862000794e-02 1.745215132390510574e+24
5.693292811788013691e-02 1.746259718037717360e+24
5.702223083906191037e-02 1.744479425286079657e+24
5.713028753613195315e-02 1.743868615912268044e+24
5.727235742789635320e-02 1.744168684350936443e+24
5.730113666799502986e-02 1.742332391306486893e+24
5.752248401673080297e-02 1.740638463670469263e+24
5.752767098208402818e-02 1.740638424942325833e+24
5.754770811187626123e-02 1.740335617545699120e+24
5.775009151608134078e-02 1.739816687167645587e+24
5.777261060556523192e-02 1.740339455553692458e+24
5.799665604579901101e-02 1.737973886156743595e+24
5.804151133163992088e-02 1.738440456608078254e+24
5.812760407931610862e-02 1.738344536097668760e+24
5.822098559601367879e-02 1.737604650271451940e+24
5.824295766486909526e-02 1.737604635823987262e+24
5.824833113973420379e-02 1.738104655503708886e+24
5.834282320758872598e-02 1.736710352013289748e+24
5.844531514622833268e-02 1.735795310711368818e+24
5.845515094782849363e-02 1.735361161215182237e+24
5.849114489706255804e-02 1.735101695983121508e+24
5.866000150642578653e-02 1.735311411352976996e+24
5.875769831876186816e-02 1.735134745804568399e+24
5.888094627878625448e-02 1.735033503295994847e+24
5.896675333913111577e-02 1.734717764507665349e+24
5.910706502592538020e-02 1.734043626621416891e+24
5.920234855052649431e-02 1.734134862913508364e+24
5.924596147145649860e-02 1.734937388028586604e+24
5.927632543478144472e-02 1.735043753385480696e+24
5.945744031407055458e-02 1.734445489413884394e+24
5.968951279950227701e-02 1.733358686074453478e+24
5.976370755037929000e-02 1.733471354463424478e+24
5.977072967977334339e-02 1.733479659704506435e+24
5.987452303796115399e-02 1.733438718585618607e+24
5.989168612696343236e-02 1.733473016759917602e+24
5.989196183331642331e-02 1.733473020015314102e+24
5.989211229848052931e-02 1.733473013504198710e+24
5.989502324121868254e-02 1.733473025658469216e+24
6.011597913429270884e-02 1.732855821733765868e+24
6.016486163070547399e-02 1.732983682676152737e+24
6.017391026454099734e-02 1.732983632791047118e+24
6.019067371530772287e-02 1.732983675607227663e+24
6.042309964893834151e-02 1.731629045656942570e+24
6.042388449823154345e-02 1.731629009175516665e+24
6.042470261265289744e-02 1.731629024086414487e+24
6.042901939736580741e-02 1.731628986414970719e+24
6.065532063031075366e-02 1.731765148650339712e+24
6.066824836981983549e-02 1.731765194984654939e+24
6.067549496076479754e-02 1.731765222544241112e+24
6.069021581658920472e-02 1.731765272509808380e+24
6.069596767299597490e-02 1.731765314826471075e+24
6.073168728533869659e-02 1.731812588060533051e+24
6.073313685471361939e-02 1.731812610723983477e+24
6.073737075604826452e-02 1.731812592201565230e+24
6.074020587036621510e-02 1.731812605365091310e+24
6.078370290823817412e-02 1.731812510787656862e+24
6.087632814121966135e-02 1.731771088611906234e+24
6.093409712473503437e-02 1.732024920258548488e+24
6.094279851490402855e-02 1.732024922076031008e+24
6.094730126038376550e-02 1.732024855648371370e+24
6.096482381587702698e-02 1.732024870466128531e+24
6.098802397070221537e-02 1.732024861633402928e+24
6.103046690784871831e-02 1.732109663323494149e+24
6.104403865971746307e-02 1.732109718271169256e+24
6.109379570522810443e-02 1.731666265054323560e+24
6.110424768581701471e-02 1.731666262198987694e+24
6.111248664161467864e-02 1.731666309529237923e+24
6.115975018796574597e-02 1.731661443859536562e+24
6.116156154161504072e-02 1.731661429967923867e+24
6.118024546175426792e-02 1.731657570664380480e+24
6.125010270830046066e-02 1.731730813809993227e+24
6.125048289090397058e-02 1.731730816220853128e+24
6.125399379125493621e-02 1.731730866883743770e+24
6.132317339534585493e-02 1.731819996126134112e+24
6.132709444214619332e-02 1.731880524396336597e+24
6.133910608073637333e-02 1.731921350009676796e+24
6.134198857670174893e-02 1.731921300042003383e+24
6.137600623396338023e-02 1.731558980643049890e+24
6.143186388034271167e-02 1.731777556636153619e+24
6.144351559238624833e-02 1.731786003961272682e+24
6.145731702422104620e-02 1.731785981924386045e+24
6.148005114633178780e-02 1.731519121745339205e+24
6.149856128666984084e-02 1.731519237783433251e+24
6.150187353351672936e-02 1.731519255402150382e+24
6.154964188419559390e-02 1.731546084423723081e+24
6.158409605870018150e-02 1.731764278665087466e+24
6.158909037625635158e-02 1.731776800426326921e+24
6.162758616532241357e-02 1.731822335124472200e+24
6.163921903667757274e-02 1.731822332488249191e+24
6.165021048206589110e-02 1.731822290438009760e+24
6.165118234998989005e-02 1.731822303269709083e+24
6.165128710928102079e-02 1.731822308672720228e+24
6.165282506803353851e-02 1.731822299544498190e+24
6.166462604812696785e-02 1.731836265924686462e+24
6.167746551495652263e-02 1.731417830011237357e+24
6.168056649021368132e-02 1.731417838380457874e+24
6.168304822331018011e-02 1.731417835524147588e+24
6.169707117189237450e-02 1.730848323104512812e+24
6.176373416366867652e-02 1.731323541395954939e+24
6.176499091385326962e-02 1.731532250168166332e+24
6.177338145750522341e-02 1.731549749481224677e+24
6.180000753680512521e-02 1.731589156092096482e+24
6.181143615607912617e-02 1.731589210042400994e+24
6.181469653353930532e-02 1.731589193124690709e+24
6.186950588160258779e-02 1.730670957644789095e+24
6.187547434626904791e-02 1.730670942749429659e+24
6.189629906530254300e-02 1.730755943552753561e+24
6.192141030036546478e-02 1.730755954367856753e+24
6.195477819575019585e-02 1.730756178807029009e+24
6.195604430333870316e-02 1.730756177063595483e+24
6.198262773584829743e-02 1.730790238002781991e+24
6.198365499989585969e-02 1.730790286444564387e+24
6.200729177316796625e-02 1.730835256627396895e+24
6.200732806522004509e-02 1.730835258121595080e+24
6.200780794609974528e-02 1.730835279849109586e+24
6.204449061059350012e-02 1.730826484579334898e+24
6.208748751794692516e-02 1.730492478890556569e+24
6.208920840053872015e-02 1.730492487955065988e+24
6.209334077855411388e-02 1.730492469881297609e+24
6.209751372752928683e-02 1.730500843615199066e+24
6.209941127709684566e-02 1.730500835497353320e+24
6.210371763873608064e-02 1.730500841136936632e+24
6.210686779317730472e-02 1.730500809133813534e+24
6.210928772715337137e-02 1.730500847247637860e+24
6.211033734527292988e-02 1.730500813583257113e+24
6.211266153923116623e-02 1.730500793840935010e+24
6.218957123898252726e-02 1.730535956725778665e+24
6.221595361368744553e-02 1.730580996778421616e+24
6.223424458918539598e-02 1.730580992394611311e+24
6.224194356665390532e-02 1.730580974367278507e+24
6.228392145173630712e-02 1.730581170522331793e+24
6.231441367584105578e-02 1.730581247076144825e+24
6.232975802696005818e-02 1.730581319258969909e+24
6.233904779702597460e-02 1.730581466707594310e+24
6.234626599639268851e-02 1.730581497419613195e+24
6.236930457126913657e-02 1.730581441581726659e+24
6.238564363052848116e-02 1.730615514150438795e+24
6.242078250237988180e-02 1.730624050624620990e+24
6.242379846663375503e-02 1.730661037550583213e+24
6.247040890150846321e-02 1.730276092839446721e+24
6.248554246777109772e-02 1.729852735597543141e+24
6.250204291454056205e-02 1.729852720223099430e+24
6.253805199624416777e-02 1.729852823877197517e+24
6.253883116782886498e-02 1.729852849042025353e+24
6.255517417248847301e-02 1.729852879250104720e+24
6.259679610560861529e-02 1.729844350507750301e+24
6.259976700093843049e-02 1.729844362965254893e+24
6.259996121088304277e-02 1.729844370616688933e+24
6.260058628460665742e-02 1.729844357370657336e+24
6.260174083063219097e-02 1.729844364683201277e+24
6.260802886999974892e-02 1.729844401372592184e+24
6.263215703655149180e-02 1.729844525642312101e+24
6.263732329243518193e-02 1.729844525984385845e+24
6.264902005780749461e-02 1.729844587878692470e+24
6.265418631369115698e-02 1.729838903103509783e+24
6.268287533756192187e-02 1.729839043305232375e+24
6.270053036890547993e-02 1.729838914129847789e+24
6.271879190631184098e-02 1.729838886921728990e+24
6.273328521570878391e-02 1.729847307789210365e+24
6.274237373327341827e-02 1.729847308976974176e+24
6.276295353408409272e-02 1.729847354594713032e+24
6.276559980700029129e-02 1.729847386413387418e+24
6.276687331048819152e-02 1.729847366666322866e+24
6.282575163689975428e-02 1.729500956901799063e+24
6.284276073402920992e-02 1.729500942528052399e+24
6.285634250904750808e-02 1.729537927700378938e+24
6.290128541142858687e-02 1.729537891284390886e+24
6.290293386961824662e-02 1.729537911410552069e+24
6.290458716599325872e-02 1.729537907953246740e+24
6.295025916453945991e-02 1.729538217715285010e+24
6.295834758232898842e-02 1.729538161536527321e+24
6.297856176050913024e-02 1.729562474267212067e+24
6.298437995715036597e-02 1.729562483069243150e+24
6.299231135584072716e-02 1.729562522278676320e+24
6.301319696604604226e-02 1.729562675016634013e+24
6.303955350022036330e-02 1.729607602927869308e+24
6.305864132790159338e-02 1.729607500288975325e+24
6.306596450402503218e-02 1.729607475165422124e+24
6.307313083306625989e-02 1.729607449170510522e+24
6.312458716644379908e-02 1.729237171155332344e+24
6.318268781992851524e-02 1.729237526654521373e+24
6.320137248893085979e-02 1.729237752566750642e+24
6.321588286745601082e-02 1.729237870543210673e+24
6.325617863359457582e-02 1.729237776331987418e+24
6.330633646974903606e-02 1.729237665104163596e+24
6.334573264978002327e-02 1.729260301921910878e+24
6.334590974028427024e-02 1.729260295585661859e+24
6.336356547462471123e-02 1.729260430612893752e+24
6.338780104018286454e-02 1.729260672995893105e+24
6.340845583353142689e-02 1.729260847534697039e+24
6.341437759303933386e-02 1.729260775604126927e+24
6.344756235709707315e-02 1.729311489270033716e+24
6.346149380465132550e-02 1.729311408042388954e+24
6.347821132038158898e-02 1.729311366169147541e+24
6.349002194836295132e-02 1.729311450754828321e+24
6.349831461166197122e-02 1.729311412068252121e+24
6.350514334905181524e-02 1.729311419066256011e+24
6.351676206798698154e-02 1.729311427583861475e+24
6.358096992634434952e-02 1.729304500024071932e+24
6.358108899622494370e-02 1.729304493108985338e+24
6.358188385069205029e-02 1.729366105588268299e+24
6.362518055886642876e-02 1.728975485953788053e+24
6.364005989754725756e-02 1.728975479315211991e+24
6.369424134110761304e-02 1.728966934415484004e+24
6.369814426944502006e-02 1.728967002276665749e+24
6.373173167134964234e-02 1.729228591534689841e+24
6.373711778300257536e-02 1.729228649144962546e+24
6.375550720381940872e-02 1.729228681123979604e+24
6.378197838220386884e-02 1.729228773066851584e+24
6.381664672049472409e-02 1.729289303586917927e+24
6.382683099232272506e-02 1.728925515808319159e+24
6.384471800282708054e-02 1.728925444239134307e+24
6.385354936325955688e-02 1.728925470387642529e+24
6.388500810202905889e-02 1.728925603189051376e+24
6.389591265457915392e-02 1.728925621206784122e+24
6.392402030195125373e-02 1.728934032351622402e+24
6.397536288534230731e-02 1.728942599574277017e+24
6.400845999609303116e-02 1.728942671003133208e+24
6.401508894043642095e-02 1.728942656376570810e+24
6.404493772834728149e-02 1.728942642412600533e+24
6.407891948902511015e-02 1.728942777504230898e+24
6.412944593628384926e-02 1.728943115991300086e+24
6.414516977884375526e-02 1.728943064898994587e+24
6.416585515474330925e-02 1.728943104395916226e+24
6.418693886980673946e-02 1.728943242407008734e+24
6.419487444667514031e-02 1.728943260940596043e+24
6.424061414888171395e-02 1.729148586050198591e+24
6.425631533907535942e-02 1.729148654096382027e+24
6.426393581512306052e-02 1.729148667457211388e+24
6.428176475610335172e-02 1.729157172116650166e+24
6.429451183717188600e-02 1.729157267559101764e+24
6.438044869490316957e-02 1.729150713988514773e+24
6.438890586760780133e-02 1.729150782944910764e+24
6.441322236297354620e-02 1.729150873662682246e+24
6.441424261622094583e-02 1.729150855154410279e+24
6.442413909831663787e-02 1.729150953897678462e+24
6.445375870795543027e-02 1.729151019691802507e+24
6.445565390668320238e-02 1.729151025114594928e+24
6.451474620010780314e-02 1.729151011911866803e+24
6.453102038343316860e-02 1.729151091269788016e+24
6.457085326313573292e-02 1.729162599753822857e+24
6.457256599243205164e-02 1.729162613880636014e+24
6.459927652153900357e-02 1.729162769558510900e+24
6.460849226542467183e-02 1.729162853492427172e+24
6.461017270257077283e-02 1.729162896068321745e+24
6.466935010476158874e-02 1.729163138457715767e+24
6.467987473490802164e-02 1.729163128020283276e+24
6.469137316788478587e-02 1.729227600132178599e+24
6.470019956166211950e-02 1.729270678759542555e+24
6.474636816157881836e-02 1.729270784355003441e+24
6.475073289820434952e-02 1.729270783827775536e+24
6.475764461308168574e-02 1.729270730652551291e+24
6.478790968760771152e-02 1.728897800666372066e+24
6.483769505452914583e-02 1.729104051792800316e+24
6.484845304485570283e-02 1.729103987770181166e+24
6.486406783983941771e-02 1.729104076041553772e+24
6.489589253830362059e-02 1.729103994870999594e+24
6.489710840831548755e-02 1.729103974741382305e+24
6.494617319150705614e-02 1.729104156878977670e+24
6.500274060593172476e-02 1.729124178648142289e+24
6.502008398656829169e-02 1.729124363676660814e+24
6.502787984653912723e-02 1.729124367622371302e+24
6.503322009216751243e-02 1.729124309639266713e+24
6.503437781917349725e-02 1.729124310850644522e+24
6.504284718805039556e-02 1.729124364624201467e+24
6.504650451454556392e-02 1.729124419730967263e+24
6.504764046233793562e-02 1.729124433178041715e+24
6.507651649501793034e-02 1.729338498360203022e+24
6.513009794856243484e-02 1.729338578360644632e+24
6.515516372447810456e-02 1.729338759207091761e+24
6.515866527272953790e-02 1.729338791342835933e+24
6.516670582689747249e-02 1.729338787012514077e+24
6.523192867205124257e-02 1.729339060852413862e+24
6.526067865859079553e-02 1.729339182441671801e+24
6.526169881265064809e-02 1.729339189644420272e+24
6.526457650370116881e-02 1.729339197097470847e+24
6.533409241740384399e-02 1.729339356532059943e+24
6.534792068996103653e-02 1.729339443110554278e+24
6.535584424244238189e-02 1.729339458816350152e+24
6.536688742823244802e-02 1.729339450878279658e+24
6.537409249467605876e-02 1.729339491897502257e+24
6.538177211087593810e-02 1.729339439177714197e+24
6.547935868893596523e-02 1.729331213619939370e+24
6.548576851614511252e-02 1.729378278732106975e+24
6.551716478048175141e-02 1.729378409544210987e+24
6.562715380006299559e-02 1.728998909152580111e+24
6.563434552613002515e-02 1.728998967665651989e+24
6.564074666511685030e-02 1.728998985451787751e+24
6.564989886161579080e-02 1.728984425545437528e+24
6.566840422433083135e-02 1.728984480948596869e+24
6.567533088966409638e-02 1.728984443405043268e+24
6.569320148324363229e-02 1.728984513771352468e+24
6.570362283282575599e-02 1.729054549510226488e+24
6.573545553197437941e-02 1.729054578362985975e+24
6.576626202873146754e-02 1.729054650027181141e+24
6.580930495706574512e-02 1.729054966788639299e+24
6.583073820535979837e-02 1.729055001097698932e+24
6.584316012015151154e-02 1.729094937003378396e+24
6.584840864263999394e-02 1.729094966536255618e+24
6.587626830783051279e-02 1.729095238914669569e+24
6.590390984638032357e-02 1.729095239671207120e+24
6.591584677114857571e-02 1.729095243326699956e+24
6.595877920658160809e-02 1.729198873656319474e+24
6.597295017735252398e-02 1.729198882682308405e+24
6.597696791970561470e-02 1.729198879504045491e+24
6.598134424396333297e-02 1.729198900882279567e+24
6.598871011173156054e-02 1.729199097096165852e+24
6.607159459090908293e-02 1.729199346683200286e+24
6.609448834950648610e-02 1.729199478212112329e+24
6.618274992778518107e-02 1.729199636434440195e+24
6.621865750303905507e-02 1.729199697199360742e+24
6.625747809153718915e-02 1.729199994391934018e+24
6.628016842793636731e-02 1.729199929168885468e+24
6.635936413570141246e-02 1.729200064070483125e+24
6.636028001100703622e-02 1.729200087553476661e+24
6.638949975335010911e-02 1.729191811372657752e+24
6.639208482594320671e-02 1.729191844507154156e+24
6.643031022016564202e-02 1.729190073745611164e+24
6.648982847726801759e-02 1.729201504327784204e+24
6.649184872788807543e-02 1.729201532531233488e+24
6.659561801271576820e-02 1.729407997017573401e+24
6.660486332334408788e-02 1.729408104688449457e+24
6.662616823330992644e-02 1.729416558239302663e+24
6.667293480495165015e-02 1.729485830946094815e+24
6.674840953396181387e-02 1.729522276380786725e+24
6.690076121390052533e-02 1.729585815572422804e+24
6.708187287020028755e-02 1.729586359609366136e+24
6.712858762284941438e-02 1.729586591417415393e+24
6.735273382276185661e-02 1.729285460716764449e+24
6.735641403179828957e-02 1.729285493305929124e+24
6.735950407386075145e-02 1.729285522029452777e+24
6.737224317805566576e-02 1.729285643100155961e+24
6.761321078634401072e-02 1.729488144476620357e+24
6.767425916156262489e-02 1.729531528479091179e+24
6.788607015634551267e-02 1.729196175010955339e+24
6.793853393193712009e-02 1.729196407748374584e+24
6.800352031952515419e-02 1.729196548102734140e+24
6.826385707753021559e-02 1.729198938375094572e+24
6.833278147748768350e-02 1.729199085139122392e+24
6.855298708829420107e-02 1.728891278694583175e+24
6.856517632237688065e-02 1.728891419621378388e+24
6.856793407848135735e-02 1.728891392437524544e+24
6.878285365974885768e-02 1.729114593283798806e+24
6.880308667947500345e-02 1.729114688798258216e+24
6.894870906880601336e-02 1.729176312522061105e+24
6.903823928046869118e-02 1.729446521847867903e+24
6.914784763243411736e-02 1.729490142912142570e+24
6.936702603491677610e-02 1.729374063485125153e+24
6.944926489350336518e-02 1.729069731501885595e+24
6.945927840690253874e-02 1.729069738119853062e+24
6.946979200721023484e-02 1.729069737119520282e+24
6.954278365401937723e-02 1.728868538575793781e+24
6.961739183969321842e-02 1.728868626822999679e+24
6.975229232473230401e-02 1.728869157291429433e+24
6.979348805597399008e-02 1.728869187085739703e+24
6.984996150165320716e-02 1.728913622123981513e+24
6.990169520597243336e-02 1.728913708342551146e+24
6.999015004613187707e-02 1.728966060889717342e+24
7.002706648857037752e-02 1.729001673658173206e+24
7.022722263936452547e-02 1.729002559698151450e+24
7.028139809210401379e-02 1.729002664608889590e+24
7.037534928397101708e-02 1.729002886796690724e+24
7.042410021594469605e-02 1.729003161412837128e+24
7.047872573315713818e-02 1.729003382358355210e+24
7.050086916656549130e-02 1.728688152043533342e+24
7.050098586609000739e-02 1.728688156422154253e+24
7.052158977511042981e-02 1.728688253598735404e+24
7.055105873059212829e-02 1.728688403035038725e+24
7.057264067563473464e-02 1.728688470885044966e+24
7.067533618226358449e-02 1.728688801778205026e+24
7.076101335633487588e-02 1.728689111414406929e+24
7.088273755995382064e-02 1.728689593990847949e+24
7.094467415412984701e-02 1.728689711513672192e+24
7.105944407760415860e-02 1.728690124282019302e+24
7.107344331473816612e-02 1.728690137314882545e+24
7.109228746615101069e-02 1.728690142082418113e+24
7.111264631777396150e-02 1.728690329846392182e+24
7.112255173209240666e-02 1.728690357271565743e+24
7.113202743144429741e-02 1.728690402587843530e+24
7.114677781176574622e-02 1.728690425846324093e+24
7.116495379184077652e-02 1.728690533459145077e+24
7.119810028965281590e-02 1.728388515467076236e+24
7.123478158990241560e-02 1.728388580002336508e+24
7.125170201901660783e-02 1.728388646375101095e+24
7.130313610759508869e-02 1.728397163299227008e+24
7.132947085664721742e-02 1.728397359687727067e+24
7.141412039674381595e-02 1.728397697698247085e+24
7.141422686267556719e-02 1.728397701256497567e+24
7.145344081008679626e-02 1.728397930390750367e+24
7.146030507081191363e-02 1.728397909331500023e+24
7.146230051162832941e-02 1.728397934688259210e+24
7.150701903319214847e-02 1.728398014028349329e+24
7.151773006701760138e-02 1.728398051183303684e+24
7.153439886292481398e-02 1.728398105609224017e+24
7.159659337795167000e-02 1.728406804992578216e+24
7.160616818305737263e-02 1.728406741171418266e+24
7.161426301518891702e-02 1.728406764289198922e+24
7.162490465335817624e-02 1.728406847969098212e+24
7.164027666148332918e-02 1.728406928480682268e+24
7.165324455357506561e-02 1.728406968090043198e+24
7.167889028088886283e-02 1.728407092661216132e+24
7.168843708818092852e-02 1.728407161935842893e+24
7.172218415367577482e-02 1.728407271958357425e+24
7.174267823292954094e-02 1.728407385997822262e+24
7.174930315101733791e-02 1.728407400128014484e+24
7.175538294132827177e-02 1.728407408164251825e+24
7.175680412954889287e-02 1.728407421039600632e+24
7.175681111544753021e-02 1.728407421039600632e+24
7.175821923525486923e-02 1.728407454587882238e+24
7.176055854570517756e-02 1.728407446087607773e+24
7.176466452440180555e-02 1.728407445723377366e+24
7.177302285621638134e-02 1.728407447100325091e+24
7.183433167898169158e-02 1.728407564441775013e+24
7.184692005339693432e-02 1.728407692355009102e+24
7.184927714298904033e-02 1.728407733104513124e+24
7.185662063728545657e-02 1.728407792551179896e+24
7.187930375933219984e-02 1.728407836026950916e+24
7.189017695221742998e-02 1.728407888430522547e+24
7.192493609408588673e-02 1.728408032603105881e+24
7.193035338419385971e-02 1.728408042948005449e+24
7.194305040250029148e-02 1.728408015437431564e+24
7.194613170929653467e-02 1.728407970258364561e+24
7.198864432661708501e-02 1.728408230693664436e+24
7.204947742411471623e-02 1.728408309945695646e+24
7.206373929173749693e-02 1.728408413141639639e+24
7.213843260997308826e-02 1.728408645628134009e+24
7.214601264268898084e-02 1.728408754626053492e+24
7.217896460365756661e-02 1.728408904964433357e+24
7.219174320649034138e-02 1.728408919234451461e+24
7.220110035557920913e-02 1.728408988625350502e+24
7.221660303475067877e-02 1.728409031858427953e+24
7.224012393499482099e-02 1.728408984738627095e+24
7.224939904922343670e-02 1.728409022888236284e+24
7.226244707269746659e-02 1.728408972133278186e+24
7.226643640128894985e-02 1.728409011578228305e+24
7.226980941289480598e-02 1.728409025351455863e+24
7.228446995605114500e-02 1.728409152005980262e+24
7.229546902351779991e-02 1.728409230374172969e+24
7.231016656128619324e-02 1.728409183204655181e+24
7.231446775124993065e-02 1.728409191319043209e+24
7.231961402389153193e-02 1.728409178765138613e+24
7.239836679699289401e-02 1.728409375964244224e+24
7.240568467808362885e-02 1.728409329444268836e+24
7.245738589985123435e-02 1.728409662400480198e+24
7.246251800338522620e-02 1.728409691315109762e+24
7.251841348680913846e-02 1.728409876682733940e+24
7.255263488028994290e-02 1.728410057862039424e+24
7.255806134511191829e-02 1.728410076866954297e+24
7.261007650178613604e-02 1.728410191953608665e+24
7.264762295199475584e-02 1.728410373060926202e+24
7.270669449510797078e-02 1.728410567396994534e+24
7.271792734959289795e-02 1.728410558404300458e+24
7.272776669135497252e-02 1.728410645140105486e+24
7.273899954583994132e-02 1.728410793673345494e+24
7.274883888760200201e-02 1.728410685816471315e+24
7.275496140618897822e-02 1.728410755968939999e+24
7.275630299280072544e-02 1.728410781171443288e+24
7.285076102106061158e-02 1.728411078834165696e+24
7.286106783856442781e-02 1.728411078794869698e+24
7.290603247640553564e-02 1.728411260739542380e+24
7.290759908898834796e-02 1.728411254359336518e+24
7.299133525303369563e-02 1.728411562274548783e+24
7.301146521653112398e-02 1.728411578558517854e+24
7.301434363262966631e-02 1.728411613718319240e+24
7.306153554383980342e-02 1.728411676069643403e+24
7.309036951929952231e-02 1.728411677009714033e+24
7.316978722360137355e-02 1.728412214209499464e+24
7.317981112320756654e-02 1.728412310611345824e+24
7.318810578496570685e-02 1.728412316878334201e+24
7.319812968457188596e-02 1.728412396352344622e+24
7.320642434632998463e-02 1.728412426900474534e+24
7.321832442713721578e-02 1.728412506223624229e+24
7.322946357126096373e-02 1.728412536582904161e+24
7.324330097802581041e-02 1.728412662258862943e+24
7.325696576221206457e-02 1.728412574635842762e+24
7.333036409927637389e-02 1.728412730773597514e+24
7.333688433871608792e-02 1.728412800453540070e+24
7.335699770013716370e-02 1.728412757724216649e+24
7.340919203160815865e-02 1.728413032292804343e+24
7.342370275018376968e-02 1.728413113649131426e+24
7.351082032090874852e-02 1.728413454799023429e+24
7.355547229083862770e-02 1.728413566286680155e+24
7.357684317446108735e-02 1.728413647596601458e+24
7.363796314128748244e-02 1.728413961907369530e+24
7.368656497592150634e-02 1.728414093105377697e+24
7.370796725212334921e-02 1.728414241127852677e+24
7.370945853621342636e-02 1.728414279506747353e+24
7.372495618311558641e-02 1.728414360608646747e+24
7.372639214357572246e-02 1.728414389661611034e+24
7.374666593694080563e-02 1.728414444318236609e+24
7.375048554606505880e-02 1.728414471784533408e+24
7.375353085997066183e-02 1.728414573971796279e+24
7.377306052864375518e-02 1.728414537217327222e+24
7.377934701283719865e-02 1.728414541286658680e+24
7.378790221454877007e-02 1.728414464717493555e+24
7.381944930471175115e-02 1.728414692455102984e+24
7.387383790903850889e-02 1.728414794695012222e+24
7.393839155370789118e-02 1.728415037054460390e+24
7.399374537841561794e-02 1.728415240463192406e+24
7.399533955142033326e-02 1.728415262340684485e+24
7.400072796837579847e-02 1.728415246140846845e+24
7.405454248867421319e-02 1.728415375658196459e+24
7.406762764091129325e-02 1.728415364209401175e+24
7.418048078513982124e-02 1.728415940702151253e+24
7.422682758390206081e-02 1.728416074458384480e+24
7.423040454117696418e-02 1.728416104105173093e+24
7.425642098890715415e-02 1.728416141748619849e+24
7.427624425114411066e-02 1.728416174139563999e+24
7.429283767601871369e-02 1.728416328356587633e+24
7.431146403273912460e-02 1.728416360935225075e+24
7.433166494854338835e-02 1.728416517275132126e+24
7.435969687598391331e-02 1.728416539069297545e+24
7.438025558392934167e-02 1.728416708313882124e+24
7.441600019662665544e-02 1.728416630248522998e+24
7.442073532424593740e-02 1.728416641217685057e+24
7.444806317429100706e-02 1.728416790106359110e+24
7.446129579669454046e-02 1.728416932540954131e+24
7.450564781342998433e-02 1.728417068693484636e+24
7.450980569994848646e-02 1.728417108128144013e+24
7.453642947259814244e-02 1.728417170504954243e+24
7.453717045577749889e-02 1.728417180230336186e+24
7.454012541522056501e-02 1.728417181571855262e+24
7.455281462259592817e-02 1.728417264432274255e+24
7.457419572260370888e-02 1.728417161893182427e+24
7.459937619498518968e-02 1.728417387702137060e+24
7.460011215256660833e-02 1.728417420469952779e+24
7.461820261904587859e-02 1.728417452618090885e+24
7.463982103336877505e-02 1.728417473657016102e+24
7.465773103591509530e-02 1.728417706552554299e+24
7.468310710998943280e-02 1.728417809204824420e+24
7.469461531596768844e-02 1.728417869792402546e+24
7.472770185602231607e-02 1.728417929162957397e+24
7.474315853773282059e-02 1.728418032317926061e+24
7.476106971596663264e-02 1.728418056119147146e+24
7.476921926630032689e-02 1.728418112546498884e+24
7.480636858039162174e-02 1.728418162775379860e+24
7.483057209174870383e-02 1.728418343791285192e+24
7.483550669114484577e-02 1.728418342868850502e+24
7.487586996581001297e-02 1.728418462660920179e+24
7.502414307326622789e-02 1.728419004292511369e+24
7.510726166707482054e-02 1.728419403987286730e+24
7.518062444759782137e-02 1.728419673164723832e+24
7.521948083009682984e-02 1.728419807066052329e+24
7.541702629351566822e-02 1.728420467530371315e+24
7.545596068806964540e-02 1.728420717226448258e+24
7.546344099921351023e-02 1.728420780703116398e+24
7.549027504515667952e-02 1.728420850088916239e+24
7.558956269555661134e-02 1.728421023299651861e+24
7.576017088449199521e-02 1.728421606140801957e+24
7.580465970906447026e-02 1.728421766243768227e+24
7.592663099524896153e-02 1.728422201882572180e+24
7.594404582747926735e-02 1.728422227371987338e+24
7.602979039342105949e-02 1.728422388947989146e+24
7.605962566978777262e-02 1.728422631601402861e+24
7.631004317405497284e-02 1.728423637650763510e+24
7.660796792476669281e-02 1.728424646156403339e+24
7.691348607114484315e-02 1.728425830793073620e+24
7.710127754256064503e-02 1.728426482129043062e+24
7.721315315011005598e-02 1.728426994796599678e+24
7.729582591419430215e-02 1.728427142696610914e+24
7.733652463187445925e-02 1.728427403608967302e+24
7.751289889537203714e-02 1.728428141730420316e+24
7.760453271238820783e-02 1.728428332366535653e+24
7.782275829702967052e-02 1.728429062525023469e+24
7.826333474592839234e-02 1.728430873103703950e+24
7.883647868485364751e-02 1.728433088618470520e+24
7.937545951700823721e-02 1.728435220250125180e+24
7.992709460823751999e-02 1.728437394141453151e+24
7.993567528738637629e-02 1.728437481055679173e+24
7.999132850614060208e-02 1.728437612210925840e+24
8.003734194462307217e-02 1.728437894279630240e+24
8.015918187160628317e-02 1.728438232739922454e+24
8.021909644855965138e-02 1.728438486348124314e+24
8.047361769429929590e-02 1.728439492015868260e+24
8.050052187319126085e-02 1.728439605868685093e+24
8.076992281881570368e-02 1.728440862775517007e+24
8.090240027581670212e-02 1.728441313180588981e+24
8.093412155925616691e-02 1.728441532077064870e+24
8.113016821823570979e-02 1.728442333157984989e+24
8.188281759993681908e-02 1.728445224038921287e+24
8.196598351382744507e-02 1.728445776171988836e+24
8.205022185206829743e-02 1.728446093930355610e+24
8.226945770000837488e-02 1.728446981061279706e+24
8.259181658538267135e-02 1.728653797817267851e+24
8.262430021356130527e-02 1.728653974764851848e+24
8.321221496353028990e-02 1.728656500761393617e+24
8.386377460726801569e-02 1.728659586366236747e+24
8.406726171389533597e-02 1.728660575989177145e+24
8.424244299270605696e-02 1.728661250541211663e+24
8.450000000000000566e-02 1.728662784243584431e+24
8.505816403082563926e-02 1.728656763002916486e+24
8.507901917998822450e-02 1.728656998332675985e+24
8.564945696511944151e-02 1.728454489016605912e+24
8.621150272387656521e-02 1.728457405564563124e+24
8.627691847726644270e-02 1.728457783965737009e+24
8.679891393023887736e-02 1.728460378393465766e+24
8.729082015412818751e-02 1.728735792145227235e+24
8.742872696569561897e-02 1.728736448612985469e+24
8.781160763904267974e-02 1.728465669234886403e+24
8.801514161916190737e-02 1.728466922345878566e+24
8.810182965590389326e-02 1.728467381360024042e+24
8.845521005724898966e-02 1.728677950594604197e+24
8.865129288948066233e-02 1.728679058489278258e+24
8.891985482718794964e-02 1.728680662029866080e+24
8.902115982906719238e-02 1.728681143404427880e+24
8.920944463659445656e-02 1.728682174544892714e+24
8.949863005716968134e-02 1.728683598722687983e+24
8.951974175788215971e-02 1.728683902209099355e+24
8.974491111934153331e-02 1.728685006052261779e+24
8.983394103125505459e-02 1.728685373508762435e+24
8.994557552158045921e-02 1.728694430753823828e+24
9.026008930466322688e-02 1.728695781548343675e+24
9.038819062628362933e-02 1.728696322155271095e+24
9.047458612275954826e-02 1.728696842023058794e+24
9.051161170024113467e-02 1.728697017368174924e+24
9.090939680220856689e-02 1.728690169472913303e+24
9.092375260070477416e-02 1.728690233784160160e+24
9.106443946245985910e-02 1.728690914335810872e+24
9.108610456213413198e-02 1.728691069581520244e+24
9.116151789885905410e-02 1.728691442643672628e+24
9.143922378033221554e-02 1.728483345496483301e+24
9.189588607215409821e-02 1.728485019664912960e+24
9.193922657542875909e-02 1.728485245768975870e+24
9.200437124771078390e-02 1.728485466740581584e+24
9.212602711150734425e-02 1.728485773676353669e+24
9.247189582505448147e-02 1.728486655991352142e+24
9.270447315136158550e-02 1.728487049865974103e+24
9.275294783014353950e-02 1.728487212182591750e+24
9.290734110673076751e-02 1.728487414946147468e+24
9.295547877238075074e-02 1.728487447659329593e+24
9.313872168059328382e-02 1.728487504642089322e+24
9.351012466051156213e-02 1.728487695941792944e+24
9.395979871271746553e-02 1.728487142158404076e+24
9.414566451797934388e-02 1.728486499498042012e+24
9.420505084323488321e-02 1.728486317170406692e+24
9.421295224967422832e-02 1.728486294172749561e+24
9.427466133592272979e-02 1.728486213156276261e+24
9.434751240932694183e-02 1.728485889790876926e+24
9.435777457547160629e-02 1.728485821608503030e+24
9.440407329448442797e-02 1.728485634096788765e+24
9.447692979333260910e-02 1.728485297916289619e+24
9.457035015555047275e-02 1.728485008888831693e+24
9.490749170173934379e-02 1.728482906510523019e+24
9.570185983417962838e-02 1.728475397488279424e+24
9.607726034062456788e-02 1.728470143161551630e+24
9.621357972958723137e-02 1.728467620313974656e+24
9.637838434801779264e-02 1.728464792950955095e+24
9.657939874160736959e-02 1.728460660973569237e+24
9.668039928132966809e-02 1.728458408163908883e+24
9.706407266657843258e-02 1.728457153453855835e+24
9.756271985430493843e-02 1.728440836739983068e+24
9.756624615134040779e-02 1.728440741590430791e+24
9.758151609601753429e-02 1.728440246385774187e+24
9.812789889093162521e-02 1.728416640818559651e+24
9.829281509731944977e-02 1.728408234223544243e+24
9.854917372548911703e-02 1.728393415400121866e+24
9.880542247209168905e-02 1.728376449887844583e+24
9.891924927949656554e-02 1.728368219769286129e+24
9.905654583595341345e-02 1.728357266500621443e+24
9.952936370068084238e-02 1.728313753792773165e+24
1.000000000000000056e-01 1.728256811936026972e+24
