-2.131628207280300602e-17 5.934000907571813417e+20
1.021774682420236455e-03 6.812632761086092247e+20
1.082835948172075234e-03 7.012980358771673661e+20
1.241994295263289467e-03 6.253990285933058458e+20
1.308613317468570016e-03 6.294680530624210534e+20
1.338128377213827509e-03 6.315033746960406282e+20
2.043549364840494161e-03 7.688664908244461814e+20
2.483988590526593244e-03 6.660771584645140316e+20
3.105927898113776571e-03 7.301304998821493473e+20
3.122299546832294978e-03 7.301877376613114184e+20
3.165443902327151355e-03 7.342101961580727501e+20
3.585056431888627819e-03 7.566475390732192973e+20
3.739238026257346754e-03 7.679620573088499630e+20
4.048008356104052137e-03 7.935738458859688428e+20
4.117539528234406658e-03 8.122213590274914386e+20
4.254746910328229687e-03 8.222025688747990057e+20
4.565196580609391826e-03 7.672451724880427090e+20
4.669803641425716509e-03 8.609653323820215828e+20
5.046505936913562099e-03 8.746947696141855621e+20
5.337404328494105635e-03 8.912871085293140705e+20
5.597362546324682366e-03 9.058697504713761096e+20
5.629016031545432640e-03 9.091766059133447700e+20
5.678208321360081468e-03 9.119324024766753669e+20
5.765915814811968694e-03 9.151469032543990579e+20
5.834151170948871472e-03 9.197734518643416105e+20
6.343476301928085634e-03 9.510019609954589082e+20
6.364867070456106841e-03 9.516607252972656394e+20
6.564847047988699343e-03 9.598508310757335368e+20
6.734604294155943464e-03 9.907864040983379313e+20
6.867282700773874420e-03 9.993075180931907584e+20
6.906527813171817187e-03 1.007928489874589221e+21
6.943077550850983506e-03 1.009244533796653236e+21
6.961857002195841713e-03 1.015758852048693756e+21
7.355954554584343344e-03 1.056041173077779939e+21
7.515911492826351029e-03 1.078394488280059740e+21
7.582400068424288361e-03 1.083942148698378469e+21
7.691264534491214049e-03 1.108475253090651996e+21
7.749660780325364449e-03 1.112610250399812026e+21
7.915812691249126884e-03 1.124004037627723514e+21
8.005599775480423327e-03 1.138942017854984028e+21
8.069247456886394915e-03 1.143222964764107080e+21
8.143367006066383820e-03 1.158615123860725432e+21
8.174667836637677584e-03 1.168759321258495574e+21
8.197578877465415068e-03 1.171593939678109368e+21
8.628977163876125692e-03 1.264615790498120204e+21
8.652466590411049194e-03 1.269287956433900143e+21
8.770383791034373072e-03 1.295468211769552142e+21
8.961665839257091509e-03 1.357925467129246908e+21
9.021723143299119688e-03 1.379716644050834293e+21
9.084139138020294602e-03 1.405145460606544904e+21
9.126433077551973291e-03 1.419988320423221920e+21
9.143336102745255184e-03 1.429249026778583532e+21
9.151114442324867829e-03 1.431777733734571442e+21
9.269780242380832452e-03 1.493308871588622107e+21
9.356809073802921026e-03 1.549273198636337201e+21
9.386951011944855844e-03 1.574210828675383558e+21
9.470203811756401635e-03 1.668714429871163703e+21
9.480850854109995271e-03 1.678288885540027892e+21
9.549084918796208604e-03 1.758683925420360598e+21
9.661214588500197792e-03 1.926225026049680343e+21
9.795495708145477570e-03 2.266662643410694570e+21
9.820353924306371440e-03 2.338474365765943296e+21
9.822992868479971107e-03 2.346195222956347228e+21
9.850114835910925640e-03 2.435019370170216350e+21
9.873812467295187828e-03 2.513723939175961985e+21
9.903964376570833020e-03 2.623381888660935279e+21
9.923829391105464318e-03 2.703716071737230623e+21
9.925738336229219735e-03 2.710651553951473205e+21
9.937866732174470419e-03 2.760020940732933079e+21
9.972741171267451854e-03 2.907229802504107065e+21
9.978878491793108027e-03 2.932648998005121745e+21
1.000133059889276796e-02 3.028205336075306009e+21
1.000870335941539922e-02 3.063216713785587270e+21
1.001189949860078685e-02 3.076225685130243473e+21
1.007179870294331626e-02 3.372941841810998166e+21
1.007415178934337185e-02 3.385394148290191688e+21
1.007551932944589571e-02 3.390901441562060259e+21
1.009709713959489399e-02 3.489360151527367901e+21
1.009784118922979305e-02 3.493125652381581705e+21
1.011098793619809658e-02 3.554892328651167629e+21
1.011146227025623741e-02 3.557255177136137830e+21
1.012613530583605231e-02 3.625330288444267037e+21
1.014265030956428178e-02 3.698154512496079667e+21
1.014434076286827545e-02 3.705321754816111706e+21
1.016703598711285808e-02 3.812873857017897288e+21
1.019674672021861003e-02 3.945085205754702463e+21
1.019724936395571303e-02 3.947114511881477816e+21
1.019966167999347521e-02 3.959172994551372579e+21
1.024279838482855358e-02 4.152341367964407693e+21
1.025328107620962145e-02 4.195555472815198044e+21
1.026184459297238040e-02 4.234286405665453244e+21
1.027142787708379933e-02 4.273232906687016862e+21
1.028309460473656248e-02 4.322487617029503189e+21
1.029039725766969261e-02 4.360037853823622447e+21
1.030424573848422697e-02 4.418681561829063262e+21
1.034699463583585270e-02 4.594767641363951911e+21
1.041201310471871061e-02 4.847060226802957943e+21
1.043432419706747868e-02 4.928255364724565213e+21
1.045711578561956019e-02 5.015981126954640212e+21
1.047993510813565940e-02 5.098867444913118642e+21
1.049243271727058266e-02 5.143961229539000975e+21
1.051638305186538246e-02 5.252059196320307479e+21
1.051882208388589014e-02 5.260731554147652862e+21
1.062811195348468789e-02 5.642113989859619111e+21
1.063718416581395897e-02 5.673569199045870617e+21
1.063977285279696719e-02 5.681713926429993861e+21
1.070275594069763220e-02 5.891853664204109119e+21
1.070721845617770597e-02 5.908527943691673797e+21
1.075354639552530446e-02 6.075756457470927569e+21
1.075639027479380512e-02 6.084465236071134790e+21
1.077378197485538182e-02 6.137704681045893317e+21
1.077434205817550186e-02 6.139366262564074815e+21
1.079173375823708377e-02 6.193793148573366354e+21
1.079229384155720728e-02 6.195558186980654186e+21
1.081043046442124560e-02 6.248477525138376491e+21
1.081502377897753352e-02 6.263754581972078297e+21
1.085145951676737448e-02 6.377847217851172127e+21
1.088866955110842465e-02 6.490409711943755497e+21
1.091281637194264735e-02 6.568090560654215217e+21
1.096900736220381492e-02 6.734235728778482418e+21
1.105324192216972611e-02 6.977536962928335389e+21
1.105812213710187161e-02 6.991145108294018793e+21
1.108370115534495180e-02 7.071173468649792995e+21
1.117134401201776671e-02 7.320048857984792527e+21
1.118502100440678902e-02 7.357238520526792557e+21
1.122757472309531164e-02 7.479738894032381673e+21
1.124092099371442992e-02 7.515587261485595754e+21
1.124374692639994698e-02 7.522548745650836603e+21
1.126585051932358847e-02 7.583006265653883568e+21
1.128648377727555982e-02 7.634016309024061915e+21
1.129936914533718854e-02 7.667100515624554594e+21
1.131887829733288671e-02 7.718168652153742164e+21
1.133101721594678007e-02 7.750939621921015202e+21
1.134136427984110650e-02 7.775757799595195761e+21
1.136246205435306744e-02 7.836627621554761499e+21
1.137602149550759681e-02 7.870441661267814908e+21
1.140388995727916951e-02 7.937472425430516498e+21
1.143929972716306413e-02 8.025487286178844508e+21
1.150064532912379971e-02 8.185978251868843803e+21
1.153796939225947352e-02 8.276026590182247498e+21
1.157420254676253847e-02 8.360804308798570234e+21
1.165066015016535776e-02 8.550653261443247374e+21
1.165834731093337226e-02 8.571044736508262089e+21
1.168093985109405243e-02 8.620480303975250264e+21
1.169636576463221542e-02 8.651106293264787964e+21
1.170197790399484482e-02 8.662168250419907658e+21
1.179598366969505409e-02 8.870089197681260888e+21
1.182789702213340663e-02 8.931375191768714707e+21
1.182804026049640543e-02 8.931401516127856099e+21
1.182827861318833454e-02 8.931683258615370613e+21
1.184798405332085011e-02 8.967550601234969788e+21
1.185018166108860876e-02 8.973595073883188232e+21
1.186065414501830464e-02 8.996124140602921058e+21
1.186285175278606330e-02 9.002326507661687783e+21
1.193440096041136975e-02 9.146160274740653064e+21
1.195321422853387779e-02 9.179432315475158106e+21
1.196609691864289338e-02 9.200743813842238177e+21
1.197832650239070117e-02 9.220957605128237482e+21
1.200017165230056297e-02 9.260435648444105753e+21
1.205665371678441358e-02 9.372348788771333865e+21
1.207909423182138356e-02 9.407045016583691829e+21
1.208475658697919647e-02 9.418648845500898345e+21
1.211373135304500033e-02 9.470433434175642010e+21
1.216183846467425167e-02 9.541913886748686942e+21
1.217639590630690063e-02 9.581070401282106196e+21
1.218043610586470350e-02 9.586910820947141329e+21
1.219499354749735767e-02 9.606960731228693594e+21
1.219903374705516054e-02 9.615067114317042156e+21
1.221359118868782165e-02 9.641488194560508035e+21
1.221713807993333838e-02 9.648085459523617161e+21
1.224914910602661368e-02 9.691423691609594659e+21
1.227943979538416094e-02 9.738271634345087205e+21
1.228330635068053747e-02 9.742862740711773569e+21
1.234208396346468846e-02 9.828235596837928567e+21
1.238499388925563306e-02 9.889787454168106009e+21
1.241391395810392990e-02 9.930815289579085496e+21
1.246734562632674341e-02 1.000033685132751457e+22
1.248914197935242602e-02 1.002406527197757256e+22
1.250207974907541035e-02 1.003759636165770504e+22
1.255010869676284786e-02 1.009139531790329840e+22
1.257368502679308622e-02 1.012459845933997857e+22
1.257519372739671591e-02 1.012611392474397121e+22
1.260292386577749162e-02 1.015516343193091178e+22
1.263343618654732235e-02 1.018528769891497935e+22
1.264630348925470903e-02 1.021629206409050377e+22
1.264914754273554522e-02 1.021809490039788064e+22
1.266471334700063935e-02 1.022998549056119951e+22
1.270688631615910294e-02 1.017784400403709611e+22
1.272156837965122446e-02 1.019015731191469205e+22
1.273081793351733652e-02 1.020105840324211900e+22
1.275763292517378793e-02 1.022419714129138601e+22
1.276377477060018292e-02 1.022763495089894326e+22
1.280333321097981529e-02 1.025465237221447356e+22
1.283517068994463259e-02 1.027850197376185034e+22
1.283750271720474241e-02 1.027998176395897759e+22
1.283981909894925562e-02 1.028119835491576263e+22
1.285207479359630478e-02 1.028627362379016962e+22
1.285498010650898242e-02 1.028761743369750499e+22
1.286783705508763760e-02 1.029289666915872643e+22
1.287657332206828924e-02 1.030067213488593096e+22
1.291776415015248938e-02 1.042895941593382204e+22
1.292593387526474319e-02 1.043967812137263301e+22
1.295408148494689785e-02 1.045545031873548884e+22
1.295696104029811849e-02 1.045622910443139891e+22
1.295836546402214483e-02 1.045670410248652010e+22
1.298188200993998821e-02 1.048172285073670170e+22
1.300704787678337235e-02 1.053774911236952241e+22
1.300888184339506724e-02 1.054693030396310847e+22
1.300904471348178840e-02 1.054694374025706288e+22
1.300972923331026807e-02 1.054845291247366570e+22
1.301170797260599657e-02 1.055846709813107386e+22
1.304663676978332250e-02 1.071349525793157520e+22
1.306230631759370923e-02 1.077342771150713573e+22
1.309611330231611956e-02 1.090778862485282541e+22
1.312106568724403025e-02 1.099663745029580731e+22
1.312919158666199342e-02 1.102500063145036769e+22
1.316100517290860576e-02 1.112274943796738576e+22
1.317776623299642645e-02 1.117177268979073076e+22
1.320972505322462812e-02 1.124657120668901651e+22
1.325573934983854951e-02 1.132430213325457981e+22
1.325574136834653874e-02 1.132429935831593412e+22
1.325574268120666664e-02 1.132431061180348577e+22
1.325574697472831423e-02 1.132430229245017876e+22
1.327213482033997791e-02 1.134450220275341669e+22
1.332504194387551175e-02 1.139241480785696811e+22
1.333148082207054330e-02 1.147969534094103439e+22
1.333480716195985585e-02 1.148055750754917417e+22
1.335293506711929777e-02 1.148160912364178453e+22
1.354724000643075903e-02 1.148841176767002365e+22
1.356693827837489146e-02 1.147993055768070010e+22
1.361472025632372469e-02 1.145958929443436521e+22
1.363572648706688241e-02 1.144725974549362272e+22
1.364770996420098560e-02 1.144077174963672030e+22
1.365969534387068487e-02 1.143270161477927122e+22
1.378769964295110777e-02 1.138492371399258774e+22
1.380311418526525107e-02 1.137742503182205977e+22
1.386949088215119752e-02 1.136156433359367569e+22
1.402485733325909215e-02 1.139885113086039609e+22
1.403360054060673150e-02 1.139087921912993966e+22
1.403852113455218015e-02 1.140225095946785836e+22
1.405916835157103827e-02 1.139688069546768335e+22
1.453147041500153606e-02 1.140803613085040797e+22
1.457812527096512441e-02 1.141340032083535331e+22
1.484417200029812360e-02 1.151843448232030817e+22
1.501002127304180110e-02 1.165191405502150266e+22
1.502075840651827948e-02 1.165684161714261380e+22
1.502956156584384605e-02 1.166039183685662749e+22
1.506823985690526613e-02 1.168797503430233948e+22
1.511647721785938474e-02 1.171200778455362621e+22
1.514843186163719949e-02 1.180272738101253636e+22
1.515476366616523747e-02 1.183807166697192397e+22
1.524959519509990445e-02 1.180867223738450654e+22
1.564866332863150064e-02 1.217991301853275698e+22
1.577082892793008409e-02 1.230004555685265251e+22
1.579183987913070422e-02 1.231883502342506126e+22
1.586680816928674395e-02 1.241166917864638539e+22
1.591996293145591171e-02 1.247213529345007865e+22
1.597052427162734198e-02 1.249663158483084221e+22
1.605015290590502616e-02 1.260985386010331945e+22
1.607674640400375346e-02 1.254641528847005542e+22
1.612465165887566262e-02 1.268461278163207874e+22
1.617021961532459293e-02 1.272985658404210370e+22
1.619773250544612880e-02 1.287485496108042211e+22
1.628668463872077338e-02 1.300455131098874118e+22
1.641111121032117273e-02 1.307847498303553510e+22
1.662242090795321148e-02 1.347631353710449682e+22
1.667425699359494085e-02 1.354479762754827924e+22
1.695284254730738613e-02 1.419342322940993182e+22
1.701537522367711081e-02 1.417439326628584463e+22
1.728326418666156078e-02 1.495373122748751964e+22
1.739990078531277601e-02 1.530703665682050764e+22
1.744347445349201178e-02 1.544785032886745458e+22
1.752064105273456671e-02 1.572167059671528505e+22
1.760368472032246626e-02 1.602955856704249109e+22
1.772743618622174208e-02 1.657464639127329912e+22
1.776389498715292073e-02 1.674756602834432138e+22
1.787602611158296828e-02 1.742828634561657071e+22
1.798172422399404308e-02 1.804466160519490411e+22
1.798738951025988589e-02 1.808893424482675537e+22
1.799335734998391834e-02 1.813377433341370407e+22
1.800278441404083718e-02 1.806031709844819411e+22
1.812284398464151375e-02 1.890038192098952138e+22
1.821088403336686493e-02 1.965893673104818412e+22
1.830728990916462295e-02 2.077924611612186404e+22
1.840708888526191439e-02 2.224926996239605773e+22
1.841148119448083112e-02 2.232233206177197353e+22
1.843849056008978193e-02 2.280898279611945294e+22
1.848500118928635833e-02 2.373776692254484935e+22
1.850420382517659751e-02 2.414709655210224832e+22
1.852003627786861367e-02 2.450029892656417263e+22
1.854063280164947383e-02 2.499769632761044795e+22
1.856051544897055830e-02 2.551712244949595246e+22
1.858097934086061151e-02 2.608098810042457155e+22
1.870466936053767973e-02 3.047338353841676065e+22
1.878545171481045203e-02 3.452999535512958638e+22
1.879157509120882655e-02 3.488798539825342631e+22
1.885184170901025788e-02 3.878888017398489049e+22
1.888930244320674579e-02 4.154232663430767051e+22
1.896951290529274442e-02 4.839009854712493113e+22
1.902145539146099518e-02 5.325751539484890392e+22
1.902312181147607084e-02 5.342869937885057070e+22
1.903156189688220284e-02 5.423459844387756625e+22
1.905188338149132674e-02 5.622825542126087333e+22
1.905642629840226601e-02 5.667839049535917654e+22
1.907149070907330005e-02 5.817087863169079679e+22
1.907662169367050492e-02 5.867222448192056459e+22
1.909346739402293866e-02 6.033575500942525071e+22
1.909850859171767154e-02 6.085701715681137918e+22
1.919506963917064213e-02 7.040680137425409802e+22
1.919530033640685224e-02 7.042686006174068349e+22
1.925568643003505026e-02 7.637871039579870672e+22
1.925783991294680725e-02 7.659013791879320830e+22
1.925797092216617254e-02 7.660282008867699058e+22
1.925804657206795292e-02 7.660995221784120158e+22
1.935482660127938251e-02 8.588427826396164365e+22
1.941555439231657312e-02 9.151449954975119049e+22
1.942528011469198818e-02 9.241995071546325572e+22
1.942968869982650629e-02 9.283354180489594064e+22
1.951318195993917426e-02 1.003987097066699322e+23
1.951974251267616853e-02 1.009917171157551809e+23
1.953565898197476627e-02 1.023975379925863162e+23
1.954454168023116167e-02 1.031999346886798475e+23
1.956045814952978371e-02 1.046211912680459280e+23
1.957003327057935116e-02 1.054577863294031611e+23
1.958608079277144448e-02 1.068622827015921247e+23
1.963123174292162945e-02 1.108089181103672682e+23
1.966194267889621178e-02 1.134752631350581306e+23
1.972451546714591025e-02 1.186478529872556762e+23
1.975862379231583740e-02 1.216484722359425229e+23
1.981133925744530538e-02 1.261932492261026777e+23
1.983811739767405574e-02 1.284715873825597812e+23
1.990466821078047330e-02 1.340351032806634244e+23
1.993116679186021298e-02 1.362436997764119098e+23
1.999245430574377730e-02 1.413019441986883803e+23
2.001429211645190664e-02 1.431059359920740043e+23
2.002541333941702112e-02 1.440078471205401615e+23
2.005140949597922564e-02 1.461243188205044745e+23
2.005389370856547337e-02 1.463291724962788215e+23
2.007289741538799757e-02 1.478887374467328828e+23
2.007538162797424183e-02 1.480989383832510199e+23
2.009438533479675909e-02 1.496447640672908618e+23
2.014651773155219303e-02 1.538455894201393815e+23
2.016263244563384210e-02 1.550387054764165568e+23
2.019657050526670744e-02 1.578778984221172375e+23
2.021453156664920064e-02 1.593213886499362848e+23
2.024911018049057460e-02 1.621048206100658504e+23
2.027107593822465373e-02 1.637210331057643732e+23
2.030333063190436702e-02 1.662891090546596302e+23
2.033467779850163179e-02 1.687682089413877380e+23
2.035740272720585817e-02 1.705865943777344928e+23
2.037951943081546535e-02 1.723240133492017096e+23
2.039925387987154629e-02 1.738766280413131015e+23
2.041585418691980319e-02 1.752025226895209110e+23
2.043558863597587719e-02 1.767438371553619151e+23
2.047109959525661438e-02 1.795123487735747518e+23
2.049393217704593637e-02 1.812673334724001540e+23
2.049513814097679229e-02 1.813615520657290192e+23
2.049651986626421438e-02 1.814697327718401353e+23
2.051231430764748759e-02 1.827104572117843433e+23
2.051611864406039168e-02 1.830117002343560574e+23
2.053335678364897124e-02 1.843476473524857308e+23
2.057240108149077304e-02 1.873452138327578897e+23
2.062346248295454307e-02 1.912849853364855206e+23
2.068286091362510695e-02 1.958834897601635948e+23
2.069697146701039367e-02 1.969772705659129021e+23
2.072555808414014780e-02 1.991545123848575317e+23
2.073157141395627623e-02 1.996235570690652111e+23
2.073665594399357048e-02 1.999960588746657880e+23
2.074233649262858734e-02 2.004322139470462462e+23
2.077754902077727159e-02 2.030799192928431626e+23
2.078272513358528015e-02 2.034718615683891022e+23
2.080088167081600367e-02 2.048283095682319489e+23
2.082306178508306141e-02 2.063697712577845794e+23
2.082721698415057610e-02 2.066781254588916784e+23
2.083961535047280586e-02 2.075995911353213901e+23
2.086203982899543716e-02 2.092728488685117374e+23
2.086521767298609928e-02 2.095089411892199733e+23
2.087186554617754056e-02 2.100134006444264648e+23
2.090082305667730067e-02 2.121794370854819243e+23
2.092011364593087189e-02 2.137040713094201281e+23
2.094352285612746667e-02 2.154479095771296736e+23
2.096433168500327210e-02 2.168806556401863397e+23
2.099448848716968519e-02 2.191096395596651771e+23
2.105769611780736184e-02 2.238357489304299299e+23
2.106169529306781141e-02 2.241297754465029828e+23
2.110832866165594790e-02 2.275637863385382770e+23
2.113578068878876545e-02 2.295471251385034557e+23
2.115372729634594148e-02 2.308607098553392903e+23
2.118307976005932153e-02 2.328726067558973409e+23
2.122014891704530198e-02 2.356418253243394891e+23
2.122174725367808462e-02 2.357581515732369696e+23
2.122253859072020798e-02 2.358113038452818497e+23
2.130782233927267649e-02 2.418960394586810514e+23
2.130865672961099189e-02 2.419533738417418655e+23
2.131287263661677325e-02 2.422525802822308001e+23
2.133072577505493173e-02 2.434936902487437612e+23
2.133268118831070301e-02 2.436398062212009920e+23
2.135053432674885454e-02 2.448976351534716593e+23
2.135248974000462929e-02 2.450289445706303275e+23
2.136689676173886623e-02 2.460407748019052316e+23
2.137536477550372807e-02 2.466495113160383487e+23
2.137832034943281875e-02 2.468543036185403814e+23
2.144918776059454718e-02 2.518828878994349186e+23
2.146279923311423393e-02 2.528138521246049417e+23
2.150116667745579496e-02 2.554733593318258597e+23
2.155043309447633379e-02 2.588215808064385838e+23
2.161818728943169787e-02 2.635539020270961972e+23
2.162871414320570104e-02 2.642722855370727044e+23
2.165268651491017438e-02 2.658787114959140049e+23
2.172254583951985576e-02 2.705909462278451170e+23
2.178718681826884856e-02 2.749747984756199391e+23
2.178872804760411189e-02 2.750791900931788615e+23
2.179584596262762811e-02 2.755350713312393046e+23
2.179707425130143761e-02 2.756075299178654456e+23
2.180370007335420690e-02 2.760489693293485511e+23
2.180687046704011048e-02 2.762566245811777217e+23
2.183131659771793062e-02 2.778751683240843710e+23
2.183801445195727997e-02 2.783233818732167745e+23
2.184073495684555818e-02 2.784962184454536650e+23
2.186011297229778841e-02 2.797863736923080496e+23
2.186152350254407656e-02 2.798830783626053524e+23
2.186424750172143161e-02 2.800577294688808159e+23
2.186651885575372628e-02 2.802082890860361081e+23
2.189018955411088305e-02 2.817631263234297210e+23
2.190468419776435763e-02 2.827024126357477041e+23
2.192495316004215017e-02 2.838721200963333558e+23
2.194223393746023293e-02 2.849813000451406713e+23
2.195323382855808581e-02 2.856994672449725147e+23
2.198304047300688249e-02 2.875930305662967517e+23
2.201099097620354619e-02 2.893921782853501484e+23
2.202380552855725399e-02 2.902486325315852137e+23
2.203940659427382556e-02 2.912575504279776579e+23
2.209896739075264266e-02 2.951395730816302831e+23
2.210854529651914632e-02 2.956465162434662137e+23
2.211699728811817797e-02 2.961708265270792946e+23
2.212854533136964647e-02 2.968879795526132491e+23
2.212972031599694939e-02 2.969490956492711060e+23
2.213657925108741126e-02 2.973806206164383218e+23
2.214294099644667155e-02 2.977618966063971943e+23
2.214408205025781770e-02 2.978286756681087304e+23
2.215619219367278778e-02 2.985937485775733292e+23
2.216623057995565499e-02 2.992016556933389820e+23
2.222672991105365328e-02 3.029310723089524788e+23
2.226236621271948657e-02 3.051897453346944681e+23
2.227017375211353539e-02 3.056753678932765280e+23
2.227915584065124840e-02 3.062066249113396220e+23
2.231688057101989184e-02 3.085325390540350801e+23
2.236041477195199398e-02 3.110919485831481110e+23
2.237311276725010081e-02 3.118669339911965775e+23
2.237614499574974714e-02 3.120494455780420962e+23
2.238793121709932096e-02 3.127383233344555503e+23
2.239814203642271490e-02 3.133591146368156859e+23
2.240293079655983691e-02 3.136487040220377351e+23
2.241384599857383988e-02 3.142787316607296209e+23
2.241863475871096537e-02 3.145786667305654068e+23
2.242737059570337407e-02 3.151775879560428394e+23
2.242958213624221889e-02 3.153084215050208836e+23
2.243616212158035597e-02 3.156772378982684840e+23
2.243760836901860511e-02 3.157585870670414175e+23
2.253355581781881639e-02 3.213141969028493156e+23
2.253660408564649859e-02 3.214840633114882663e+23
2.256304084606877008e-02 3.230120524717910697e+23
2.258967588567984200e-02 3.245291091074320863e+23
2.268771292816145271e-02 3.302527737894970621e+23
2.269096121111312606e-02 3.304300943303150446e+23
2.273110730484844896e-02 3.326807392104540327e+23
2.274174340234107541e-02 3.331473743309964438e+23
2.284187003850409250e-02 3.386701076713291928e+23
2.284188236969180927e-02 3.386710097688582464e+23
2.284192908296830971e-02 3.386748698993882584e+23
2.286164897270331550e-02 3.397316952613335377e+23
2.286170429979805796e-02 3.397360876556222474e+23
2.289606182712049590e-02 3.415644243236945018e+23
2.289627233960786490e-02 3.415729561879799168e+23
2.289649472720194090e-02 3.415726174298062864e+23
2.300835629594819368e-02 3.478549768785426194e+23
2.301507330682120087e-02 3.484967745925572534e+23
2.310523374622736395e-02 3.566184549641686530e+23
2.312111396343658615e-02 3.579743777576545126e+23
2.322904493160756964e-02 3.650765552097462353e+23
2.324456251318310698e-02 3.658829353614385160e+23
2.331423332488022013e-02 3.687554487196189972e+23
2.334573319967123139e-02 3.698976924794489678e+23
2.344973356726693173e-02 3.724958859130439268e+23
2.345807269816188589e-02 3.726534509259226811e+23
2.348619516376602295e-02 3.730679504376698021e+23
2.353405699173176727e-02 3.737375521768555120e+23
2.353622253518070431e-02 3.737620863740778696e+23
2.353904741094794625e-02 3.738040841888616856e+23
2.354950967885368132e-02 3.739341998266489284e+23
2.370428400934462485e-02 3.751774860587692227e+23
2.383994141042340698e-02 3.759377241046485094e+23
2.389014586022634307e-02 3.762408502913310571e+23
2.390168667304208919e-02 3.764792596480837896e+23
2.391201932394431545e-02 3.763943214417011509e+23
2.393302656505303522e-02 3.765110882757359635e+23
2.402077841170294562e-02 3.770499209951496079e+23
2.405617414376013535e-02 3.772698880241815677e+23
2.409908933673953965e-02 3.776160145252512621e+23
2.415986354636176850e-02 3.781077445994476470e+23
2.437152316393773749e-02 3.804449599636556627e+23
2.444334146500197480e-02 3.811402243921174866e+23
2.460854036175945392e-02 3.834363081437504329e+23
2.463530913849492146e-02 3.838146069361251792e+23
2.483848529221177256e-02 3.870491780011701767e+23
2.483950083350136562e-02 3.870805914055211924e+23
2.486466502739506299e-02 3.877126444362899359e+23
2.504713377702470073e-02 3.914237199794983949e+23
2.506843022266409815e-02 3.918309809470542394e+23
2.527747954397156077e-02 3.969906181741526122e+23
2.529837515311642027e-02 3.975047057745363222e+23
2.551740257417240212e-02 4.040289496836747853e+23
2.558267809253800956e-02 4.061466324812358715e+23
2.585442999569037559e-02 4.158355914719888744e+23
2.587220092874139427e-02 4.165120463141525699e+23
2.619145741720833517e-02 4.304539206950066743e+23
2.621136818071395647e-02 4.315100055312926811e+23
2.624337675473052342e-02 4.330854644020795272e+23
2.659138079357181716e-02 4.526569809823893689e+23
2.666178489205862576e-02 4.574353591027760020e+23
2.672318717454630344e-02 4.614823815297283171e+23
2.680397300692324847e-02 4.672421167620588600e+23
2.687141145576472934e-02 4.724998799683565388e+23
2.715267171648814981e-02 4.988303028602866531e+23
2.723500616837864347e-02 5.080829996530390710e+23
2.732698835648781840e-02 5.189012084349094624e+23
2.755023725091516190e-02 5.519680621279256584e+23
2.765416208885110999e-02 5.706851479662505230e+23
2.792761987638825785e-02 6.339398365308998732e+23
2.803186396333322630e-02 6.667510818220188002e+23
2.807359538326655371e-02 6.810863089745413328e+23
2.808488132028237952e-02 6.854572986437981039e+23
2.810021766587997294e-02 6.914142373466851739e+23
2.815603317039986134e-02 7.144696467605374852e+23
2.817673788660841547e-02 7.236167015583313528e+23
2.827381476634957536e-02 7.735627369209592786e+23
2.831304900764033960e-02 7.976240909402566285e+23
2.843664676232222216e-02 8.913685616246975302e+23
2.844371598619398547e-02 8.978616664783108052e+23
2.845412301924735501e-02 9.077699915301427001e+23
2.853869347432589840e-02 9.996034490893629171e+23
2.856221345226388555e-02 1.030396887464139093e+24
2.862000403697544451e-02 1.116762504574465701e+24
2.875312891335497431e-02 1.395664943093336007e+24
2.876153737915936037e-02 1.417837556482770754e+24
2.880832782051780463e-02 1.553388125281183437e+24
2.881439166764312304e-02 1.572716683589785315e+24
2.883348543744028783e-02 1.635338383691224539e+24
2.884785857965492181e-02 1.685292197201805784e+24
2.885390937503183595e-02 1.706628060846149794e+24
2.887873664058654768e-02 1.798984080191202043e+24
2.891236009867658580e-02 1.933435897174278355e+24
2.898155948636059465e-02 2.243530806452286197e+24
2.898435801326610523e-02 2.256482135315249778e+24
2.898500312450019711e-02 2.259589389201457847e+24
2.898592402119243294e-02 2.263978999025066117e+24
2.899125391164985785e-02 2.289206221106854115e+24
2.899397424099686010e-02 2.302907421112195879e+24
2.899712218524728644e-02 2.318349616529630709e+24
2.900272180155355484e-02 2.345029624817877439e+24
2.901718464203707423e-02 2.415378662378773529e+24
2.906232379488764977e-02 2.641387644042396157e+24
2.908816361541621126e-02 2.774109948077033218e+24
2.909448158765700482e-02 2.806576410709385443e+24
2.912652016049750367e-02 2.972478457774645728e+24
2.913285679138736400e-02 3.005565289302334829e+24
2.913912774654695698e-02 3.037877180659290411e+24
2.917054496236849703e-02 3.200873570897072002e+24
2.919170446107273442e-02 3.310513978779072062e+24
2.921539625751278652e-02 3.432320790398953966e+24
2.921781082586209083e-02 3.444785897819006682e+24
2.922436422685243188e-02 3.478257349059184654e+24
2.925569709181615255e-02 3.637940710673961556e+24
2.926298490433012697e-02 3.675037004391005645e+24
2.927341671930147951e-02 3.727810484309855499e+24
2.930815246924112216e-02 3.902648982099008369e+24
2.933174928397938586e-02 4.019948867558410904e+24
2.939372610348011880e-02 4.324681447868584555e+24
2.941634889463890304e-02 4.434545429836702918e+24
2.944755128905993807e-02 4.585503409421393632e+24
2.948527601632824902e-02 4.766836870236878118e+24
2.952446730263010716e-02 4.953248470368323730e+24
2.956512023001891046e-02 5.145558761132621415e+24
2.958695010887875398e-02 5.247536254453398630e+24
2.959763674454440538e-02 5.297464840813193049e+24
2.961721607178756377e-02 5.389040039661073045e+24
2.962790270745322210e-02 5.438905652157785475e+24
2.964748203469637355e-02 5.529882638805108617e+24
2.965816867036203536e-02 5.579506967256094164e+24
2.970985464234507378e-02 5.818748627542317289e+24
2.973122058402159415e-02 5.917313761755024859e+24
2.976947419491149383e-02 6.093498866876534405e+24
2.978908137284027105e-02 6.183609200067344645e+24
2.985529476441212832e-02 6.485931230350861949e+24
2.988407695148445967e-02 6.616977971518450728e+24
2.990593562967788430e-02 6.716468585270546534e+24
2.991999407531852756e-02 6.780029879195818005e+24
2.999999505753821877e-02 7.141538681360993590e+24
3.003693331894734600e-02 7.308894316402340931e+24
3.003925440599973865e-02 7.319089482698968348e+24
3.004312107284850750e-02 7.336222306860929567e+24
3.004544215990090361e-02 7.346649557065141037e+24
3.004930882674968287e-02 7.364287459864805431e+24
3.005162991380207552e-02 7.374639997047002236e+24
3.005829289044901695e-02 7.404829870870280551e+24
3.007582791742182196e-02 7.483593224170943537e+24
3.011181264727544327e-02 7.645419116659667471e+24
3.015874856777743876e-02 7.856153198397467912e+24
3.019571347716315871e-02 8.021704214680676684e+24
3.021681462672469454e-02 8.116137095849985257e+24
3.025173607456176431e-02 8.271810318908229817e+24
3.027162336620890098e-02 8.360542494267070902e+24
3.032109846652435853e-02 8.581183614981563677e+24
3.034650869898377831e-02 8.694448922722966750e+24
3.035319074320813951e-02 8.724708709109225602e+24
3.035522124821634152e-02 8.733726954213133567e+24
3.038449816464035627e-02 8.863457045119452473e+24
3.038764549940183371e-02 8.877762678799128737e+24
3.039540521636460366e-02 8.912451598792554898e+24
3.044765176739943485e-02 9.144327617834990663e+24
3.045294106990127994e-02 9.168254516307499403e+24
3.045835410894605008e-02 9.192361141169225229e+24
3.047204162894049523e-02 9.253125172736051659e+24
3.051705463157506487e-02 9.452924930722383408e+24
3.052907008849858536e-02 9.505996291319803779e+24
3.054979014385264882e-02 9.597931256214358139e+24
3.055795287447755568e-02 9.634148494903953209e+24
3.059886365144302497e-02 9.815607369033649716e+24
3.060697059360467306e-02 9.851651564813308303e+24
3.061222479090832879e-02 9.874794871801101549e+24
3.061581773425905637e-02 9.890710260029857636e+24
3.070435944458411656e-02 1.028255982461790445e+25
3.072605268425553440e-02 1.037888793423165265e+25
3.074242365327964008e-02 1.045129366201604954e+25
3.076806678200067618e-02 1.056459366390816977e+25
3.077773684602023302e-02 1.060721186249022134e+25
3.079804048560379551e-02 1.069705501273570811e+25
3.087262251565095483e-02 1.102700179087243654e+25
3.091270839264056297e-02 1.120407035198514947e+25
3.092107182613644534e-02 1.124103188004189662e+25
3.092207217594751187e-02 1.124525612239387258e+25
3.093616956119999914e-02 1.130726047580661790e+25
3.096707759983750863e-02 1.144373049786239342e+25
3.098491051599781831e-02 1.152248670594945440e+25
3.098857925261115989e-02 1.153866569946565384e+25
3.100641216877147999e-02 1.161740098207806062e+25
3.101500311573375523e-02 1.165537162710656810e+25
3.102966265378947347e-02 1.172033401009133729e+25
3.106285501946410774e-02 1.186679146597456662e+25
3.108133565966300638e-02 1.194861556409230324e+25
3.109738750939504762e-02 1.201866477958633916e+25
3.112190571868065150e-02 1.212744167449031489e+25
3.113042095428242978e-02 1.216501456891422766e+25
3.114153006970654669e-02 1.221399332639215885e+25
3.118418300454446623e-02 1.240227100291363780e+25
3.120139094649014566e-02 1.247829670425241563e+25
3.122303102397994135e-02 1.257315047920416670e+25
3.125333350300278645e-02 1.270729842316991538e+25
3.127000913157795131e-02 1.278079112059077788e+25
3.129421144784274439e-02 1.288781686701447828e+25
3.132173937322334234e-02 1.300920711610823740e+25
3.132461117291353292e-02 1.302179305915526336e+25
3.132941186481397189e-02 1.304313987803475451e+25
3.135037213191005367e-02 1.313556333657212627e+25
3.135517282381048570e-02 1.315689682149762503e+25
3.137613309090658137e-02 1.324936314280558139e+25
3.138093378280701340e-02 1.327036924228247348e+25
3.143540351092154878e-02 1.351041789024022524e+25
3.145715067444656426e-02 1.360646739076599216e+25
3.146272129689565294e-02 1.363124479645226519e+25
3.152513977325332312e-02 1.390687504127041936e+25
3.155858528904002813e-02 1.405532453246743241e+25
3.160124598650214389e-02 1.424340600262084232e+25
3.164372719635824560e-02 1.443164494611932019e+25
3.167485196137839049e-02 1.456867629498886037e+25
3.173593872011822026e-02 1.483856365900723552e+25
3.174534129855770964e-02 1.488046934901232278e+25
3.175059076289555443e-02 1.490383992927840996e+25
3.177601768568315971e-02 1.501668883287901561e+25
3.178126715002100450e-02 1.503992827245256193e+25
3.180669407280860284e-02 1.515296807093296732e+25
3.181194353714644762e-02 1.517603927858894127e+25
3.187668200845960448e-02 1.546258760774968130e+25
3.187845811260468787e-02 1.547069671529778312e+25
3.189840595800090550e-02 1.555859625112811479e+25
3.194451779551551324e-02 1.576367208484450470e+25
3.195674759009923399e-02 1.581813438694072085e+25
3.202559853788268518e-02 1.612374650607655134e+25
3.204730524655990259e-02 1.622074297227614199e+25
3.208308051099562769e-02 1.638044653808742005e+25
3.214932985027787321e-02 1.667678430657126491e+25
3.217370414706590548e-02 1.678609444826063618e+25
3.217805176397380701e-02 1.680560224925668866e+25
3.219376060350586516e-02 1.687599796034357031e+25
3.219810822041378057e-02 1.689558837589369797e+25
3.221381705994583178e-02 1.696639151440879015e+25
3.221816467685374719e-02 1.698571101233706142e+25
3.226431963947461873e-02 1.719411650149514007e+25
3.231390441366950583e-02 1.741881142063012617e+25
3.231902554607320177e-02 1.744163465630805658e+25
3.233397727736303517e-02 1.751028023306532964e+25
3.235828719511046198e-02 1.762106183673652156e+25
3.236710782543218007e-02 1.766163100520071316e+25
3.241419942832078627e-02 1.787801646325068350e+25
3.244174100885444806e-02 1.800736983426951567e+25
3.245872239622515920e-02 1.808725388045512556e+25
3.250398501658258166e-02 1.830405328724525736e+25
3.251079655129394952e-02 1.833747444171930106e+25
3.252846747934290406e-02 1.842468824253626459e+25
3.256898928626893869e-02 1.863025442260260800e+25
3.257019303343046401e-02 1.863582135766567206e+25
3.259798269327520565e-02 1.878540366306607493e+25
3.260234066821984800e-02 1.880941063060838882e+25
3.262751582471651313e-02 1.895078141995170750e+25
3.264863393295576455e-02 1.907665178753538371e+25
3.266522735385851695e-02 1.918135269193451711e+25
3.267435241859499573e-02 1.924036845097570521e+25
3.270570469365265132e-02 1.945977573100635497e+25
3.272535532371349115e-02 1.961023690163567806e+25
3.274136116210257796e-02 1.974359497022920168e+25
3.276989355097496837e-02 2.000809227159990763e+25
3.283176500681680987e-02 2.074250484260909788e+25
3.285887361883060853e-02 2.115993485380980222e+25
3.289888422604129309e-02 2.191047569642904945e+25
3.290058620744327339e-02 2.194689561867904349e+25
3.290674655831699741e-02 2.207990292197810522e+25
3.300807643339397079e-02 2.481349494570516334e+25
3.302631570325333804e-02 2.535978295213011602e+25
3.305179608862363755e-02 2.612564755692893279e+25
3.307219994872691998e-02 2.673087120251297492e+25
3.307941556074741468e-02 2.694068257407799146e+25
3.310145190317462238e-02 2.757264547362190438e+25
3.312702032015409082e-02 2.828103133122599991e+25
3.313654178840429870e-02 2.853732537753144308e+25
3.316663527204653794e-02 2.932081657467758034e+25
3.318195587309385325e-02 2.970344674292982690e+25
3.321652883240822779e-02 3.053100103054041596e+25
3.323518794862873049e-02 3.095593403831986109e+25
3.324913655933749851e-02 3.126803118060267976e+25
3.326245984301307718e-02 3.156284484178199154e+25
3.329641259536701703e-02 3.228165587566806081e+25
3.332041481244842063e-02 3.278014905174095192e+25
3.333132272431536119e-02 3.299860768476422856e+25
3.333494993023784075e-02 3.307083315350141261e+25
3.334005463118407120e-02 3.317041493241806706e+25
3.334148070463280322e-02 3.319797423947978318e+25
3.334558321517862994e-02 3.327925626781545698e+25
3.334684302844348469e-02 3.330493003236475947e+25
3.342057090814402193e-02 3.468669796754234653e+25
3.342612910533865334e-02 3.478669623070180605e+25
3.342780361615926149e-02 3.481548104603237869e+25
3.343208519215008778e-02 3.489339754312733697e+25
3.343916218400584672e-02 3.501758206521586856e+25
3.346452955048442174e-02 3.545848191178708634e+25
3.346873134841544389e-02 3.552906546042410814e+25
3.347243355503209949e-02 3.559295586058802045e+25
3.350937829580073052e-02 3.619362950877864433e+25
3.357840253987121049e-02 3.722083696141487334e+25
3.359245280259384042e-02 3.742494447063666979e+25
3.361164555131495452e-02 3.768550772525776192e+25
3.365581732751283389e-02 3.824296274843134432e+25
3.369227552925802699e-02 3.867001308067803557e+25
3.370606217605161270e-02 3.882256500306933322e+25
3.371920839740378401e-02 3.896348949268524584e+25
3.372859060588527524e-02 3.906241029291880742e+25
3.373664273192159002e-02 3.914511002180387157e+25
3.376132224800544590e-02 3.938509463022700491e+25
3.380482872957524948e-02 3.978971565486944685e+25
3.381320681450367821e-02 3.986381695745778102e+25
3.382037142501091720e-02 3.992280121349458622e+25
3.383303423762942796e-02 4.003146274419508566e+25
3.384785409528000277e-02 4.015007884982930207e+25
3.385730897888150626e-02 4.022143205612506575e+25
3.389222989962843019e-02 4.047804002530287643e+25
3.390625742185069541e-02 4.057717512546743067e+25
3.391397302942449760e-02 4.063014578121670890e+25
3.392791362845636038e-02 4.072106606848151702e+25
3.393574121226702878e-02 4.077121133277448869e+25
3.396698735591872909e-02 4.096138995789845905e+25
3.399414937489837057e-02 4.111631897753849251e+25
3.400405684631157416e-02 4.116284762796731226e+25
3.400441888770378007e-02 4.116734881380909517e+25
3.401459106702259955e-02 4.122363387933460207e+25
3.401812111675845546e-02 4.124210683197961580e+25
3.403956550305631268e-02 4.135053811018026949e+25
3.404302355423118737e-02 4.136723196901918698e+25
3.410208634183239246e-02 4.163816159588268082e+25
3.410728916669845262e-02 4.165865229425736063e+25
3.411476176166102631e-02 4.168947086318081919e+25
3.414909058064281161e-02 4.181464964342468682e+25
3.422010683121384095e-02 4.203494845884384664e+25
3.422767919905977257e-02 4.205527498753560952e+25
3.423511643981846236e-02 4.207235818729818465e+25
3.425515760705444279e-02 4.212824531382921908e+25
3.434359726839045918e-02 4.229706460204917299e+25
3.434806923142109253e-02 4.230333080861346409e+25
3.435145455726684727e-02 4.230826493760870001e+25
3.435478250377109466e-02 4.231013190182221742e+25
3.435825876585649891e-02 4.231546918979198053e+25
3.436152257373104729e-02 4.232193911107976186e+25
3.445260932974236051e-02 4.240871473743759507e+25
3.445291752018767722e-02 4.240758332458836713e+25
3.445610477785766151e-02 4.240585656812404329e+25
3.447183009288974642e-02 4.241254911203282745e+25
3.447913407875426856e-02 4.241187745665486749e+25
3.455251237985172003e-02 4.239935441667806527e+25
3.455937132695208192e-02 4.239558707956550723e+25
3.457946150063960500e-02 4.238907578193097525e+25
3.461173358515672732e-02 4.235803151557635672e+25
3.465195908395638652e-02 4.230310840507758339e+25
3.465922629904673313e-02 4.229527182830171673e+25
3.467009393117241600e-02 4.227603064822521462e+25
3.467736114626276261e-02 4.226425091069326275e+25
3.472239421379759439e-02 4.217813950881117298e+25
3.474905153692198212e-02 4.212154268558370350e+25
3.476892072422789470e-02 4.207094392454216393e+25
3.478310798840123647e-02 4.203128212157761020e+25
3.484343875057183126e-02 4.183964042697678690e+25
3.485548456980078896e-02 4.179536020818204471e+25
3.488274662684021782e-02 4.169370607215710813e+25
3.488885483053971726e-02 4.167182175260794764e+25
3.496127354605838011e-02 4.135508944837521670e+25
3.496191760267960275e-02 4.134935466121975539e+25
3.496217443091836213e-02 4.134665633351893963e+25
3.497908862764723126e-02 4.126148680856231167e+25
3.497934545588598371e-02 4.126337618499539825e+25
3.499625965261484589e-02 4.117297072314052284e+25
3.507832400986458238e-02 4.069167186277109418e+25
3.507840135635213741e-02 4.069082962743294203e+25
3.509004580220866087e-02 4.061198892026543892e+25
3.509989942827415610e-02 4.054571827863451047e+25
3.510082203194277856e-02 4.053738448270396887e+25
3.519690178954822113e-02 3.978044468175336095e+25
3.519755578259665257e-02 3.977393054742329081e+25
3.520335364402053802e-02 3.972531184294460368e+25
3.524148731046516936e-02 3.937338160501493603e+25
3.524486276151543585e-02 3.933927984822546611e+25
3.524694849343778386e-02 3.931884571203618995e+25
3.524847975084764024e-02 3.930421359315302172e+25
3.524889672312182809e-02 3.930049996411068054e+25
3.525259433403342413e-02 3.926300110959979625e+25
3.530761105876795147e-02 3.868205671262842723e+25
3.530954243081386307e-02 3.866039086130142919e+25
3.531199422265084154e-02 3.863574967724493075e+25
3.531543066144868931e-02 3.859619024717429229e+25
3.531620151249758449e-02 3.858787034994055544e+25
3.533700915449738272e-02 3.834215493441039624e+25
3.537361292688442210e-02 3.788950959628084874e+25
3.538271855001932226e-02 3.777194150040177756e+25
3.539100301467274640e-02 3.766246660264679138e+25
3.539281512705353544e-02 3.763654253399246894e+25
3.541144052180535823e-02 3.738698720376203467e+25
3.541924615702488066e-02 3.727884694844950963e+25
3.541988673404407317e-02 3.726932959144864918e+25
3.542400173345803399e-02 3.721097565359793366e+25
3.544318139072264590e-02 3.693271990346295244e+25
3.552322854719924816e-02 3.568327179699682104e+25
3.553240253984348701e-02 3.552698424045986506e+25
3.554173690287389109e-02 3.536863761943611969e+25
3.559714096477577944e-02 3.438351648820416578e+25
3.562721093737360872e-02 3.382050388056435801e+25
3.563325673561643092e-02 3.370525858426946438e+25
3.563920873860766669e-02 3.359020274966321161e+25
3.564630416821421705e-02 3.345315609331156312e+25
3.565604856542949064e-02 3.326297241421725392e+25
3.570108097306158579e-02 3.235120370134489317e+25
3.571314495750355783e-02 3.209592907870408091e+25
3.573146071143568775e-02 3.170969269527724065e+25
3.573850356849808674e-02 3.155985925272050441e+25
3.579053243416613350e-02 3.037861045892305186e+25
3.579541712750015231e-02 3.026474414825557551e+25
3.581835350544562008e-02 2.970832174576896944e+25
3.582095857156668284e-02 2.964231251558491859e+25
3.586936119752279217e-02 2.838848960119421153e+25
3.587736426362910652e-02 2.817093604987681754e+25
3.587763113011868676e-02 2.816243855164607674e+25
3.589558983002844039e-02 2.766102339038291408e+25
3.589586450336156032e-02 2.765511969002833596e+25
3.589644588357852190e-02 2.763598635406449854e+25
3.594435329803934848e-02 2.624422529905119981e+25
3.595037575386387380e-02 2.606439822434583323e+25
3.595693045726694459e-02 2.586687736770144338e+25
3.597529352194004520e-02 2.531374205665651095e+25
3.598033739645427331e-02 2.516119023705332411e+25
3.599529086020732127e-02 2.471733079387732519e+25
3.603670477559674235e-02 2.349983961792338300e+25
3.604047141358501100e-02 2.339480473940514654e+25
3.605729070285125515e-02 2.294278014586963907e+25
3.608833995360908459e-02 2.219010509840948734e+25
3.609434292937609146e-02 2.205724158923085836e+25
3.610219452139232232e-02 2.189003713352183863e+25
3.610551300321502427e-02 2.182083176998782685e+25
3.611297478284244966e-02 2.167150864545129347e+25
3.613238879857201546e-02 2.131053253523199264e+25
3.614185395500808806e-02 2.114849643349658440e+25
3.614437999471101920e-02 2.110619166668803250e+25
3.621657747302119146e-02 2.014903746408143687e+25
3.622102990587300342e-02 2.010136757606534309e+25
3.622805673736551046e-02 2.002911823749892273e+25
3.623465323786938252e-02 1.996448897355589059e+25
3.623745534633487225e-02 1.993715868720529388e+25
3.624639379679188422e-02 1.985402238317438634e+25
3.627763131484945669e-02 1.958819122165754477e+25
3.631270510055140122e-02 1.932886212991521950e+25
3.632596062368449036e-02 1.923922235094477586e+25
3.633557108952972792e-02 1.917667292059471310e+25
3.634711095299374140e-02 1.910358641589672129e+25
3.641043488824398378e-02 1.873987196011765675e+25
3.641200038136644529e-02 1.873122523400320510e+25
3.641334729676946880e-02 1.872349203704755568e+25
3.641463293187056222e-02 1.871685643017460563e+25
3.641667646703165839e-02 1.870546463132568329e+25
3.647851859029139360e-02 1.838904723590436937e+25
3.648775760141739072e-02 1.834377901799712429e+25
3.650696774869337941e-02 1.825058944009358706e+25
3.653839991202662701e-02 1.810095079074910481e+25
3.656243476731287773e-02 1.798802672177633699e+25
3.663037229613988477e-02 1.767363480577262319e+25
3.663344542302413021e-02 1.765967447853129325e+25
3.666627784828342673e-02 1.751037581988746671e+25
3.668860516554361267e-02 1.740879629715346929e+25
3.668965521248594708e-02 1.740366119433951404e+25
3.670304932429228895e-02 1.734349521938599472e+25
3.672136790393359246e-02 1.726028928499158528e+25
3.675208407734310845e-02 1.712216250664465569e+25
3.678868069944516567e-02 1.695797870400531539e+25
3.679228517687277433e-02 1.694174478356842241e+25
3.680734894727165363e-02 1.687361587231520703e+25
3.681095342469926923e-02 1.685775430948245694e+25
3.682601719509817628e-02 1.679045869341746612e+25
3.690260009490573673e-02 1.644735852857281454e+25
3.691487728788771933e-02 1.639243692077129579e+25
3.695360662848085759e-02 1.621965055086115582e+25
3.696195842782455665e-02 1.618305084878972544e+25
3.703599688050392830e-02 1.585277371432280387e+25
3.704594464430753520e-02 1.580857169508943929e+25
3.708965518502009562e-02 1.561449616503819124e+25
3.709789966055092314e-02 1.557789203240156201e+25
3.716891875792095040e-02 1.526236029432827980e+25
3.717701200072733719e-02 1.522635844433959517e+25
3.718049840190786048e-02 1.521095991525702991e+25
3.720124621199312476e-02 1.511956916883513661e+25
3.720473261317364805e-02 1.510299377741168100e+25
3.722548042325888457e-02 1.501124679094408819e+25
3.724914664579936224e-02 1.490591717160464557e+25
3.725616178558817382e-02 1.487483411810582525e+25
3.727085925205236155e-02 1.481022409986747433e+25
3.730979835495926850e-02 1.463877140169959921e+25
3.739430524649284271e-02 1.426454920991869615e+25
3.740071156414986192e-02 1.423643329608559361e+25
3.740910384266422223e-02 1.419872380465417404e+25
3.743581299286426883e-02 1.408118158355375509e+25
3.747157222122792647e-02 1.392256293486679904e+25
3.747396076799516806e-02 1.391194995847392795e+25
3.755501759549363661e-02 1.355519987818370834e+25
3.758051441789134889e-02 1.344226833477111512e+25
3.761540356517135975e-02 1.328730460341247939e+25
3.761627680888388059e-02 1.328368891111394543e+25
3.762992073061161014e-02 1.322313936612497252e+25
3.764293797519293466e-02 1.316575804275902667e+25
3.764403627319133638e-02 1.316126389158780858e+25
3.766881493366028982e-02 1.305273143892074738e+25
3.766930192841992653e-02 1.305095386823787253e+25
3.769608035651460243e-02 1.293236388243715423e+25
3.769817107697161912e-02 1.292304928628958886e+25
3.770170809523270411e-02 1.290769934154825111e+25
3.770268133919264797e-02 1.290313487492586827e+25
3.774219051470576597e-02 1.272966119412841917e+25
3.776547777516362642e-02 1.262614193337363355e+25
3.782315472025830905e-02 1.237199984903194229e+25
3.782765846440198226e-02 1.235217326317634682e+25
3.785294376376658471e-02 1.224083296375931751e+25
3.787925564922160065e-02 1.212512073710869021e+25
3.789122960277273300e-02 1.207169529612089366e+25
3.792829614754449769e-02 1.190801787321704803e+25
3.794540164038200797e-02 1.183235734847165238e+25
3.798871617362898495e-02 1.164107127233166017e+25
3.799153334141783245e-02 1.162834762344124590e+25
3.800468190620457515e-02 1.157108506450801840e+25
3.807186919660518476e-02 1.127327228548755128e+25
3.807665639308287220e-02 1.125246858626099547e+25
3.809784120471389202e-02 1.115924680862624011e+25
3.809995438033461634e-02 1.114967856537356560e+25
3.812113919196564310e-02 1.105614325424139173e+25
3.812325236758635355e-02 1.104698789866448602e+25
3.813567330102622666e-02 1.099208060740838281e+25
3.820473576142847938e-02 1.068671275964351519e+25
3.824496831802966929e-02 1.050874334890825297e+25
3.826829771906362782e-02 1.040505534939135060e+25
3.834065475246106053e-02 1.008563200181043844e+25
3.834093690983767649e-02 1.008386326203659357e+25
3.834101729944650733e-02 1.008358830808147257e+25
3.840767813485685550e-02 9.788727753258868578e+24
3.841976572204407886e-02 9.735237723346038359e+24
3.846263197274833734e-02 9.544986260132718554e+24
3.847551601944646654e-02 9.487456296779809915e+24
3.849678289752339611e-02 9.392806961079500382e+24
3.850966694422153919e-02 9.336103226738430850e+24
3.853093382229848263e-02 9.241679941492553737e+24
3.853855972980732569e-02 9.207990194671666858e+24
3.853970473592025631e-02 9.202812755866769601e+24
3.857481583044732737e-02 9.047051846799098374e+24
3.858150033668458767e-02 9.017287946744463857e+24
3.858565894871146540e-02 8.998452464228006390e+24
3.865637006588391877e-02 8.684058975918160523e+24
3.873212053157187168e-02 8.345807260494831446e+24
3.873954872607747457e-02 8.312854525748966368e+24
3.879019004321916653e-02 8.086560892060178395e+24
3.882427952365822416e-02 7.933872371855551103e+24
3.888274072645916263e-02 7.671460399854689811e+24
3.890143365665563180e-02 7.587569843690007857e+24
3.898057909644900287e-02 7.231875501272678269e+24
3.899195352306446954e-02 7.179987085864944584e+24
3.899247661918241875e-02 7.177663734944134597e+24
3.899296551248540577e-02 7.175219107405882330e+24
3.899405010790239767e-02 7.169963869908555744e+24
3.899781027571368880e-02 7.153378125777609949e+24
3.901024608714602493e-02 7.097627629837625607e+24
3.901532269329640451e-02 7.074813265233649789e+24
3.902178068754500601e-02 7.045843867712895656e+24
3.902685729369538559e-02 7.023020373398973195e+24
3.907623253508809430e-02 6.798026072847201279e+24
3.914963011060277470e-02 6.465073425951008039e+24
3.915919290216885590e-02 6.421390444600548403e+24
3.918974509223949187e-02 6.281971551452874452e+24
3.921578600588804253e-02 6.162850728379467780e+24
3.930289915359740094e-02 5.761109148564266513e+24
3.930811892980926037e-02 5.737245589185045998e+24
3.935263289078357735e-02 5.530705693289241016e+24
3.936241632300525178e-02 5.485166455811645442e+24
3.945616819659202718e-02 5.045529261186567287e+24
3.947695018604027023e-02 4.947652524322173435e+24
3.947729147437778474e-02 4.945842653658323228e+24
3.949807346382605555e-02 4.846808274937629330e+24
3.949841475216355619e-02 4.845304264721578974e+24
3.950202611813379699e-02 4.828198753333464671e+24
3.951804358632342307e-02 4.751967340148179631e+24
3.955161399217255180e-02 4.590715225378005717e+24
3.958964501900866240e-02 4.405971067740310638e+24
3.959369404506462436e-02 4.386365054592539112e+24
3.964201576392940851e-02 4.149884058958595069e+24
3.965528065966677368e-02 4.083459004669907972e+24
3.969990771039826061e-02 3.862218097835569310e+24
3.971569600692829299e-02 3.782569829464036524e+24
3.976471578304604376e-02 3.534049295568006478e+24
3.978464067081011191e-02 3.431838120148015298e+24
3.981017040178785188e-02 3.299823454930004798e+24
3.982325052739706106e-02 3.232259269007238047e+24
3.984392365712480927e-02 3.124884480161653140e+24
3.985311967734314620e-02 3.077264919653194249e+24
3.987251451637619654e-02 2.976157430777075787e+24
3.990081146547289070e-02 2.829881627885971500e+24
3.990963575965032761e-02 2.783877173772970212e+24
3.993123668191442266e-02 2.672841073655238967e+24
3.994932445209043587e-02 2.580631572776004365e+24
3.995450550987919569e-02 2.554203853495411359e+24
3.995795540469765372e-02 2.536969882309399539e+24
3.997808817497786049e-02 2.436229253715590958e+24
4.002842026576249046e-02 2.194562021374037879e+24
4.003024995816494708e-02 2.186395659727425650e+24
4.004761536205218159e-02 2.106196381765382965e+24
4.005309812071349701e-02 2.081310281229566210e+24
4.005719011967514426e-02 2.063341975987863893e+24
4.005835929189277556e-02 2.058161821605142492e+24
4.007965556315355032e-02 1.965851601270391653e+24
4.010241213201232863e-02 1.871397239180290400e+24
4.015362408052534915e-02 1.678273422657393640e+24
4.016102207501802412e-02 1.652741653780588508e+24
4.016595165796954525e-02 1.635718737627979218e+24
4.018224069813227523e-02 1.582056402493923951e+24
4.018448157763132578e-02 1.574741339423931743e+24
4.020073496804444507e-02 1.523849309889004407e+24
4.020505891751356697e-02 1.510810788604786002e+24
4.023262751149658117e-02 1.431914211774965058e+24
4.028022537687161314e-02 1.311324576726018880e+24
4.032053566042041737e-02 1.222643856533617077e+24
4.036160666958719945e-02 1.145604030223263795e+24
4.040679510097545252e-02 1.072807221743521358e+24
4.042191235629588597e-02 1.050631600704554539e+24
4.047802312197038010e-02 9.775289431440986011e+23
4.051815442166082498e-02 9.333085625366219850e+23
4.054620833483466719e-02 9.057926561761804031e+23
4.054932930094112126e-02 9.024179801705215846e+23
4.058886811071333450e-02 8.671812814022628879e+23
4.062048678645216460e-02 8.418195479891711550e+23
4.065013861344757978e-02 8.201078720190104071e+23
4.070468886447622253e-02 7.847806587490866404e+23
4.072618544875679369e-02 7.720660872277136339e+23
4.076362064102335286e-02 7.516879601393344247e+23
4.117850535580021287e-02 6.053222811563183917e+23
4.129525924180538210e-02 5.795358025835633852e+23
4.145938352029911872e-02 5.505854835150025193e+23
4.156021615065540881e-02 5.356466378444418308e+23
4.175577689167997431e-02 5.106211099023669776e+23
4.178179469328330981e-02 5.076283176389858736e+23
4.187093245468304081e-02 4.976449242557802569e+23
4.196833352710942211e-02 4.874915955234746988e+23
4.233304842755970798e-02 4.566376575958611090e+23
4.244825436393129259e-02 4.484708377660671677e+23
4.250431439315308091e-02 4.443449291197474427e+23
4.268180590633781357e-02 4.342126486771825860e+23
4.270407021782147983e-02 4.325590915205515140e+23
4.271951629065481176e-02 4.318778973077674163e+23
4.290788485029352339e-02 4.217514245522893035e+23
4.299077821737834482e-02 4.180386393532641208e+23
4.302437774794171804e-02 4.161013960435905373e+23
4.307280885546271865e-02 4.143045811484008508e+23
4.314782781032958786e-02 4.114662478586444524e+23
4.326204014410186399e-02 4.068284037729226892e+23
4.342227664086726474e-02 4.016299321730111478e+23
4.359885821432347291e-02 3.962510998850015781e+23
4.366598530755920471e-02 3.945572534799089921e+23
4.392519594910790359e-02 3.887238774253095737e+23
4.398996987798538261e-02 3.869144350874916786e+23
4.425153368389234815e-02 3.825209444490345720e+23
4.439254203181528663e-02 3.806615744783745349e+23
4.444587145686427349e-02 3.802569664168480756e+23
4.448088028026275093e-02 3.796276693481985766e+23
4.453661010355500910e-02 3.785754665144536793e+23
4.457866932921104169e-02 3.782511998145643445e+23
4.464020922983621270e-02 3.777835124621546965e+23
4.471959686116237787e-02 3.771222860017754146e+23
4.483454700280814498e-02 3.757821392455257041e+23
4.496993433091546477e-02 3.749017479867551816e+23
4.501243673446990445e-02 3.745618072082029415e+23
4.506895531685029682e-02 3.742784053472692724e+23
4.507019419804583066e-02 3.742838391907227900e+23
4.518296542162214546e-02 3.737634513429759577e+23
4.518348918957957455e-02 3.737646942944888671e+23
4.525109274968902584e-02 3.734191418490847494e+23
4.529670380377936317e-02 3.729997757541775227e+23
4.530411448523953555e-02 3.729627480587532354e+23
4.535480114787665551e-02 3.726032069476096944e+23
4.535581403350641416e-02 3.725984078631132778e+23
4.539883343006904243e-02 3.723566464576003034e+23
4.541763266973994351e-02 3.723209234709352253e+23
4.541812893603320439e-02 3.723446031453310492e+23
4.547828597716744442e-02 3.715577441061147614e+23
4.548005826888360664e-02 3.715203636984108988e+23
4.549434648087605920e-02 3.713006458797429296e+23
4.551107844408752712e-02 3.710847656859978831e+23
4.553973099320714202e-02 3.705847571275045205e+23
4.556452963607411644e-02 3.701071263371575542e+23
4.561759771323385670e-02 3.690041551701704568e+23
4.565205263923256124e-02 3.679796428687872497e+23
4.567964061659258307e-02 3.670719059608365653e+23
4.569452206526250504e-02 3.665513203368768821e+23
4.570761821707851336e-02 3.661497534514178095e+23
4.573483999092924773e-02 3.648772897226255436e+23
4.575582171889634037e-02 3.638851150068044572e+23
4.577544526435621541e-02 3.628759791304425834e+23
4.580047064155999548e-02 3.615943966764626388e+23
4.581389175709935091e-02 3.607073460331177134e+23
4.583649918683146279e-02 3.591184598149795341e+23
4.584775676569632918e-02 3.583136397191485105e+23
4.587533693121056966e-02 3.563913174722479275e+23
4.590785431092300056e-02 3.538816341940937771e+23
4.593721900750386000e-02 3.514696022916856178e+23
4.594558648823144492e-02 3.507112086956203731e+23
4.599906894255571810e-02 3.455817890352036430e+23
4.600168567226188554e-02 3.454493336307363113e+23
4.604468783460752973e-02 3.432140575869998549e+23
4.605265111382417231e-02 3.427775224221243340e+23
4.608043978813974179e-02 3.413680563150816480e+23
4.609551703360078440e-02 3.405270271687869753e+23
4.613000390858008892e-02 3.386009417752114102e+23
4.615339587673790434e-02 3.373907071077675885e+23
4.615932832970772587e-02 3.370558029419554338e+23
4.617002247475686383e-02 3.364752712310824160e+23
4.617616030507337016e-02 3.359644780543760547e+23
4.617969121775202662e-02 3.357665218926365995e+23
4.619066237533344527e-02 3.349398678302619263e+23
4.622822240087005180e-02 3.329269550400838608e+23
4.624261671302341142e-02 3.321711735282207566e+23
4.624645640497912491e-02 3.319674307045044079e+23
4.624812187069417269e-02 3.318716533305256433e+23
4.625001403953733770e-02 3.317709403297353680e+23
4.628601144927690925e-02 3.301193710515482410e+23
4.628639477170115590e-02 3.301030023465460627e+23
4.628679363834439786e-02 3.300778241885754674e+23
4.628725755685678123e-02 3.300515301710534122e+23
4.629708740723586374e-02 3.294830322360081491e+23
4.635642397463233394e-02 3.258910727267119897e+23
4.636883862192179434e-02 3.251781163890133980e+23
4.640222780348757237e-02 3.232750800039766309e+23
4.640901514702253094e-02 3.228897962316998503e+23
4.642535003940710669e-02 3.219612939813560674e+23
4.642694293016714352e-02 3.218635755387874307e+23
4.651770788567549664e-02 3.166200293859703537e+23
4.652874973648608165e-02 3.159520463601402150e+23
4.655382151143495212e-02 3.145243058395612583e+23
4.655411055728795461e-02 3.145154825451667729e+23
4.660627377715448327e-02 3.115099004786963173e+23
4.661920711318656707e-02 3.107300861042774508e+23
4.662391154712163671e-02 3.104644070126963497e+23
4.666977781842274881e-02 3.074723891665518545e+23
4.668779633466606932e-02 3.065897498979051734e+23
4.670345378445025369e-02 3.056456508749959775e+23
4.670872254175681415e-02 3.053239420968344297e+23
4.674723901667928588e-02 3.031034319879484631e+23
4.674889656212766892e-02 3.029788693336096621e+23
4.676693172715863656e-02 3.019197109038620994e+23
4.676845978891127492e-02 3.018274717687880499e+23
4.678189970660695529e-02 3.009140930845038734e+23
4.680940512131596259e-02 2.992083741417081489e+23
4.685523462545814616e-02 2.963283792390250803e+23
4.691500934812325996e-02 2.928282589829770856e+23
4.691750846919081480e-02 2.926512875960694137e+23
4.693014335092850209e-02 2.918885057675410843e+23
4.698173273741796524e-02 2.882418166004453558e+23
4.698862485327533201e-02 2.877800687350922965e+23
4.701652059713398030e-02 2.861189987887584851e+23
4.701961234498983067e-02 2.859329632016425256e+23
4.704750808884845120e-02 2.841294558088668675e+23
4.710187527726885509e-02 2.806561200665986974e+23
4.710855131079379893e-02 2.802284248917752865e+23
4.714386233089388339e-02 2.779330103103434596e+23
4.715874156641459980e-02 2.769452835356670448e+23
4.720885183957985315e-02 2.736481419757177337e+23
4.723969569594906742e-02 2.717392104107994639e+23
4.724564490752729273e-02 2.713463914367663693e+23
4.726626782259458343e-02 2.700027141717669299e+23
4.726965792770410763e-02 2.697769620396718885e+23
4.727049221467467810e-02 2.697172225737235209e+23
4.734470038264309427e-02 2.645866916701211365e+23
4.734819551921523595e-02 2.643441005857099429e+23
4.737415414776884048e-02 2.626391715401961403e+23
4.738002333013673767e-02 2.622201044619022188e+23
4.738069441929509962e-02 2.621542485637432774e+23
4.738243634203193749e-02 2.620374491316679040e+23
4.738824186677689787e-02 2.616400262668776028e+23
4.738998357313110865e-02 2.615344123650345187e+23
4.739075785313461714e-02 2.614800129473436891e+23
4.739644793800813771e-02 2.611111939906193232e+23
4.740054808118990964e-02 2.608537850625516456e+23
4.740262295097573408e-02 2.607150201297895781e+23
4.742244768189358278e-02 2.594441771806324236e+23
4.751612402351983871e-02 2.528357755001155952e+23
4.760049218467445054e-02 2.471745459534730940e+23
4.760098455926575073e-02 2.471379015118450181e+23
4.762250064625782320e-02 2.453036706135406417e+23
4.765224932225497340e-02 2.433556230770064380e+23
4.767844631050212334e-02 2.415129386484317490e+23
4.776838842481774539e-02 2.352577810115321576e+23
4.778837462099012195e-02 2.338195935401120629e+23
4.779367062202206223e-02 2.334451939740708315e+23
4.782179459301944685e-02 2.314573423582798120e+23
4.783449334931417357e-02 2.304581720016483275e+23
4.787536955032457853e-02 2.276233780920321007e+23
4.791145922999815593e-02 2.248801220189806962e+23
4.791472265010562198e-02 2.246352287402105042e+23
4.791673949993545401e-02 2.244893702598570824e+23
4.794951105009114672e-02 2.221364457643380688e+23
4.794996786983782289e-02 2.221028292961289791e+23
4.795373588003574994e-02 2.218369746744306628e+23
4.797633927635619466e-02 2.201710346937273177e+23
4.798798909326066481e-02 2.192268310902144542e+23
4.800347682352656964e-02 2.181974340669203766e+23
4.801300475165085763e-02 2.175040802586876833e+23
4.803408967438958788e-02 2.159565309548975830e+23
4.804950867925258245e-02 2.148261021338602140e+23
4.809294903300177088e-02 2.116227195609245014e+23
4.810641705917972910e-02 2.104186764249644201e+23
4.812696882221439987e-02 2.089128701163295778e+23
4.816725167901651089e-02 2.059606198436333963e+23
4.818194610931984811e-02 2.048962599775726018e+23
4.820377436317955372e-02 2.032856875887934780e+23
4.822582964491344687e-02 2.017403907297288168e+23
4.823270606184618808e-02 2.012221424084503757e+23
4.823893235598800816e-02 2.007585280971018873e+23
4.824408182659216393e-02 2.003780598422173437e+23
4.825362416014638417e-02 1.996591394770580134e+23
4.828148406193169540e-02 1.975905143110584406e+23
4.833207474949537119e-02 1.935800492640969152e+23
4.833400882539419519e-02 1.934384087107550105e+23
4.833483452062105334e-02 1.933840461162104687e+23
4.836355595829047727e-02 1.912021338243941521e+23
4.836438165351736318e-02 1.911398191721775597e+23
4.839310309118678710e-02 1.889352510733841743e+23
4.839573899959546954e-02 1.887361906337274858e+23
4.846605627292344814e-02 1.835246010817171371e+23
4.846868144299558423e-02 1.833254285589567379e+23
4.846872492110190778e-02 1.833255426875959343e+23
4.852903368034416909e-02 1.786215717116349168e+23
4.853073451076046763e-02 1.784927635232445065e+23
4.861667725399347606e-02 1.717837822201802554e+23
4.862101380014817453e-02 1.714495722450757867e+23
4.866240341680196785e-02 1.681455617713959296e+23
4.866770616278877359e-02 1.677031790933811323e+23
4.875874851360362250e-02 1.606857740911764056e+23
4.877330267919444823e-02 1.596142672860199875e+23
4.877681458819625032e-02 1.593473876773000016e+23
4.878658169288054708e-02 1.585580806737051014e+23
4.879009360188237693e-02 1.582764192023430656e+23
4.879986070656663899e-02 1.574954297154418759e+23
4.880337261556844802e-02 1.572158432238786807e+23
4.889695869857322436e-02 1.496948051968166514e+23
4.889721398626852011e-02 1.496735352905227808e+23
4.889723561941289320e-02 1.496698840791289357e+23
4.893922717234146236e-02 1.461930306252121162e+23
4.894617842224591175e-02 1.456185785223220759e+23
4.902267702075458616e-02 1.392811084393205885e+23
4.903333042341759263e-02 1.384918265810600266e+23
4.907910973232704199e-02 1.348609126798961945e+23
4.909784920355073773e-02 1.333038191938901996e+23
4.914814005524065915e-02 1.291000006695770013e+23
4.916843644390787166e-02 1.274095188496683505e+23
4.917750308707655865e-02 1.266489502662145805e+23
4.919779947574375034e-02 1.249441512956114198e+23
4.924000402789981135e-02 1.211016177197744013e+23
4.925351441406787545e-02 1.200422058171379231e+23
4.926011626893651157e-02 1.194873229983468392e+23
4.926026626469737907e-02 1.194738893097284214e+23
4.927056600542539799e-02 1.184211239940655573e+23
4.927256919709139399e-02 1.182538961938220036e+23
4.927260240459802737e-02 1.182528923429435783e+23
4.928764711153826167e-02 1.170645259015872169e+23
4.937006557345034741e-02 1.101603960175668306e+23
4.937816273145882728e-02 1.094585591088567435e+23
4.937870757223857682e-02 1.094124646513030369e+23
4.946716670823204237e-02 1.017612166891774002e+23
4.947745430427361729e-02 1.008536936045991564e+23
4.948349662978514946e-02 1.003195553762598474e+23
4.948647649179582775e-02 1.000557472967223421e+23
4.948842328857317591e-02 9.987986706938280595e+22
4.952861922146280238e-02 9.628708529296148057e+22
4.954894391402449305e-02 9.445006962903372897e+22
4.954904209493041917e-02 9.443974740886772567e+22
4.956649008660456157e-02 9.298107319194701582e+22
4.956881237288641995e-02 9.276909890642924431e+22
4.959306054799541424e-02 9.046095122395418539e+22
4.960886007780794527e-02 8.899230324463753809e+22
4.963860158382340376e-02 8.619540275004256027e+22
4.966478464426803824e-02 8.375339292297733236e+22
4.967927025326018819e-02 8.240570359474984845e+22
4.968857356113791368e-02 8.150875404966014484e+22
4.972536702105398443e-02 7.807766783500569752e+22
4.974417625504238410e-02 7.624552893940849076e+22
4.976439081407482007e-02 7.427441119816399507e+22
4.977358810664242461e-02 7.336983336453733456e+22
4.979006377425482938e-02 7.173579680915310353e+22
4.981795736370819155e-02 6.898297217698033041e+22
4.983869902080405312e-02 6.692017533827483173e+22
4.987534503354236481e-02 6.324231060625260596e+22
4.989155398737173813e-02 6.160526528146167353e+22
4.993502467481782808e-02 5.728744255940210983e+22
4.994720534090309888e-02 5.608333260748983212e+22
4.995109219855831811e-02 5.570381489125167255e+22
4.997326868294177382e-02 5.354979358084471718e+22
4.999812664771411536e-02 5.126103935704210656e+22
5.000539755611733278e-02 5.051309297047709522e+22
5.000593741006109649e-02 5.047750544762450896e+22
5.006031198934868254e-02 4.556273756845467343e+22
5.013110508211973682e-02 3.976539428105567705e+22
5.013315762607023496e-02 3.961078142717430596e+22
5.013477685693761704e-02 3.949734576267917787e+22
5.017947071498012751e-02 3.641783023664756477e+22
5.022396025393720959e-02 3.378715521742589133e+22
5.026237785359442822e-02 3.179064274666525399e+22
5.027019717519165543e-02 3.141865310488078215e+22
5.029862944061155861e-02 3.004447052341452997e+22
5.030312033426087570e-02 2.985961396652778455e+22
5.030610640574187387e-02 2.973199022822441091e+22
5.031148836509133360e-02 2.952088225728953110e+22
5.031393863665581390e-02 2.941736235789624908e+22
5.036939716801234340e-02 2.746873351345464882e+22
5.038155536188206746e-02 2.705258733465483660e+22
5.049570928864642594e-02 2.400065833566263365e+22
5.053537089979343033e-02 2.305543108920992596e+22
5.057876439109610517e-02 2.222322962163363217e+22
5.066784938323351528e-02 2.085905916275109921e+22
5.074853854586161561e-02 1.992975493068635085e+22
5.075717052937876034e-02 1.983871520895404501e+22
5.076486812058739889e-02 1.975681846510217698e+22
5.093980829934892374e-02 1.807062637757348394e+22
5.105952668219407992e-02 1.751041857537457101e+22
5.110514323694812650e-02 1.726368425298974107e+22
5.114990750309139633e-02 1.710515198477602075e+22
5.121455175373335750e-02 1.650277682166583263e+22
5.127693223517896387e-02 1.635823446085850471e+22
5.139552110654931061e-02 1.593497322185167156e+22
5.149425936907656848e-02 1.556447665353917255e+22
5.157649045936527066e-02 1.528447473479921015e+22
5.165499625484643725e-02 1.500105174380244160e+22
5.175745981218122377e-02 1.454631199709346765e+22
5.189497986660806389e-02 1.416752934407455428e+22
5.207270652002912725e-02 1.396019996669232389e+22
5.214868657909133010e-02 1.379837140339597194e+22
5.234514321696810690e-02 1.329710862625527143e+22
5.239858994645338330e-02 1.320755417094516061e+22
5.247400972468441865e-02 1.304426843021362017e+22
5.272785110441590567e-02 1.261803049144413481e+22
5.280492668049039523e-02 1.251306754033353490e+22
5.314119274862828812e-02 1.208588492328176242e+22
5.314621695867779300e-02 1.208074848396374757e+22
5.323709638938473043e-02 1.206330826588588658e+22
5.350648933929481182e-02 1.194713925698506772e+22
5.355453439284064976e-02 1.192838575477133568e+22
5.391596618724921186e-02 1.151643421008609883e+22
5.396787603705303221e-02 1.153195638839136223e+22
5.428242366241523009e-02 1.134683937094960467e+22
5.429478737302975005e-02 1.134280960207904519e+22
5.436426134842307217e-02 1.132869552045210311e+22
5.446903230884760083e-02 1.132821294085176925e+22
5.448767753287803856e-02 1.132321000222534245e+22
5.464327724466545161e-02 1.129822527999283770e+22
5.468781099019572739e-02 1.129868242860492875e+22
5.475879378136670750e-02 1.130269626525267106e+22
5.478790966630497222e-02 1.120229969798134917e+22
5.487803844057073666e-02 1.121887129370834135e+22
5.490183875750270087e-02 1.121802468346618393e+22
5.505040498622217754e-02 1.125148679803975709e+22
5.505598654205832998e-02 1.124893923850438941e+22
5.506355290961990195e-02 1.125108208162062939e+22
5.516040027033994320e-02 1.118416793910827287e+22
5.529068683596528866e-02 1.132078187206606953e+22
5.534756083238129287e-02 1.132865601924717399e+22
5.537144615961529792e-02 1.134076435645668629e+22
5.548272156968658830e-02 1.139336101302329619e+22
5.548546665433153058e-02 1.139300674137638096e+22
5.549956168842332116e-02 1.140084429435266977e+22
5.551581021663681836e-02 1.137044229658982010e+22
5.552122634251210886e-02 1.138684185280942545e+22
5.559539199965524842e-02 1.138761610137642310e+22
5.563292249860239680e-02 1.139384863962090491e+22
5.564168130903651005e-02 1.139130360935887982e+22
5.565658091228684740e-02 1.129901073819394638e+22
5.568718558856763229e-02 1.110507217869477826e+22
5.568905407686366993e-02 1.110407584367734948e+22
5.569752106226380506e-02 1.110090765819328437e+22
5.573622590978675323e-02 1.114837416551278602e+22
5.576755240143619480e-02 1.109109584214688268e+22
5.578552964824635280e-02 1.115421829141071764e+22
5.580649162080757175e-02 1.110966481745583958e+22
5.584711743803536660e-02 1.101078313159171559e+22
5.586337343003964367e-02 1.096153105492702606e+22
5.587793119183059876e-02 1.091768072633483212e+22
5.589105544303243911e-02 1.083861598815081883e+22
5.591572340972591343e-02 1.069046295802249898e+22
5.595919445864310643e-02 1.049975351370179622e+22
5.602383537859220025e-02 1.030143623659455617e+22
5.603822344440204800e-02 1.029306043358194434e+22
5.604202525925353756e-02 1.029108488433470695e+22
5.604700652712092668e-02 1.028960732384887780e+22
5.605240903169874528e-02 1.037227732661780349e+22
5.605540047039921092e-02 1.036898123016799728e+22
5.605766761312122592e-02 1.036583317955201414e+22
5.607658817052754013e-02 1.035991922420561740e+22
5.613135335152313193e-02 1.031254556283563829e+22
5.617008980003258822e-02 1.038553034582087906e+22
5.618683645775780083e-02 1.028615190795939060e+22
5.619692114605541466e-02 1.027689412813306777e+22
5.620830051432848529e-02 1.026736338526527501e+22
5.622118104622370743e-02 1.026074388700915040e+22
5.623215955653605019e-02 1.025174724017850312e+22
5.626232241785628779e-02 1.020938738657473541e+22
5.628524767713385252e-02 1.018398928450186379e+22
5.629610500401558554e-02 1.017221970870279550e+22
5.630627573865638197e-02 1.016334984448833906e+22
5.633833734528215925e-02 1.024188806811853259e+22
5.639994438757606893e-02 1.016239018527188163e+22
5.643358174416340800e-02 1.012793189249736036e+22
5.645074395942568241e-02 1.010572335564842231e+22
5.646648024309144920e-02 9.994864296945115988e+21
5.651786830032157899e-02 9.937995750155587944e+21
5.652603574860488173e-02 9.929320802796970181e+21
5.657381049815426999e-02 9.947767955086630715e+21
5.664003031979473329e-02 9.856014189850127237e+21
5.673821181468315100e-02 9.723526816626691277e+21
5.674485594117372605e-02 9.714835268693007532e+21
5.678619976926627816e-02 9.650348775329203487e+21
5.678695613317021051e-02 9.649658896382643143e+21
5.679458818489434985e-02 9.636799891990678340e+21
5.679662397819622982e-02 9.631967119483485553e+21
5.680638198401446320e-02 9.615814293207230972e+21
5.680841777731631542e-02 9.611936109811246039e+21
5.681817578313454881e-02 9.593815187043603448e+21
5.682021157643640102e-02 9.591287663004974318e+21
5.684895601882854893e-02 9.549503594160919151e+21
5.691064301376895507e-02 9.359301646318142751e+21
5.693205109162501748e-02 9.321886408155075707e+21
5.694297990754075556e-02 9.301151589132297830e+21
5.701736498448683327e-02 9.254324443475052855e+21
5.702375223809778848e-02 9.150823323372930204e+21
5.706157389369475447e-02 9.084064902092933825e+21
5.706561575132979014e-02 9.077052289807103820e+21
5.706620256455772339e-02 9.076180480757976793e+21
5.713360581490762452e-02 8.937504592484537205e+21
5.713664100764066778e-02 8.931900740372276445e+21
5.715878457958327441e-02 8.883528534764261736e+21
5.716181977231631073e-02 8.877994841531921465e+21
5.717979894952322090e-02 8.838834359241540633e+21
5.719965681074608288e-02 8.799311697205298987e+21
5.722790362990687330e-02 8.744050121404140487e+21
5.725665674596967097e-02 8.768117196374283387e+21
5.730545591160567803e-02 8.665489617427221185e+21
5.737704424064892644e-02 8.398851190028499943e+21
5.740059364804284137e-02 8.434602768515172663e+21
5.744311110491990419e-02 8.338702815839811273e+21
5.747293385109871616e-02 8.266622351622727008e+21
5.755443167055177695e-02 8.058935882975961678e+21
5.756907540769222453e-02 8.022701468403947799e+21
5.762956546387016515e-02 7.866194891220564574e+21
5.766456592737033426e-02 7.776600034098483823e+21
5.767111740984016965e-02 7.760778118777315262e+21
5.769113003169382831e-02 7.709041741589140996e+21
5.769586822713929086e-02 7.693283154558336369e+21
5.772927790458459024e-02 7.610939435187938787e+21
5.773861289702832134e-02 7.587142535272600699e+21
5.774697090070736449e-02 7.564754525364347208e+21
5.776412155191176789e-02 7.517936347150450426e+21
5.781058728997652552e-02 7.386633736698343719e+21
5.783200019628204763e-02 7.325680052537213846e+21
5.792969430587605745e-02 7.042417635906539225e+21
5.795323945808886906e-02 6.975132555270435111e+21
5.800597388735423410e-02 6.815263216370063507e+21
5.802999564355570267e-02 6.659472074318479884e+21
5.811241771104475734e-02 6.406601037663539560e+21
5.814445670574996256e-02 6.310447170196568277e+21
5.820136048473193574e-02 6.131280454347479056e+21
5.821876807224194567e-02 6.079739628623222538e+21
5.823492957938616182e-02 6.025163486620525003e+21
5.824228744706999583e-02 6.001823425769098969e+21
5.824872589351543645e-02 5.980251727127171301e+21
5.825920725789143079e-02 5.922075360962239529e+21
5.826928710035164660e-02 5.889121133548534759e+21
5.827893476549963342e-02 5.855792193165224575e+21
5.828909562054159638e-02 5.844236624978754142e+21
5.833436116064859289e-02 5.690080311674184663e+21
5.838361046309172714e-02 5.522279194270969627e+21
5.841590163412491155e-02 5.416109049034208969e+21
5.845742298445093243e-02 5.261047658848358236e+21
5.852849727319447276e-02 5.060969243315117490e+21
5.855731949919417562e-02 4.955180867172049093e+21
5.860419826395197457e-02 4.685601791172263018e+21
5.862575034836026849e-02 4.604750378204314730e+21
5.872229795569069294e-02 4.304083213836969050e+21
5.873102853529664491e-02 4.266957131496387248e+21
5.873436031934205909e-02 4.253618090564613308e+21
5.873683331415188030e-02 4.256455118943284101e+21
5.874844195940943231e-02 4.204379928221643702e+21
5.875573243475937929e-02 4.172739784132075717e+21
5.875819728919525614e-02 4.161245749829065769e+21
5.876829557570382306e-02 4.117162290785833452e+21
5.877715701384156333e-02 4.073983499539996738e+21
5.879688077398220747e-02 3.986872160090810483e+21
5.881378897117930937e-02 3.912187433369529221e+21
5.885530252005072988e-02 3.723556921552155967e+21
5.886343107843137329e-02 3.688132171018640818e+21
5.890114335459026990e-02 3.503728861283973857e+21
5.890387501408793358e-02 3.491561623314814206e+21
5.894504923374774275e-02 3.299101344432114893e+21
5.896639051217505284e-02 3.179124103283497501e+21
5.896905486704116101e-02 3.165520791068846064e+21
5.899890085318110905e-02 3.028947869376162824e+21
5.902374460170474457e-02 2.920658213928453014e+21
5.904043841854152153e-02 2.853955733814750740e+21
5.904594453894928402e-02 2.832275981975296672e+21
5.906934994591872545e-02 2.741253468717587104e+21
5.907491472326543980e-02 2.719805540040787886e+21
5.909331082290771031e-02 2.646919719782179144e+21
5.911384748256976601e-02 2.565045983103465554e+21
5.911827198404542155e-02 2.547861860213985903e+21
5.913011111639505241e-02 2.505122922806815228e+21
5.914495338168005573e-02 2.454015075838404329e+21
5.916243169360619475e-02 2.396426306074377191e+21
5.922517153018362623e-02 2.171477652827299119e+21
5.923141937926797163e-02 2.154468157488078520e+21
5.924006008218253572e-02 2.133508839148231328e+21
5.924218966938445824e-02 2.128286563479807853e+21
5.930390904278785152e-02 1.986432555901490299e+21
5.933761865132199803e-02 1.907817109854943445e+21
5.933873809729414694e-02 1.905864650381781893e+21
5.937747232659096319e-02 1.838081699156300399e+21
5.939330552402040386e-02 1.815495193434239271e+21
5.939474587427942542e-02 1.813504620083097371e+21
5.944574271318164849e-02 1.745571213597763961e+21
5.945366582740160832e-02 1.738141148784577741e+21
5.945396808817545592e-02 1.737833714111025250e+21
5.953810083782463958e-02 1.644716423352959894e+21
5.958725253072292422e-02 1.619343330316771918e+21
5.962612769687981873e-02 1.561577906218950459e+21
5.965382867375947779e-02 1.538369293970796708e+21
5.966839581391304020e-02 1.530209660586403824e+21
5.969120165522194543e-02 1.513426223171839721e+21
5.970631793460304260e-02 1.504069593708021678e+21
5.977747162422761273e-02 1.467576913001346499e+21
5.988272825071360578e-02 1.416416675794002903e+21
5.989710113966294908e-02 1.378324777071082209e+21
5.990136817395218249e-02 1.376888518695300366e+21
5.997246106912008240e-02 1.353813621172142080e+21
6.008599341286627316e-02 1.342518337325895254e+21
6.010401856794201497e-02 1.312321504607056953e+21
6.011213212805881917e-02 1.310582458757062328e+21
6.011647330315725984e-02 1.309655797095127581e+21
6.015891191613277622e-02 1.295880128552871920e+21
6.018431314335635773e-02 1.287736528978780881e+21
6.029430340228041085e-02 1.260797524197437080e+21
6.031237558997794290e-02 1.276854265618501992e+21
6.033188889260971549e-02 1.272481586399750914e+21
6.036308410045724410e-02 1.266451077093664752e+21
6.054349949486422661e-02 1.208469635210433004e+21
6.062517410641517224e-02 1.194470812038325600e+21
6.074049212510033297e-02 1.174093792801321255e+21
6.082080391824990634e-02 1.163214825293808534e+21
6.085555802589993901e-02 1.159393474000180740e+21
6.093241541193757799e-02 1.139891390521013174e+21
6.097032461220071309e-02 1.135558640669958603e+21
6.107527524738276536e-02 1.122248143092296581e+21
6.122378367124506338e-02 1.103548057975250878e+21
6.125350306131813888e-02 1.108872472443365360e+21
6.145461486272418145e-02 1.078722234553700581e+21
6.146401759395135611e-02 1.078447824786553307e+21
6.196855186988787373e-02 1.017997743971266331e+21
6.238728637350938327e-02 9.561452877691553055e+20
6.262673509457132581e-02 9.508894910076949627e+20
6.280907412623928932e-02 9.395704957234022973e+20
6.308132754280962318e-02 9.257477212513524777e+20
6.308697165874582735e-02 9.255765033002690150e+20
6.308980049017123837e-02 9.236662590116022190e+20
6.368591161364266229e-02 8.866619859022955151e+20
6.389522938075027636e-02 8.758430432778818683e+20
6.397452344540863201e-02 8.723549019151087698e+20
6.401713790098867429e-02 8.733025319538787615e+20
6.407378315063752550e-02 8.686567586977424343e+20
6.426299136113446109e-02 8.636056616699788001e+20
6.459663228045173233e-02 7.499270438413390316e+20
6.495176383945221177e-02 7.914194229239096279e+20
6.497475449892380073e-02 7.910848079128613356e+20
6.522799562650481719e-02 7.718289997965632471e+20
6.552895811801451309e-02 7.523055177684169523e+20
6.559555483723111813e-02 7.444148886438906429e+20
6.567610164333827216e-02 7.377980784272627466e+20
6.570409803382175340e-02 7.376600026089352069e+20
6.572135621086860890e-02 7.390847259276822446e+20
6.598821178806529852e-02 6.950787859946551378e+20
6.631758956700777030e-02 6.755525720320618004e+20
6.654158684207800434e-02 6.623960688386568356e+20
6.656354537284210615e-02 6.637148896869047337e+20
6.722165094989325518e-02 6.630092882468908564e+20
6.730141279034503043e-02 6.564511995898274775e+20
6.733546002834731037e-02 6.524152858330727711e+20
6.740972490413255080e-02 6.499319586020904141e+20
6.754736859617933853e-02 6.396374892189222175e+20
6.765386458284373961e-02 6.292385512982893036e+20
6.816992491210246974e-02 6.562288542595117220e+20
6.835731778419820714e-02 6.646383467556535009e+20
6.837744368407686069e-02 5.767474839833602949e+20
6.899999999999996414e-02 5.978267121134905590e+20
