-2.131628207280300602e-17 1.346736961395392840e+20
1.021774682420236455e-03 1.629228890284201083e+20
1.082835948172075234e-03 1.671406293586225725e+20
1.241994295263289467e-03 1.511617081059497738e+20
1.308613317468570016e-03 1.520182168587182080e+20
1.338128377213827509e-03 1.524466815770556170e+20
2.043549364840494161e-03 1.813640440690240061e+20
2.483988590526593244e-03 1.597233740882685460e+20
3.105927898113776571e-03 1.732067299552739983e+20
3.122299546832294978e-03 1.732187295335086490e+20
3.165443902327151355e-03 1.740654825665448182e+20
3.585056431888627819e-03 1.787877956804611932e+20
3.739238026257346754e-03 1.811692613732289413e+20
4.048008356104052137e-03 1.865601170835661455e+20
4.117539528234406658e-03 1.904855890264670863e+20
4.254746910328229687e-03 1.925863320512752189e+20
4.565196580609391826e-03 1.810148407251019039e+20
4.669803641425716509e-03 2.007448521619214500e+20
5.046505936913562099e-03 2.036331107421890150e+20
5.337404328494105635e-03 2.071242073891014902e+20
5.597362546324682366e-03 2.101920541581138657e+20
5.629016031545432640e-03 2.108879772657760010e+20
5.678208321360081468e-03 2.114677088455213056e+20
5.765915814811968694e-03 2.121436733775546614e+20
5.834151170948871472e-03 2.131170481873564467e+20
6.343476301928085634e-03 2.196855093660914483e+20
6.364867070456106841e-03 2.198238228048131850e+20
6.564847047988699343e-03 2.215450820095045140e+20
6.734604294155943464e-03 2.280549122851319972e+20
6.867282700773874420e-03 2.298462652912574136e+20
6.906527813171817187e-03 2.316603475863983555e+20
6.943077550850983506e-03 2.319367677766607831e+20
6.961857002195841713e-03 2.333078341219235922e+20
7.355954554584343344e-03 2.417780050489103483e+20
7.515911492826351029e-03 2.464786719500915180e+20
7.582400068424288361e-03 2.476442491297155318e+20
7.691264534491214049e-03 2.528046885751642194e+20
7.749660780325364449e-03 2.536727296020157563e+20
7.915812691249126884e-03 2.560631480269547110e+20
8.005599775480423327e-03 2.592028592571099054e+20
8.069247456886394915e-03 2.601000808346393969e+20
8.143367006066383820e-03 2.633354856794674954e+20
8.174667836637677584e-03 2.654688027372787139e+20
8.197578877465415068e-03 2.660639487419765228e+20
8.628977163876125692e-03 2.856019241278126162e+20
8.652466590411049194e-03 2.865820137270295593e+20
8.770383791034373072e-03 2.920740225415933788e+20
8.961665839257091509e-03 3.051799780895932416e+20
9.021723143299119688e-03 3.097501869573433590e+20
9.084139138020294602e-03 3.150828561018326876e+20
9.126433077551973291e-03 3.181918465808311255e+20
9.143336102745255184e-03 3.201346379051578163e+20
9.151114442324867829e-03 3.206638627751194132e+20
9.269780242380832452e-03 3.335593797078372188e+20
9.356809073802921026e-03 3.452851816032062013e+20
9.386951011944855844e-03 3.505119650463780045e+20
9.470203811756401635e-03 3.703313253907685704e+20
9.480850854109995271e-03 3.723357539279994225e+20
9.549084918796208604e-03 3.891783625177661440e+20
9.661214588500197792e-03 4.242639876154341458e+20
9.795495708145477570e-03 4.955904319234926182e+20
9.820353924306371440e-03 5.106257876709424497e+20
9.822992868479971107e-03 5.122421835207752417e+20
9.850114835910925640e-03 5.308435926943234785e+20
9.873812467295187828e-03 5.473201667480898765e+20
9.903964376570833020e-03 5.702796406363553792e+20
9.923829391105464318e-03 5.871035328779255153e+20
9.925738336229219735e-03 5.885553006411031511e+20
9.937866732174470419e-03 5.988922087436375818e+20
9.972741171267451854e-03 6.297148936968373535e+20
9.978878491793108027e-03 6.350357635979408835e+20
1.000133059889276796e-02 6.550388438299272806e+20
1.000870335941539922e-02 6.623701756756289126e+20
1.001189949860078685e-02 6.650926376333348700e+20
1.007179870294331626e-02 7.272343879060653343e+20
1.007415178934337185e-02 7.298425985334006252e+20
1.007551932944589571e-02 7.309949940752799498e+20
1.009709713959489399e-02 7.516037787708998287e+20
1.009784118922979305e-02 7.523910055645212836e+20
1.011098793619809658e-02 7.653219543672318853e+20
1.011146227025623741e-02 7.658167355060948828e+20
1.012613530583605231e-02 7.800665826912986726e+20
1.014265030956428178e-02 7.953057194579536118e+20
1.014434076286827545e-02 7.968062361318555648e+20
1.016703598711285808e-02 8.193214190075783414e+20
1.019674672021861003e-02 8.469905841755475149e+20
1.019724936395571303e-02 8.474145711648951501e+20
1.019966167999347521e-02 8.499400060340565443e+20
1.024279838482855358e-02 8.903703680294227804e+20
1.025328107620962145e-02 8.994115080234472571e+20
1.026184459297238040e-02 9.075184968907265147e+20
1.027142787708379933e-02 9.156660986020104765e+20
1.028309460473656248e-02 9.259724961856134840e+20
1.029039725766969261e-02 9.338386393510632489e+20
1.030424573848422697e-02 9.461103034880061604e+20
1.034699463583585270e-02 9.829538007775926026e+20
1.041201310471871061e-02 1.035723029358765539e+21
1.043432419706747868e-02 1.052701489196815483e+21
1.045711578561956019e-02 1.071052922882172912e+21
1.047993510813565940e-02 1.088386417618149573e+21
1.049243271727058266e-02 1.097816114940498805e+21
1.051638305186538246e-02 1.120451881432802525e+21
1.051882208388589014e-02 1.122265538090713088e+21
1.062811195348468789e-02 1.202006960227388490e+21
1.063718416581395897e-02 1.208584719873812726e+21
1.063977285279696719e-02 1.210286408726846898e+21
1.070275594069763220e-02 1.254214805330312298e+21
1.070721845617770597e-02 1.257703712624054370e+21
1.075354639552530446e-02 1.292682304941921927e+21
1.075639027479380512e-02 1.294502041263130804e+21
1.077378197485538182e-02 1.305625136476719415e+21
1.077434205817550186e-02 1.305972684430214955e+21
1.079173375823708377e-02 1.317345430935328784e+21
1.079229384155720728e-02 1.317715089442441265e+21
1.081043046442124560e-02 1.328766929853009363e+21
1.081502377897753352e-02 1.331960859875562488e+21
1.085145951676737448e-02 1.355803287532823904e+21
1.088866955110842465e-02 1.379320435605682258e+21
1.091281637194264735e-02 1.395557106913050886e+21
1.096900736220381492e-02 1.430263494163070452e+21
1.105324192216972611e-02 1.481078982824219902e+21
1.105812213710187161e-02 1.483920919446554673e+21
1.108370115534495180e-02 1.500645019110545818e+21
1.117134401201776671e-02 1.552620251245482344e+21
1.118502100440678902e-02 1.560385161736369996e+21
1.122757472309531164e-02 1.585970012059890090e+21
1.124092099371442992e-02 1.593453304883865453e+21
1.124374692639994698e-02 1.594905387476851622e+21
1.126585051932358847e-02 1.607527586819554410e+21
1.128648377727555982e-02 1.618168233697687110e+21
1.129936914533718854e-02 1.625070859883831886e+21
1.131887829733288671e-02 1.635729602594175713e+21
1.133101721594678007e-02 1.642570919027241910e+21
1.134136427984110650e-02 1.647745875126594568e+21
1.136246205435306744e-02 1.660460668656770089e+21
1.137602149550759681e-02 1.667514251964044280e+21
1.140388995727916951e-02 1.681492962681147097e+21
1.143929972716306413e-02 1.699853764706696167e+21
1.150064532912379971e-02 1.733347843080634761e+21
1.153796939225947352e-02 1.752127229460709114e+21
1.157420254676253847e-02 1.769802597553527849e+21
1.165066015016535776e-02 1.809405979191036084e+21
1.165834731093337226e-02 1.813661531727545762e+21
1.168093985109405243e-02 1.823961762756041376e+21
1.169636576463221542e-02 1.830335164937641918e+21
1.170197790399484482e-02 1.832637191054648148e+21
1.179598366969505409e-02 1.875960701690817544e+21
1.182789702213340663e-02 1.888710375687655784e+21
1.182804026049640543e-02 1.888715846129888264e+21
1.182827861318833454e-02 1.888773548793718899e+21
1.184798405332085011e-02 1.896229866109176644e+21
1.185018166108860876e-02 1.897491780271231205e+21
1.186065414501830464e-02 1.902184584145682301e+21
1.186285175278606330e-02 1.903479476748333351e+21
1.193440096041136975e-02 1.933417492126069424e+21
1.195321422853387779e-02 1.940331397999430992e+21
1.196609691864289338e-02 1.944755902419206406e+21
1.197832650239070117e-02 1.948952554413017006e+21
1.200017165230056297e-02 1.957158656157524165e+21
1.205665371678441358e-02 1.980447397009632526e+21
1.207909423182138356e-02 1.987643412959714607e+21
1.208475658697919647e-02 1.990059014043226866e+21
1.211373135304500033e-02 2.000820399333037572e+21
1.216183846467425167e-02 2.015635145019727282e+21
1.217639590630690063e-02 2.023808488053030257e+21
1.218043610586470350e-02 2.025018359123686457e+21
1.219499354749735767e-02 2.029168728117546320e+21
1.219903374705516054e-02 2.030855804344838652e+21
1.221359118868782165e-02 2.036347173005835370e+21
1.221713807993333838e-02 2.037718657602625733e+21
1.224914910602661368e-02 2.046686004120337777e+21
1.227943979538416094e-02 2.056400875082552967e+21
1.228330635068053747e-02 2.057348007426046296e+21
1.234208396346468846e-02 2.075031799147180589e+21
1.238499388925563306e-02 2.087777789160609808e+21
1.241391395810392990e-02 2.096271403954401182e+21
1.246734562632674341e-02 2.110639146619092337e+21
1.248914197935242602e-02 2.115524277376444006e+21
1.250207974907541035e-02 2.118307914048074416e+21
1.255010869676284786e-02 2.129389498351474442e+21
1.257368502679308622e-02 2.136258378025585345e+21
1.257519372739671591e-02 2.136569815476150469e+21
1.260292386577749162e-02 2.142542721241479381e+21
1.263343618654732235e-02 2.148725927633391976e+21
1.264630348925470903e-02 2.155186216332038504e+21
1.264914754273554522e-02 2.155550505733952635e+21
1.266471334700063935e-02 2.157971697974947873e+21
1.270688631615910294e-02 2.146770537688221614e+21
1.272156837965122446e-02 2.149284555743824445e+21
1.273081793351733652e-02 2.151529963693249921e+21
1.275763292517378793e-02 2.156256731547006140e+21
1.276377477060018292e-02 2.156947272047330066e+21
1.280333321097981529e-02 2.162419362972460646e+21
1.283517068994463259e-02 2.167264635177361474e+21
1.283750271720474241e-02 2.167563031414903144e+21
1.283981909894925562e-02 2.167806151389247177e+21
1.285207479359630478e-02 2.168807066755132031e+21
1.285498010650898242e-02 2.169074060931279618e+21
1.286783705508763760e-02 2.170114809622772842e+21
1.287657332206828924e-02 2.171703333434577650e+21
1.291776415015248938e-02 2.198485586701214810e+21
1.292593387526474319e-02 2.200697946663352271e+21
1.295408148494689785e-02 2.203865622676279132e+21
1.295696104029811849e-02 2.204014588479277892e+21
1.295836546402214483e-02 2.204106929758723375e+21
1.298188200993998821e-02 2.209249624705801912e+21
1.300704787678337235e-02 2.220914887174994002e+21
1.300888184339506724e-02 2.222838380323868246e+21
1.300904471348178840e-02 2.222840359931065663e+21
1.300972923331026807e-02 2.223154629556352844e+21
1.301170797260599657e-02 2.225252965058681504e+21
1.304663676978332250e-02 2.257716972975746712e+21
1.306230631759370923e-02 2.270261310193804771e+21
1.309611330231611956e-02 2.298395271571985924e+21
1.312106568724403025e-02 2.316995094546552717e+21
1.312919158666199342e-02 2.322933189305591136e+21
1.316100517290860576e-02 2.343390686127441314e+21
1.317776623299642645e-02 2.353651362262279520e+21
1.320972505322462812e-02 2.369292981859571991e+21
1.325573934983854951e-02 2.385523706238826185e+21
1.325574136834653874e-02 2.385523115092680901e+21
1.325574268120666664e-02 2.385525479286888202e+21
1.325574697472831423e-02 2.385523719398810452e+21
1.327213482033997791e-02 2.389733422641527128e+21
1.332504194387551175e-02 2.399697241679305638e+21
1.333148082207054330e-02 2.418058571001353994e+21
1.333480716195985585e-02 2.418233099205562860e+21
1.335293506711929777e-02 2.418418516751828910e+21
1.354724000643075903e-02 2.419578419934724620e+21
1.356693827837489146e-02 2.417773683408008905e+21
1.361472025632372469e-02 2.413449061406744248e+21
1.363572648706688241e-02 2.410836589526603792e+21
1.364770996420098560e-02 2.409461270625172586e+21
1.365969534387068487e-02 2.407753442385943593e+21
1.378769964295110777e-02 2.397616145139978207e+21
1.380311418526525107e-02 2.396029624624677913e+21
1.386949088215119752e-02 2.392659100597598290e+21
1.402485733325909215e-02 2.400450603692539249e+21
1.403360054060673150e-02 2.398769419812155163e+21
1.403852113455218015e-02 2.401162084040494285e+21
1.405916835157103827e-02 2.400025388473690620e+21
1.453147041500153606e-02 2.402270119656517796e+21
1.457812527096512441e-02 2.403392272002555838e+21
1.484417200029812360e-02 2.425470290524077818e+21
1.501002127304180110e-02 2.453553487948785648e+21
1.502075840651827948e-02 2.454590049725889118e+21
1.502956156584384605e-02 2.455336851787507302e+21
1.506823985690526613e-02 2.461140434161727177e+21
1.511647721785938474e-02 2.466195679621801312e+21
1.514843186163719949e-02 2.485291194776759042e+21
1.515476366616523747e-02 2.492731570627553001e+21
1.524959519509990445e-02 2.486534428621990265e+21
1.564866332863150064e-02 2.564661959855859302e+21
1.577082892793008409e-02 2.589945956415147868e+21
1.579183987913070422e-02 2.593900535283488653e+21
1.586680816928674395e-02 2.613440178378296525e+21
1.591996293145591171e-02 2.626166631187447546e+21
1.597052427162734198e-02 2.631321203162911605e+21
1.605015290590502616e-02 2.655153535039519588e+21
1.607674640400375346e-02 2.641797105062143066e+21
1.612465165887566262e-02 2.670888885856021512e+21
1.617021961532459293e-02 2.680411861383432372e+21
1.619773250544612880e-02 2.710936573900221317e+21
1.628668463872077338e-02 2.738238033837651657e+21
1.641111121032117273e-02 2.753796200190353342e+21
1.662242090795321148e-02 2.837543961199172387e+21
1.667425699359494085e-02 2.851960227905646625e+21
1.695284254730738613e-02 2.988505839094965207e+21
1.701537522367711081e-02 2.984498039935876465e+21
1.728326418666156078e-02 3.148564363723352834e+21
1.739990078531277601e-02 3.222942705299757203e+21
1.744347445349201178e-02 3.252586845728940229e+21
1.752064105273456671e-02 3.310232078225398825e+21
1.760368472032246626e-02 3.375049524275528073e+21
1.772743618622174208e-02 3.489803465676038341e+21
1.776389498715292073e-02 3.526207103271191970e+21
1.787602611158296828e-02 3.669515643956523172e+21
1.798172422399404308e-02 3.799277755483313144e+21
1.798738951025988589e-02 3.808598359122869486e+21
1.799335734998391834e-02 3.818038392976550920e+21
1.800278441404083718e-02 3.802573663338750804e+21
1.812284398464151375e-02 3.979428564430211777e+21
1.821088403336686493e-02 4.139123674674155225e+21
1.830728990916462295e-02 4.374977870362420183e+21
1.840708888526191439e-02 4.684455421632665092e+21
1.841148119448083112e-02 4.699836955572520878e+21
1.843849056008978193e-02 4.802289608899457712e+21
1.848500118928635833e-02 4.997822373474727887e+21
1.850420382517659751e-02 5.083996688203985715e+21
1.852003627786861367e-02 5.158354920418344698e+21
1.854063280164947383e-02 5.263069804311699522e+21
1.856051544897055830e-02 5.372422417248225853e+21
1.858097934086061151e-02 5.491130484772405510e+21
1.870466936053767973e-02 6.415841491309230555e+21
1.878545171481045203e-02 7.269860678842422657e+21
1.879157509120882655e-02 7.345226655610670416e+21
1.885184170901025788e-02 8.166463651421537436e+21
1.888930244320674579e-02 8.746133714661200101e+21
1.896951290529274442e-02 1.018776245901031847e+22
1.902145539146099518e-02 1.121247756643362826e+22
1.902312181147607084e-02 1.124851619498150383e+22
1.903156189688220284e-02 1.141817872187840581e+22
1.905188338149132674e-02 1.183789487185109346e+22
1.905642629840226601e-02 1.193265989214631100e+22
1.907149070907330005e-02 1.224686705773536870e+22
1.907662169367050492e-02 1.235241319570041156e+22
1.909346739402293866e-02 1.270262935784409111e+22
1.909850859171767154e-02 1.281236846972190169e+22
1.919506963917064213e-02 1.482284380418436655e+22
1.919530033640685224e-02 1.482706667265655308e+22
1.925568643003505026e-02 1.608008436235600973e+22
1.925783991294680725e-02 1.612459530073550933e+22
1.925797092216617254e-02 1.612726522703706797e+22
1.925804657206795292e-02 1.612876672478605843e+22
1.935482660127938251e-02 1.808125036072603222e+22
1.941555439231657312e-02 1.926655653597981285e+22
1.942528011469198818e-02 1.945717721370502522e+22
1.942968869982650629e-02 1.954424875696050615e+22
1.951318195993917426e-02 2.113691066665340921e+22
1.951974251267616853e-02 2.126175383302424651e+22
1.953565898197476627e-02 2.155771509294930225e+22
1.954454168023116167e-02 2.172664016819176709e+22
1.956045814952978371e-02 2.202585115858426239e+22
1.957003327057935116e-02 2.220197581874948945e+22
1.958608079277144448e-02 2.249765830871320468e+22
1.963123174292162945e-02 2.332852632904833119e+22
1.966194267889621178e-02 2.388986011490288298e+22
1.972451546714591025e-02 2.497882247719837866e+22
1.975862379231583740e-02 2.561052936734835841e+22
1.981133925744530538e-02 2.656732124538620976e+22
1.983811739767405574e-02 2.704696959831624175e+22
1.990466821078047330e-02 2.821823179971474804e+22
1.993116679186021298e-02 2.868319780524918623e+22
1.999245430574377730e-02 2.974808729580330182e+22
2.001429211645190664e-02 3.012787356130014029e+22
2.002541333941702112e-02 3.031774884494454450e+22
2.005140949597922564e-02 3.076332009613350771e+22
2.005389370856547337e-02 3.080644702238118878e+22
2.007289741538799757e-02 3.113477510086450689e+22
2.007538162797424183e-02 3.117902776698403186e+22
2.009438533479675909e-02 3.150446355169477761e+22
2.014651773155219303e-02 3.238884424404256686e+22
2.016263244563384210e-02 3.264002546714944733e+22
2.019657050526670744e-02 3.323774783095816638e+22
2.021453156664920064e-02 3.354163926646720037e+22
2.024911018049057460e-02 3.412762259098506887e+22
2.027107593822465373e-02 3.446787630622057903e+22
2.030333063190436702e-02 3.500852157392240404e+22
2.033467779850163179e-02 3.553043510981838032e+22
2.035740272720585817e-02 3.591325149763455471e+22
2.037951943081546535e-02 3.627902233698190859e+22
2.039925387987154629e-02 3.660588716431528847e+22
2.041585418691980319e-02 3.688502170473907146e+22
2.043558863597587719e-02 3.720950741670525770e+22
2.047109959525661438e-02 3.779234938484035053e+22
2.049393217704593637e-02 3.816181802514787389e+22
2.049513814097679229e-02 3.818165341994082527e+22
2.049651986626421438e-02 3.820442821501394302e+22
2.051231430764748759e-02 3.846563223109959995e+22
2.051611864406039168e-02 3.852905156259263336e+22
2.053335678364897124e-02 3.881030233223073051e+22
2.057240108149077304e-02 3.944136610515419713e+22
2.062346248295454307e-02 4.027078796750468887e+22
2.068286091362510695e-02 4.123888956811736252e+22
2.069697146701039367e-02 4.146915816484284400e+22
2.072555808414014780e-02 4.192752270775811467e+22
2.073157141395627623e-02 4.202626852688906892e+22
2.073665594399357048e-02 4.210468954455253451e+22
2.074233649262858734e-02 4.219651124563423737e+22
2.077754902077727159e-02 4.275392029406383204e+22
2.078272513358528015e-02 4.283643404874239548e+22
2.080088167081600367e-02 4.312200059816224227e+22
2.082306178508306141e-02 4.344651716495312683e+22
2.082721698415057610e-02 4.351143352446610309e+22
2.083961535047280586e-02 4.370542536998247832e+22
2.086203982899543716e-02 4.405768844010836512e+22
2.086521767298609928e-02 4.410739184056191785e+22
2.087186554617754056e-02 4.421359333085355285e+22
2.090082305667730067e-02 4.466959877831819421e+22
2.092011364593087189e-02 4.499057286155538635e+22
2.094352285612746667e-02 4.535769482530630769e+22
2.096433168500327210e-02 4.565932392935857114e+22
2.099448848716968519e-02 4.612858134747059270e+22
2.105769611780736184e-02 4.712354691804282906e+22
2.106169529306781141e-02 4.718544692168161965e+22
2.110832866165594790e-02 4.790839287813494538e+22
2.113578068878876545e-02 4.832593562677699360e+22
2.115372729634594148e-02 4.860247831531069899e+22
2.118307976005932153e-02 4.902603319788600662e+22
2.122014891704530198e-02 4.960902348788963947e+22
2.122174725367808462e-02 4.963351309639952315e+22
2.122253859072020798e-02 4.964470298167278253e+22
2.130782233927267649e-02 5.092569323763275714e+22
2.130865672961099189e-02 5.093776355857512006e+22
2.131287263661677325e-02 5.100075405418556713e+22
2.133072577505493173e-02 5.126203891149523701e+22
2.133268118831070301e-02 5.129279999794234576e+22
2.135053432674885454e-02 5.155760464145831009e+22
2.135248974000462929e-02 5.158524857798525505e+22
2.136689676173886623e-02 5.179826429191553391e+22
2.137536477550372807e-02 5.192641866940646058e+22
2.137832034943281875e-02 5.196953260592118681e+22
2.144918776059454718e-02 5.302817619217248105e+22
2.146279923311423393e-02 5.322416755975753250e+22
2.150116667745579496e-02 5.378406069119185689e+22
2.155043309447633379e-02 5.448894546473834355e+22
2.161818728943169787e-02 5.548521797552415808e+22
2.162871414320570104e-02 5.563645562965632169e+22
2.165268651491017438e-02 5.597464862249423418e+22
2.172254583951985576e-02 5.696669222391446399e+22
2.178718681826884856e-02 5.788960299082941517e+22
2.178872804760411189e-02 5.791158004147654597e+22
2.179584596262762811e-02 5.800755443625654590e+22
2.179707425130143761e-02 5.802280876836908958e+22
2.180370007335420690e-02 5.811574271953921796e+22
2.180687046704011048e-02 5.815945935326675993e+22
2.183131659771793062e-02 5.850020330748674205e+22
2.183801445195727997e-02 5.859456340540589185e+22
2.184073495684555818e-02 5.863094981415565001e+22
2.186011297229778841e-02 5.890255987091941674e+22
2.186152350254407656e-02 5.892291863347855570e+22
2.186424750172143161e-02 5.895968704497373413e+22
2.186651885575372628e-02 5.899138360934513246e+22
2.189018955411088305e-02 5.931871571491673447e+22
2.190468419776435763e-02 5.951645886618868593e+22
2.192495316004215017e-02 5.976271127664761242e+22
2.194223393746023293e-02 5.999622139138617953e+22
2.195323382855808581e-02 6.014741352276789769e+22
2.198304047300688249e-02 6.054605573090933159e+22
2.201099097620354619e-02 6.092482135605080018e+22
2.202380552855725399e-02 6.110512637709053959e+22
2.203940659427382556e-02 6.131752878142624314e+22
2.209896739075264266e-02 6.213479156771162214e+22
2.210854529651914632e-02 6.224151558923108116e+22
2.211699728811817797e-02 6.235189595462733450e+22
2.212854533136964647e-02 6.250287451589874549e+22
2.212972031599694939e-02 6.251574095582847618e+22
2.213657925108741126e-02 6.260658771521795890e+22
2.214294099644667155e-02 6.268685577711566769e+22
2.214408205025781770e-02 6.270091442772348030e+22
2.215619219367278778e-02 6.286198137817370355e+22
2.216623057995565499e-02 6.298996093054950257e+22
2.222672991105365328e-02 6.377509580880661080e+22
2.226236621271948657e-02 6.425060266893396830e+22
2.227017375211353539e-02 6.435283828635201647e+22
2.227915584065124840e-02 6.446468106252009760e+22
2.231688057101989184e-02 6.495434373905868495e+22
2.236041477195199398e-02 6.549316275402280901e+22
2.237311276725010081e-02 6.565631640830006945e+22
2.237614499574974714e-02 6.569473961936885803e+22
2.238793121709932096e-02 6.583976542248599185e+22
2.239814203642271490e-02 6.597045737823099526e+22
2.240293079655983691e-02 6.603142311970434816e+22
2.241384599857383988e-02 6.616405949952817522e+22
2.241863475871096537e-02 6.622720327673838567e+22
2.242737059570337407e-02 6.635329113800243675e+22
2.242958213624221889e-02 6.638083483546393615e+22
2.243616212158035597e-02 6.645847979445243924e+22
2.243760836901860511e-02 6.647560579993105859e+22
2.253355581781881639e-02 6.764519864211916351e+22
2.253660408564649859e-02 6.768095969215223169e+22
2.256304084606877008e-02 6.800263913841999688e+22
2.258967588567984200e-02 6.832201686882446842e+22
2.268771292816145271e-02 6.952698909041245972e+22
2.269096121111312606e-02 6.956431931709088753e+22
2.273110730484844896e-02 7.003813524160651041e+22
2.274174340234107541e-02 7.013637311876533164e+22
2.284187003850409250e-02 7.129904306851992830e+22
2.284188236969180927e-02 7.129923298241666666e+22
2.284192908296830971e-02 7.130004563684130973e+22
2.286164897270331550e-02 7.152253314105029008e+22
2.286170429979805796e-02 7.152345785033040907e+22
2.289606182712049590e-02 7.190836711416324004e+22
2.289627233960786490e-02 7.191016327509974817e+22
2.289649472720194090e-02 7.191009193398049440e+22
2.300835629594819368e-02 7.323268220172032698e+22
2.301507330682120087e-02 7.336779684767351597e+22
2.310523374622736395e-02 7.507761618115201335e+22
2.312111396343658615e-02 7.536307231526756968e+22
2.322904493160756964e-02 7.685825990961963991e+22
2.324456251318310698e-02 7.702802319438069209e+22
2.331423332488022013e-02 7.763275948041372592e+22
2.334573319967123139e-02 7.787323055523982475e+22
2.344973356726693173e-02 7.842021535676170135e+22
2.345807269816188589e-02 7.845338669858035650e+22
2.348619516376602295e-02 7.854064904291749567e+22
2.353405699173176727e-02 7.868161675621661304e+22
2.353622253518070431e-02 7.868678180220433963e+22
2.353904741094794625e-02 7.869562338951042800e+22
2.354950967885368132e-02 7.872301594595443710e+22
2.370428400934462485e-02 7.898475782559723474e+22
2.383994141042340698e-02 7.914480642746169373e+22
2.389014586022634307e-02 7.920862195341094761e+22
2.390168667304208919e-02 7.925881330474307027e+22
2.391201932394431545e-02 7.924093146980667517e+22
2.393302656505303522e-02 7.926551376771279330e+22
2.402077841170294562e-02 7.937895157374548076e+22
2.405617414376013535e-02 7.942526019425487815e+22
2.409908933673953965e-02 7.949812867967110611e+22
2.415986354636176850e-02 7.960165036296785153e+22
2.437152316393773749e-02 8.009369463685411924e+22
2.444334146500197480e-02 8.024006580135028117e+22
2.460854036175945392e-02 8.072345112378635767e+22
2.463530913849492146e-02 8.080309288801915005e+22
2.483848529221177256e-02 8.148405463603283912e+22
2.483950083350136562e-02 8.149066797773056115e+22
2.486466502739506299e-02 8.162373170566846533e+22
2.504713377702470073e-02 8.240501026981121779e+22
2.506843022266409815e-02 8.249074945684933915e+22
2.527747954397156077e-02 8.357698843896360993e+22
2.529837515311642027e-02 8.368521734586348706e+22
2.551740257417240212e-02 8.505874192316741190e+22
2.558267809253800956e-02 8.550456976562068233e+22
2.585442999569037559e-02 8.754435013650819947e+22
2.587220092874139427e-02 8.768676167033399384e+22
2.619145741720833517e-02 9.062189291615293958e+22
2.621136818071395647e-02 9.084422653632153911e+22
2.624337675473052342e-02 9.117590198068520262e+22
2.659138079357181716e-02 9.529622096098142401e+22
2.666178489205862576e-02 9.630219526052226112e+22
2.672318717454630344e-02 9.715419993792935310e+22
2.680397300692324847e-02 9.836677573380378355e+22
2.687141145576472934e-02 9.947367320141523478e+22
2.715267171648814981e-02 1.050169200683457939e+23
2.723500616837864347e-02 1.069648562704726035e+23
2.732698835648781840e-02 1.092423738842923286e+23
2.755023725091516190e-02 1.162038167925878539e+23
2.765416208885110999e-02 1.201442559294097504e+23
2.792761987638825785e-02 1.334610326077962736e+23
2.803186396333322630e-02 1.403686632370515707e+23
2.807359538326655371e-02 1.433866058535709578e+23
2.808488132028237952e-02 1.443068142154981604e+23
2.810021766587997294e-02 1.455609065954898524e+23
2.815603317039986134e-02 1.504146770390232943e+23
2.817673788660841547e-02 1.523403728167279232e+23
2.827381476634957536e-02 1.628553277584358968e+23
2.831304900764033960e-02 1.679208760308862005e+23
2.843664676232222216e-02 1.876565542696243786e+23
2.844371598619398547e-02 1.890235237268134979e+23
2.845412301924735501e-02 1.911094869172416078e+23
2.853869347432589840e-02 2.104428465505727991e+23
2.856221345226388555e-02 2.169256757317174936e+23
2.862000403697544451e-02 2.351079110546125215e+23
2.875312891335497431e-02 2.938242141888547295e+23
2.876153737915936037e-02 2.984921328098596576e+23
2.880832782051780463e-02 3.270290946668166644e+23
2.881439166764312304e-02 3.310982648502468613e+23
2.883348543744028783e-02 3.442817807010741459e+23
2.884785857965492181e-02 3.547983730482971725e+23
2.885390937503183595e-02 3.592901338267246186e+23
2.887873664058654768e-02 3.787335063709130749e+23
2.891236009867658580e-02 4.070391521109449365e+23
2.898155948636059465e-02 4.723222910387517380e+23
2.898435801326610523e-02 4.750488865954041923e+23
2.898500312450019711e-02 4.757030453097848950e+23
2.898592402119243294e-02 4.766271736960328443e+23
2.899125391164985785e-02 4.819381678312055489e+23
2.899397424099686010e-02 4.848226309972052704e+23
2.899712218524728644e-02 4.880736195045965064e+23
2.900272180155355484e-02 4.936904633717105508e+23
2.901718464203707423e-02 5.085007871637034327e+23
2.906232379488764977e-02 5.560816257885564861e+23
2.908816361541621126e-02 5.840231635906268339e+23
2.909448158765700482e-02 5.908582083999276382e+23
2.912652016049750367e-02 6.257849553613603052e+23
2.913285679138736400e-02 6.327506041481664680e+23
2.913912774654695698e-02 6.395531076383875751e+23
2.917054496236849703e-02 6.738681373773511304e+23
2.919170446107273442e-02 6.969503287288110137e+23
2.921539625751278652e-02 7.225938681754184277e+23
2.921781082586209083e-02 7.252181013349540204e+23
2.922436422685243188e-02 7.322647226915567016e+23
2.925569709181615255e-02 7.658822726976533221e+23
2.926298490433012697e-02 7.736920187916806951e+23
2.927341671930147951e-02 7.848022251539980028e+23
2.930815246924112216e-02 8.216103301716884440e+23
2.933174928397938586e-02 8.463050429568276559e+23
2.939372610348011880e-02 9.104592707668514051e+23
2.941634889463890304e-02 9.335885302642514571e+23
2.944755128905993807e-02 9.653691577266519943e+23
2.948527601632824902e-02 1.003544623380230897e+24
2.952446730263010716e-02 1.042789170996182595e+24
2.956512023001891046e-02 1.083275548207461547e+24
2.958695010887875398e-02 1.104744494286088784e+24
2.959763674454440538e-02 1.115255775685793192e+24
2.961721607178756377e-02 1.134534764944742553e+24
2.962790270745322210e-02 1.145032788682334053e+24
2.964748203469637355e-02 1.164185838606712171e+24
2.965816867036203536e-02 1.174633065704651420e+24
2.970985464234507378e-02 1.224999731377911638e+24
2.973122058402159415e-02 1.245750286057564963e+24
2.976947419491149383e-02 1.282841887322314738e+24
2.978908137284027105e-02 1.301812483881996116e+24
2.985529476441212832e-02 1.365459227428424742e+24
2.988407695148445967e-02 1.393048015192861765e+24
2.990593562967788430e-02 1.413993407669122156e+24
2.991999407531852756e-02 1.427374732769362700e+24
2.999999505753821877e-02 1.503481849378016604e+24
3.003693331894734600e-02 1.538714614831816546e+24
3.003925440599973865e-02 1.540860965641285347e+24
3.004312107284850750e-02 1.544467876006888731e+24
3.004544215990090361e-02 1.546663086587153689e+24
3.004930882674968287e-02 1.550376329299964899e+24
3.005162991380207552e-02 1.552555810822550194e+24
3.005829289044901695e-02 1.558911573761980904e+24
3.007582791742182196e-02 1.575493332429197032e+24
3.011181264727544327e-02 1.609561941532717487e+24
3.015874856777743876e-02 1.653927011647292260e+24
3.019571347716315871e-02 1.688779857329598058e+24
3.021681462672469454e-02 1.708660463909515087e+24
3.025173607456176431e-02 1.741433774173247062e+24
3.027162336620890098e-02 1.760114232229106802e+24
3.032109846652435853e-02 1.806564994688600836e+24
3.034650869898377831e-02 1.830410322808721881e+24
3.035319074320813951e-02 1.836780804181548677e+24
3.035522124821634152e-02 1.838679382106890811e+24
3.038449816464035627e-02 1.865990980293716032e+24
3.038764549940183371e-02 1.869002692660443874e+24
3.039540521636460366e-02 1.876305623214660424e+24
3.044765176739943485e-02 1.925121627437219189e+24
3.045294106990127994e-02 1.930158869243979513e+24
3.045835410894605008e-02 1.935233948181466857e+24
3.047204162894049523e-02 1.948026375861264282e+24
3.051705463157506487e-02 1.990089482984386921e+24
3.052907008849858536e-02 2.001262401053197265e+24
3.054979014385264882e-02 2.020617130634737860e+24
3.055795287447755568e-02 2.028241812494071726e+24
3.059886365144302497e-02 2.066443680889858695e+24
3.060697059360467306e-02 2.074031932660051580e+24
3.061222479090832879e-02 2.078904207848424679e+24
3.061581773425905637e-02 2.082254815910011054e+24
3.070435944458411656e-02 2.164749461321270910e+24
3.072605268425553440e-02 2.185029063425143666e+24
3.074242365327964008e-02 2.200272374595169938e+24
3.076806678200067618e-02 2.224125006661977027e+24
3.077773684602023302e-02 2.233097259032339169e+24
3.079804048560379551e-02 2.252011606521603802e+24
3.087262251565095483e-02 2.321474086390114791e+24
3.091270839264056297e-02 2.358751678326478821e+24
3.092107182613644534e-02 2.366533052681528258e+24
3.092207217594751187e-02 2.367422366864320359e+24
3.093616956119999914e-02 2.380475914998307791e+24
3.096707759983750863e-02 2.409206446059689242e+24
3.098491051599781831e-02 2.425786700446472161e+24
3.098857925261115989e-02 2.429192804356343261e+24
3.100641216877147999e-02 2.445768653387803461e+24
3.101500311573375523e-02 2.453762473501662288e+24
3.102966265378947347e-02 2.467438764626146012e+24
3.106285501946410774e-02 2.498271913359116979e+24
3.108133565966300638e-02 2.515498039349101508e+24
3.109738750939504762e-02 2.530245242657286769e+24
3.112190571868065150e-02 2.553145641656917156e+24
3.113042095428242978e-02 2.561055724723340298e+24
3.114153006970654669e-02 2.571367042118878491e+24
3.118418300454446623e-02 2.611004447818693009e+24
3.120139094649014566e-02 2.627009858681688491e+24
3.122303102397994135e-02 2.646979074527729904e+24
3.125333350300278645e-02 2.675220747028860385e+24
3.127000913157795131e-02 2.690692893976897559e+24
3.129421144784274439e-02 2.713224630132944176e+24
3.132173937322334234e-02 2.738780472128674571e+24
3.132461117291353292e-02 2.741430144357942025e+24
3.132941186481397189e-02 2.745924211516960548e+24
3.135037213191005367e-02 2.765381781794164291e+24
3.135517282381048570e-02 2.769873041793150127e+24
3.137613309090658137e-02 2.789339635810254054e+24
3.138093378280701340e-02 2.793761972558921919e+24
3.143540351092154878e-02 2.844298530180502596e+24
3.145715067444656426e-02 2.864519477707791290e+24
3.146272129689565294e-02 2.869735773658393344e+24
3.152513977325332312e-02 2.927763193758666646e+24
3.155858528904002813e-02 2.959015718317831087e+24
3.160124598650214389e-02 2.998611817418497739e+24
3.164372719635824560e-02 3.038241068793500432e+24
3.167485196137839049e-02 3.067089773902388131e+24
3.173593872011822026e-02 3.123908166499060549e+24
3.174534129855770964e-02 3.132730417053269808e+24
3.175059076289555443e-02 3.137650539228751695e+24
3.177601768568315971e-02 3.161408203203890848e+24
3.178126715002100450e-02 3.166300716814062143e+24
3.180669407280860284e-02 3.190098569192972088e+24
3.181194353714644762e-02 3.194955665553227457e+24
3.187668200845960448e-02 3.255281629750782885e+24
3.187845811260468787e-02 3.256988810291538001e+24
3.189840595800090550e-02 3.275493975766911701e+24
3.194451779551551324e-02 3.318667835610370104e+24
3.195674759009923399e-02 3.330133583435029918e+24
3.202559853788268518e-02 3.394472977000434879e+24
3.204730524655990259e-02 3.414893285729478140e+24
3.208308051099562769e-02 3.448515089142556370e+24
3.214932985027787321e-02 3.510901987911292437e+24
3.217370414706590548e-02 3.533914649367801061e+24
3.217805176397380701e-02 3.538021554848629971e+24
3.219376060350586516e-02 3.552841704587746051e+24
3.219810822041378057e-02 3.556966002608003835e+24
3.221381705994583178e-02 3.571871926508364725e+24
3.221816467685374719e-02 3.575939189240119563e+24
3.226431963947461873e-02 3.619814029164884963e+24
3.231390441366950583e-02 3.667118222756419002e+24
3.231902554607320177e-02 3.671923114488937763e+24
3.233397727736303517e-02 3.686374814815568940e+24
3.235828719511046198e-02 3.709697257743671462e+24
3.236710782543218007e-02 3.718238135332872122e+24
3.241419942832078627e-02 3.763792968609170952e+24
3.244174100885444806e-02 3.791025257297163831e+24
3.245872239622515920e-02 3.807842951267123450e+24
3.250398501658258166e-02 3.853484931877634069e+24
3.251079655129394952e-02 3.860520964410415212e+24
3.252846747934290406e-02 3.878881764608974902e+24
3.256898928626893869e-02 3.922158855221902406e+24
3.257019303343046401e-02 3.923330841552590947e+24
3.259798269327520565e-02 3.954821853161993275e+24
3.260234066821984800e-02 3.959875951566662473e+24
3.262751582471651313e-02 3.989638223101277891e+24
3.264863393295576455e-02 4.016137247861472762e+24
3.266522735385851695e-02 4.038179543517494239e+24
3.267435241859499573e-02 4.050603913837482388e+24
3.270570469365265132e-02 4.096794920120420321e+24
3.272535532371349115e-02 4.128470956083503377e+24
3.274136116210257796e-02 4.156546338895166230e+24
3.276989355097496837e-02 4.212229981169824456e+24
3.283176500681680987e-02 4.366843153520334253e+24
3.285887361883060853e-02 4.454723155529744633e+24
3.289888422604129309e-02 4.612731753278086769e+24
3.290058620744327339e-02 4.620399105295519893e+24
3.290674655831699741e-02 4.648400642699398664e+24
3.300807643339397079e-02 5.223893697399649481e+24
3.302631570325333804e-02 5.338901698203625533e+24
3.305179608862363755e-02 5.500136351074826672e+24
3.307219994872691998e-02 5.627551854802550655e+24
3.307941556074741468e-02 5.671722669657705033e+24
3.310145190317462238e-02 5.804767489984384639e+24
3.312702032015409082e-02 5.953901354031597469e+24
3.313654178840429870e-02 6.007857995099189423e+24
3.316663527204653794e-02 6.172803509485810078e+24
3.318195587309385325e-02 6.253357228739737361e+24
3.321652883240822779e-02 6.427579183204313810e+24
3.323518794862873049e-02 6.517038763365026794e+24
3.324913655933749851e-02 6.582743424588353045e+24
3.326245984301307718e-02 6.644809458230772508e+24
3.329641259536701703e-02 6.796138096222868976e+24
3.332041481244842063e-02 6.901084027536190749e+24
3.333132272431536119e-02 6.947075318502392915e+24
3.333494993023784075e-02 6.962280680269997215e+24
3.334005463118407120e-02 6.983245265203956680e+24
3.334148070463280322e-02 6.989047224556941308e+24
3.334558321517862994e-02 7.006159230441938710e+24
3.334684302844348469e-02 7.011564233479911176e+24
3.342057090814402193e-02 7.302462744731746478e+24
3.342612910533865334e-02 7.323515010560385979e+24
3.342780361615926149e-02 7.329574971651126408e+24
3.343208519215008778e-02 7.345978444645621884e+24
3.343916218400584672e-02 7.372122554431846031e+24
3.346452955048442174e-02 7.464943574315872440e+24
3.346873134841544389e-02 7.479803268692900584e+24
3.347243355503209949e-02 7.493253879190924911e+24
3.350937829580073052e-02 7.619711488722620916e+24
3.357840253987121049e-02 7.835965688238529124e+24
3.359245280259384042e-02 7.878935689984135783e+24
3.361164555131495452e-02 7.933791111747844333e+24
3.365581732751283389e-02 8.051150063441768469e+24
3.369227552925802699e-02 8.141055396129348314e+24
3.370606217605161270e-02 8.173171590162276558e+24
3.371920839740378401e-02 8.202839903622328897e+24
3.372859060588527524e-02 8.223665335151079100e+24
3.373664273192159002e-02 8.241075804307424526e+24
3.376132224800544590e-02 8.291598879519357629e+24
3.380482872957524948e-02 8.376782252725425179e+24
3.381320681450367821e-02 8.392382526881096366e+24
3.382037142501091720e-02 8.404800264932751441e+24
3.383303423762942796e-02 8.427676376557111407e+24
3.384785409528000277e-02 8.452648188146720086e+24
3.385730897888150626e-02 8.467669915713144831e+24
3.389222989962843019e-02 8.521692645817625440e+24
3.390625742185069541e-02 8.542563193121019406e+24
3.391397302942449760e-02 8.553714910066897234e+24
3.392791362845636038e-02 8.572856023080731532e+24
3.393574121226702878e-02 8.583412920771516440e+24
3.396698735591872909e-02 8.623450525871812993e+24
3.399414937489837057e-02 8.656067161426812610e+24
3.400405684631157416e-02 8.665862666728085461e+24
3.400441888770378007e-02 8.666810284798568053e+24
3.401459106702259955e-02 8.678659772222007115e+24
3.401812111675845546e-02 8.682548814864282183e+24
3.403956550305631268e-02 8.705376452272584797e+24
3.404302355423118737e-02 8.708890948855342280e+24
3.410208634183239246e-02 8.765928764787597832e+24
3.410728916669845262e-02 8.770242596005949605e+24
3.411476176166102631e-02 8.776730715749747098e+24
3.414909058064281161e-02 8.803084143044042481e+24
3.422010683121384095e-02 8.849462840800616894e+24
3.422767919905977257e-02 8.853742109978724674e+24
3.423511643981846236e-02 8.857338573064734285e+24
3.425515760705444279e-02 8.869104283862505045e+24
3.434359726839045918e-02 8.904645186493349401e+24
3.434806923142109253e-02 8.905964387869083541e+24
3.435145455726684727e-02 8.907003151863297283e+24
3.435478250377109466e-02 8.907396196955048800e+24
3.435825876585649891e-02 8.908519836522651962e+24
3.436152257373104729e-02 8.909881925200149930e+24
3.445260932974236051e-02 8.928150478035999154e+24
3.445291752018767722e-02 8.927912285856702319e+24
3.445610477785766151e-02 8.927548758177773475e+24
3.447183009288974642e-02 8.928957714788241952e+24
3.447913407875426856e-02 8.928816313626164063e+24
3.455251237985172003e-02 8.926179884190063726e+24
3.455937132695208192e-02 8.925386760593896230e+24
3.457946150063960500e-02 8.924015961104992933e+24
3.461173358515672732e-02 8.917480326111001628e+24
3.465195908395638652e-02 8.905917566071216133e+24
3.465922629904673313e-02 8.904267760444745212e+24
3.467009393117241600e-02 8.900216985689450990e+24
3.467736114626276261e-02 8.897737040955759131e+24
3.472239421379759439e-02 8.879608324849244821e+24
3.474905153692198212e-02 8.867693204229918462e+24
3.476892072422789470e-02 8.857040833536677116e+24
3.478310798840123647e-02 8.848690980313210802e+24
3.484343875057183126e-02 8.808345360588092727e+24
3.485548456980078896e-02 8.799023209307107653e+24
3.488274662684021782e-02 8.777622338664066391e+24
3.488885483053971726e-02 8.773015113522277492e+24
3.496127354605838011e-02 8.706334628739750795e+24
3.496191760267960275e-02 8.705127305130302971e+24
3.496217443091836213e-02 8.704559236141726768e+24
3.497908862764723126e-02 8.686628809919500130e+24
3.497934545588598371e-02 8.687026573380950583e+24
3.499625965261484589e-02 8.667993844664915225e+24
3.507832400986458238e-02 8.566667769288206942e+24
3.507840135635213741e-02 8.566490456585169350e+24
3.509004580220866087e-02 8.549892413049745221e+24
3.509989942827415610e-02 8.535940699089008541e+24
3.510082203194277856e-02 8.534186215741247281e+24
3.519690178954822113e-02 8.374830468930126861e+24
3.519755578259665257e-02 8.373459072235352946e+24
3.520335364402053802e-02 8.363223555553946640e+24
3.524148731046516936e-02 8.289132979497782192e+24
3.524486276151543585e-02 8.281953662310953985e+24
3.524694849343778386e-02 8.277651738922878503e+24
3.524847975084764024e-02 8.274571292857585285e+24
3.524889672312182809e-02 8.273789476221108257e+24
3.525259433403342413e-02 8.265894980571388176e+24
3.530761105876795147e-02 8.143590897576760297e+24
3.530954243081386307e-02 8.139029665740442047e+24
3.531199422265084154e-02 8.133842048072973017e+24
3.531543066144868931e-02 8.125513747030218405e+24
3.531620151249758449e-02 8.123762189726891454e+24
3.533700915449738272e-02 8.072032628817901218e+24
3.537361292688442210e-02 7.976738873883722267e+24
3.538271855001932226e-02 7.951987695907245792e+24
3.539100301467274640e-02 7.928940349121216043e+24
3.539281512705353544e-02 7.923482650481084183e+24
3.541144052180535823e-02 7.870944686477086990e+24
3.541924615702488066e-02 7.848178317046617469e+24
3.541988673404407317e-02 7.846174662950318506e+24
3.542400173345803399e-02 7.833889623463333171e+24
3.544318139072264590e-02 7.775309465823247694e+24
3.552322854719924816e-02 7.512267760469260986e+24
3.553240253984348701e-02 7.479365117141989796e+24
3.554173690287389109e-02 7.446028986561372807e+24
3.559714096477577944e-02 7.238635065198207721e+24
3.562721093737360872e-02 7.120106095734250579e+24
3.563325673561643092e-02 7.095843928208598874e+24
3.563920873860766669e-02 7.071621647354866763e+24
3.564630416821421705e-02 7.042769719843170629e+24
3.565604856542949064e-02 7.002731050749717452e+24
3.570108097306158579e-02 6.810779743681629468e+24
3.571314495750355783e-02 6.757037718110535625e+24
3.573146071143568775e-02 6.675724795678423888e+24
3.573850356849808674e-02 6.644180913187418771e+24
3.579053243416613350e-02 6.395496957766400093e+24
3.579541712750015231e-02 6.371525103003255655e+24
3.581835350544562008e-02 6.254383545130752194e+24
3.582095857156668284e-02 6.240486865158998506e+24
3.586936119752279217e-02 5.976524147574634854e+24
3.587736426362910652e-02 5.930723400146761787e+24
3.587763113011868676e-02 5.928934453157683498e+24
3.589558983002844039e-02 5.823373367069559300e+24
3.589586450336156032e-02 5.822130482793163535e+24
3.589644588357852190e-02 5.818102412079470291e+24
3.594435329803934848e-02 5.525100086103314618e+24
3.595037575386387380e-02 5.487241754766170405e+24
3.595693045726694459e-02 5.445658416723636982e+24
3.597529352194004520e-02 5.329208878109860387e+24
3.598033739645427331e-02 5.297092705712252224e+24
3.599529086020732127e-02 5.203648612854121665e+24
3.603670477559674235e-02 4.947334682402998205e+24
3.604047141358501100e-02 4.925222076513543875e+24
3.605729070285125515e-02 4.830059004678241004e+24
3.608833995360908459e-02 4.671601100740504427e+24
3.609434292937609146e-02 4.643629835784506713e+24
3.610219452139232232e-02 4.608428897906315028e+24
3.610551300321502427e-02 4.593859347756092045e+24
3.611297478284244966e-02 4.562422900629586506e+24
3.613238879857201546e-02 4.486427930299756158e+24
3.614185395500808806e-02 4.452315066917998094e+24
3.614437999471101920e-02 4.443408800257122670e+24
3.621657747302119146e-02 4.241902653054617198e+24
3.622102990587300342e-02 4.231866887185461211e+24
3.622805673736551046e-02 4.216656500159788907e+24
3.623465323786938252e-02 4.203050339365355398e+24
3.623745534633487225e-02 4.197296594884015044e+24
3.624639379679188422e-02 4.179794215127368920e+24
3.627763131484945669e-02 4.123829760174771497e+24
3.631270510055140122e-02 4.069234161971641201e+24
3.632596062368449036e-02 4.050362629567360644e+24
3.633557108952972792e-02 4.037194328445412113e+24
3.634711095299374140e-02 4.021807695879448606e+24
3.641043488824398378e-02 3.945236231507419534e+24
3.641200038136644529e-02 3.943415868113327569e+24
3.641334729676946880e-02 3.941787826647688215e+24
3.641463293187056222e-02 3.940390856778025531e+24
3.641667646703165839e-02 3.937992583332606593e+24
3.647851859029139360e-02 3.871378394737053020e+24
3.648775760141739072e-02 3.861848243585724440e+24
3.650696774869337941e-02 3.842229385046051575e+24
3.653839991202662701e-02 3.810726511450635366e+24
3.656243476731287773e-02 3.786953023197937941e+24
3.663037229613988477e-02 3.720765251358850265e+24
3.663344542302413021e-02 3.717826235090804668e+24
3.666627784828342673e-02 3.686394938464718364e+24
3.668860516554361267e-02 3.665009775737246570e+24
3.668965521248594708e-02 3.663928701458159975e+24
3.670304932429228895e-02 3.651262180407111095e+24
3.672136790393359246e-02 3.633745141550049483e+24
3.675208407734310845e-02 3.604665819727697411e+24
3.678868069944516567e-02 3.570100808571294390e+24
3.679228517687277433e-02 3.566683141102428228e+24
3.680734894727165363e-02 3.552340212384784221e+24
3.681095342469926923e-02 3.549000935990113423e+24
3.682601719509817628e-02 3.534833437832003482e+24
3.690260009490573673e-02 3.462601824003135856e+24
3.691487728788771933e-02 3.451039380226124965e+24
3.695360662848085759e-02 3.414663302272925578e+24
3.696195842782455665e-02 3.406958101816506044e+24
3.703599688050392830e-02 3.337426073343719847e+24
3.704594464430753520e-02 3.328120385082486904e+24
3.708965518502009562e-02 3.287262378651992849e+24
3.709789966055092314e-02 3.279556245442039602e+24
3.716891875792095040e-02 3.213128510948460521e+24
3.717701200072733719e-02 3.205549174087265657e+24
3.718049840190786048e-02 3.202307378481345721e+24
3.720124621199312476e-02 3.183067221288947315e+24
3.720473261317364805e-02 3.179577665191883622e+24
3.722548042325888457e-02 3.160262510093393077e+24
3.724914664579936224e-02 3.138087853329910638e+24
3.725616178558817382e-02 3.131544052575623400e+24
3.727085925205236155e-02 3.117941943430973059e+24
3.730979835495926850e-02 3.081846638455819933e+24
3.739430524649284271e-02 3.003063018912967668e+24
3.740071156414986192e-02 2.997143879138544680e+24
3.740910384266422223e-02 2.989205038814003900e+24
3.743581299286426883e-02 2.964459307981550102e+24
3.747157222122792647e-02 2.931065908157007054e+24
3.747396076799516806e-02 2.928831597331207904e+24
3.755501759549363661e-02 2.853726317076892053e+24
3.758051441789134889e-02 2.829951255235956841e+24
3.761540356517135975e-02 2.797327311685505369e+24
3.761627680888388059e-02 2.796566113304743797e+24
3.762992073061161014e-02 2.783818840632536641e+24
3.764293797519293466e-02 2.771738561992550783e+24
3.764403627319133638e-02 2.770792424900840309e+24
3.766881493366028982e-02 2.747943487426014889e+24
3.766930192841992653e-02 2.747569262018324221e+24
3.769608035651460243e-02 2.722602949139332124e+24
3.769817107697161912e-02 2.720641981523761295e+24
3.770170809523270411e-02 2.717410414199462722e+24
3.770268133919264797e-02 2.716449473854868904e+24
3.774219051470576597e-02 2.679928698847681386e+24
3.776547777516362642e-02 2.658135170196722206e+24
3.782315472025830905e-02 2.604631573322950213e+24
3.782765846440198226e-02 2.600457555234017386e+24
3.785294376376658471e-02 2.577017492121399603e+24
3.787925564922160065e-02 2.552657023271302070e+24
3.789122960277273300e-02 2.541409561972114310e+24
3.792829614754449769e-02 2.506951157017431989e+24
3.794540164038200797e-02 2.491022625419794229e+24
3.798871617362898495e-02 2.450751872337977792e+24
3.799153334141783245e-02 2.448073209405993132e+24
3.800468190620457515e-02 2.436017933799252350e+24
3.807186919660518476e-02 2.373320506501209287e+24
3.807665639308287220e-02 2.368940780332169952e+24
3.809784120471389202e-02 2.349315142865606899e+24
3.809995438033461634e-02 2.347300775857947316e+24
3.812113919196564310e-02 2.327609131345341026e+24
3.812325236758635355e-02 2.325681688059051478e+24
3.813567330102622666e-02 2.314122258277600783e+24
3.820473576142847938e-02 2.249834290095889301e+24
3.824496831802966929e-02 2.212367045590413891e+24
3.826829771906362782e-02 2.190537992977089244e+24
3.834065475246106053e-02 2.123290972180581198e+24
3.834093690983767649e-02 2.122918605911179125e+24
3.834101729944650733e-02 2.122860720867818066e+24
3.840767813485685550e-02 2.060784814343372956e+24
3.841976572204407886e-02 2.049523755372106884e+24
3.846263197274833734e-02 2.009470815500231701e+24
3.847551601944646654e-02 1.997359244217182528e+24
3.849678289752339611e-02 1.977433068195669474e+24
3.850966694422153919e-02 1.965495439870367927e+24
3.853093382229848263e-02 1.945616853420347918e+24
3.853855972980732569e-02 1.938524275113883588e+24
3.853970473592025631e-02 1.937434287991976205e+24
3.857481583044732737e-02 1.904642517526703052e+24
3.858150033668458767e-02 1.898376433275042242e+24
3.858565894871146540e-02 1.894411068517525473e+24
3.865637006588391877e-02 1.828222965442323524e+24
3.873212053157187168e-02 1.757012077659068226e+24
3.873954872607747457e-02 1.750074659785632605e+24
3.879019004321916653e-02 1.702433894599873635e+24
3.882427952365822416e-02 1.670288942828437809e+24
3.888274072645916263e-02 1.615044316890974363e+24
3.890143365665563180e-02 1.597383147019700869e+24
3.898057909644900287e-02 1.522500127284687058e+24
3.899195352306446954e-02 1.511576250303705506e+24
3.899247661918241875e-02 1.511087123791777209e+24
3.899296551248540577e-02 1.510572465360342325e+24
3.899405010790239767e-02 1.509466099565983779e+24
3.899781027571368880e-02 1.505974364021493839e+24
3.901024608714602493e-02 1.494237417448414573e+24
3.901532269329640451e-02 1.489434393300161090e+24
3.902178068754500601e-02 1.483335572738690079e+24
3.902685729369538559e-02 1.478530626543725778e+24
3.907623253508809430e-02 1.431163405149334619e+24
3.914963011060277470e-02 1.361068110721974264e+24
3.915919290216885590e-02 1.351871693547808299e+24
3.918974509223949187e-02 1.322520347469046090e+24
3.921578600588804253e-02 1.297442279333930761e+24
3.930289915359740094e-02 1.212865104193219455e+24
3.930811892980926037e-02 1.207841196928431204e+24
3.935263289078357735e-02 1.164359113360574578e+24
3.936241632300525178e-02 1.154771905418262418e+24
3.945616819659202718e-02 1.062216706038182602e+24
3.947695018604027023e-02 1.041611077117314549e+24
3.947729147437778474e-02 1.041230051712094437e+24
3.949807346382605555e-02 1.020380708705799309e+24
3.949841475216355619e-02 1.020064074974447014e+24
3.950202611813379699e-02 1.016462914661586190e+24
3.951804358632342307e-02 1.000414196004808540e+24
3.955161399217255180e-02 9.664663821890944584e+23
3.958964501900866240e-02 9.275728750933387111e+23
3.959369404506462436e-02 9.234452933538464693e+23
3.964201576392940851e-02 8.736598203171948462e+23
3.965528065966677368e-02 8.596755982775397258e+23
3.969990771039826061e-02 8.130985649852673142e+23
3.971569600692829299e-02 7.963305083854016039e+23
3.976471578304604376e-02 7.440103956656376355e+23
3.978464067081011191e-02 7.224922533356143211e+23
3.981017040178785188e-02 6.946996920647355529e+23
3.982325052739706106e-02 6.804756528352075092e+23
3.984392365712480927e-02 6.578704339879456544e+23
3.985311967734314620e-02 6.478452632914791068e+23
3.987251451637619654e-02 6.265594760267733548e+23
3.990081146547289070e-02 5.957645699556995215e+23
3.990963575965032761e-02 5.860794216702156116e+23
3.993123668191442266e-02 5.627034004543271265e+23
3.994932445209043587e-02 5.432908738302214469e+23
3.995450550987919569e-02 5.377271434187031833e+23
3.995795540469765372e-02 5.340989389347906839e+23
3.997808817497786049e-02 5.128903854105571287e+23
4.002842026576249046e-02 4.620130731452026197e+23
4.003024995816494708e-02 4.602938391145957755e+23
4.004761536205218159e-02 4.434097805667594142e+23
4.005309812071349701e-02 4.381706014954178981e+23
4.005719011967514426e-02 4.343878003829370069e+23
4.005835929189277556e-02 4.332972415636738817e+23
4.007965556315355032e-02 4.138635109239687028e+23
4.010241213201232863e-02 3.939783820212510308e+23
4.015362408052534915e-02 3.533207363317022316e+23
4.016102207501802412e-02 3.479456270785192971e+23
4.016595165796954525e-02 3.443618552461401805e+23
4.018224069813227523e-02 3.330645215026433931e+23
4.018448157763132578e-02 3.315245082204871883e+23
4.020073496804444507e-02 3.208103967064378069e+23
4.020505891751356697e-02 3.180654448478739329e+23
4.023262751149658117e-02 3.014556391727941120e+23
4.028022537687161314e-02 2.760683474753809705e+23
4.032053566042041737e-02 2.573987220716568665e+23
4.036160666958719945e-02 2.411798111951105934e+23
4.040679510097545252e-02 2.258541671956516700e+23
4.042191235629588597e-02 2.211856153663557400e+23
4.047802312197038010e-02 2.057955820687291245e+23
4.051815442166082498e-02 1.964860282208910395e+23
4.054620833483466719e-02 1.906932057740672353e+23
4.054932930094112126e-02 1.899827476614441410e+23
4.058886811071333450e-02 1.825644952078422943e+23
4.062048678645216460e-02 1.772251828473739849e+23
4.065013861344757978e-02 1.726543036476903978e+23
4.070468886447622253e-02 1.652169955029057567e+23
4.072618544875679369e-02 1.625402435685338705e+23
4.076362064102335286e-02 1.582501114920543967e+23
4.117850535580021287e-02 1.274362838934643446e+23
4.129525924180538210e-02 1.220075515277616349e+23
4.145938352029911872e-02 1.159127475004280249e+23
4.156021615065540881e-02 1.127677273565192740e+23
4.175577689167997431e-02 1.074991951593115946e+23
4.178179469328330981e-02 1.068691336280089800e+23
4.187093245468304081e-02 1.047673666461457281e+23
4.196833352710942211e-02 1.026298237847314010e+23
4.233304842755970798e-02 9.613425813921097318e+22
4.244825436393129259e-02 9.441492771794708123e+22
4.250431439315308091e-02 9.354631540391013882e+22
4.268180590633781357e-02 9.141320390200409037e+22
4.270407021782147983e-02 9.106508663679383031e+22
4.271951629065481176e-02 9.092167734609128404e+22
4.290788485029352339e-02 8.878978853171079047e+22
4.299077821737834482e-02 8.800814955855310383e+22
4.302437774794171804e-02 8.760030889005753880e+22
4.307280885546271865e-02 8.722203213126151700e+22
4.314782781032958786e-02 8.662448845663189860e+22
4.326204014410186399e-02 8.564810038795671542e+22
4.342227664086726474e-02 8.455368556599676869e+22
4.359885821432347291e-02 8.342130003995049486e+22
4.366598530755920471e-02 8.306470091283049428e+22
4.392519594910790359e-02 8.183662231956018849e+22
4.398996987798538261e-02 8.145568722718356931e+22
4.425153368389234815e-02 8.053074254151842949e+22
4.439254203181528663e-02 8.013929660387817633e+22
4.444587145686427349e-02 8.005411620548864954e+22
4.448088028026275093e-02 7.992163266264805304e+22
4.453661010355500910e-02 7.970011657430254590e+22
4.457866932921104169e-02 7.963185015701848562e+22
4.464020922983621270e-02 7.953338982782278094e+22
4.471959686116237787e-02 7.939418466957634254e+22
4.483454700280814498e-02 7.911204915256931595e+22
4.496993433091546477e-02 7.892670445407688878e+22
4.501243673446990445e-02 7.885513830364276693e+22
4.506895531685029682e-02 7.879547520226078753e+22
4.507019419804583066e-02 7.879661917769612394e+22
4.518296542162214546e-02 7.868706487769430491e+22
4.518348918957957455e-02 7.868732655559202203e+22
4.525109274968902584e-02 7.861457939431387510e+22
4.529670380377936317e-02 7.852629238511279538e+22
4.530411448523953555e-02 7.851849718819995622e+22
4.535480114787665551e-02 7.844280506992559758e+22
4.535581403350641416e-02 7.844179475087135395e+22
4.539883343006904243e-02 7.839089833667545006e+22
4.541763266973994351e-02 7.838337803359569628e+22
4.541812893603320439e-02 7.838836323853923254e+22
4.547828597716744442e-02 7.822270993829561421e+22
4.548005826888360664e-02 7.821484041658651640e+22
4.549434648087605920e-02 7.816858434756853052e+22
4.551107844408752712e-02 7.812313627825851177e+22
4.553973099320714202e-02 7.801787203781144032e+22
4.556452963607411644e-02 7.791731889506326728e+22
4.561759771323385670e-02 7.768511610397754026e+22
4.565205263923256124e-02 7.746943056957402199e+22
4.567964061659258307e-02 7.727832918255460155e+22
4.569452206526250504e-02 7.716873286414420987e+22
4.570761821707851336e-02 7.708419307419341947e+22
4.573483999092924773e-02 7.681630723784956287e+22
4.575582171889634037e-02 7.660742948048587247e+22
4.577544526435621541e-02 7.639498103617598836e+22
4.580047064155999548e-02 7.612517575017185568e+22
4.581389175709935091e-02 7.593842913866515114e+22
4.583649918683146279e-02 7.560392834364808469e+22
4.584775676569632918e-02 7.543449335342937460e+22
4.587533693121056966e-02 7.502979595228227725e+22
4.590785431092300056e-02 7.450144416450792233e+22
4.593721900750386000e-02 7.399365056885242934e+22
4.594558648823144492e-02 7.383398954407591464e+22
4.599906894255571810e-02 7.275411704123999493e+22
4.600168567226188554e-02 7.272623194800217339e+22
4.604468783460752973e-02 7.225565187797799666e+22
4.605265111382417231e-02 7.216375056730176671e+22
4.608043978813974179e-02 7.186702378537511289e+22
4.609551703360078440e-02 7.168996663361994857e+22
4.613000390858008892e-02 7.128447865569176191e+22
4.615339587673790434e-02 7.102969491206576066e+22
4.615932832970772587e-02 7.095918939980605843e+22
4.617002247475686383e-02 7.083697341464341119e+22
4.617616030507337016e-02 7.072943866419748012e+22
4.617969121775202662e-02 7.068776405880762322e+22
4.619066237533344527e-02 7.051373279509745343e+22
4.622822240087005180e-02 7.008996563932901330e+22
4.624261671302341142e-02 6.993085526457264688e+22
4.624645640497912491e-02 6.988796243351282542e+22
4.624812187069417269e-02 6.986779894433685753e+22
4.625001403953733770e-02 6.984659640851606222e+22
4.628601144927690925e-02 6.949890124077777447e+22
4.628639477170115590e-02 6.949545531634950236e+22
4.628679363834439786e-02 6.949015469190643135e+22
4.628725755685678123e-02 6.948461914957144497e+22
4.629708740723586374e-02 6.936493639401990416e+22
4.635642397463233394e-02 6.860874035449182342e+22
4.636883862192179434e-02 6.845864552487495034e+22
4.640222780348757237e-02 6.805800955409207604e+22
4.640901514702253094e-02 6.797689783681541997e+22
4.642535003940710669e-02 6.778142528286558152e+22
4.642694293016714352e-02 6.776085313808090582e+22
4.651770788567549664e-02 6.665695745088611890e+22
4.652874973648608165e-02 6.651633049207715135e+22
4.655382151143495212e-02 6.621575591558915503e+22
4.655411055728795461e-02 6.621389841224097281e+22
4.660627377715448327e-02 6.558114915985470469e+22
4.661920711318656707e-02 6.541697889838242044e+22
4.662391154712163671e-02 6.536104690231114360e+22
4.666977781842274881e-02 6.473115261202769065e+22
4.668779633466606932e-02 6.454533547838611338e+22
4.670345378445025369e-02 6.434657923759266490e+22
4.670872254175681415e-02 6.427885155809805887e+22
4.674723901667928588e-02 6.381137925693774391e+22
4.674889656212766892e-02 6.378515568715391146e+22
4.676693172715863656e-02 6.356217660733358552e+22
4.676845978891127492e-02 6.354275797687928776e+22
4.678189970660695529e-02 6.335046894661021362e+22
4.680940512131596259e-02 6.299137268964602256e+22
4.685523462545814616e-02 6.238506209459557735e+22
4.691500934812325996e-02 6.164819994664920259e+22
4.691750846919081480e-02 6.161094303221345262e+22
4.693014335092850209e-02 6.145035848811498019e+22
4.698173273741796524e-02 6.068263896623583802e+22
4.698862485327533201e-02 6.058542948694593267e+22
4.701652059713398030e-02 6.023573298606831462e+22
4.701961234498983067e-02 6.019656786515767329e+22
4.704750808884845120e-02 5.981688452258162174e+22
4.710187527726885509e-02 5.908566064277693976e+22
4.710855131079379893e-02 5.899562012778164126e+22
4.714386233089388339e-02 5.851237798108442132e+22
4.715874156641459980e-02 5.830443676086294282e+22
4.720885183957985315e-02 5.761030598663374006e+22
4.723969569594906742e-02 5.720842826689700640e+22
4.724564490752729273e-02 5.712573006456052253e+22
4.726626782259458343e-02 5.684285239204113285e+22
4.726965792770410763e-02 5.679532591698720221e+22
4.727049221467467810e-02 5.678274925437434986e+22
4.734470038264309427e-02 5.570264371369986333e+22
4.734819551921523595e-02 5.565157221670549927e+22
4.737415414776884048e-02 5.529264196102155718e+22
4.738002333013673767e-02 5.520441779298827764e+22
4.738069441929509962e-02 5.519055344757075083e+22
4.738243634203193749e-02 5.516596423922757612e+22
4.738824186677689787e-02 5.508229675398240770e+22
4.738998357313110865e-02 5.506006240022899563e+22
4.739075785313461714e-02 5.504860994915305469e+22
4.739644793800813771e-02 5.497096425952836269e+22
4.740054808118990964e-02 5.491677324913298480e+22
4.740262295097573408e-02 5.488755975209183766e+22
4.742244768189358278e-02 5.462001554669359333e+22
4.751612402351983871e-02 5.322878073740211310e+22
4.760049218467445054e-02 5.203695003898252100e+22
4.760098455926575073e-02 5.202923545115659285e+22
4.762250064625782320e-02 5.164308331333385454e+22
4.765224932225497340e-02 5.123297044565686066e+22
4.767844631050212334e-02 5.084503897920158617e+22
4.776838842481774539e-02 4.952817093636396994e+22
4.778837462099012195e-02 4.922539619644111585e+22
4.779367062202206223e-02 4.914657566485018313e+22
4.782179459301944685e-02 4.872808285186979529e+22
4.783449334931417357e-02 4.851773220651902226e+22
4.787536955032457853e-02 4.792093670845425962e+22
4.791145922999815593e-02 4.734341199017860399e+22
4.791472265010562198e-02 4.729185575872968733e+22
4.791673949993545401e-02 4.726114887022342989e+22
4.794951105009114672e-02 4.676579890493654250e+22
4.794996786983782289e-02 4.675872179354881281e+22
4.795373588003574994e-02 4.670275269035519954e+22
4.797633927635619466e-02 4.635203024178890827e+22
4.798798909326066481e-02 4.615325143666132831e+22
4.800347682352656964e-02 4.593653746160436773e+22
4.801300475165085763e-02 4.579056900953659041e+22
4.803408967438958788e-02 4.546477078095840097e+22
4.804950867925258245e-02 4.522678696457650831e+22
4.809294903300177088e-02 4.455239400723117087e+22
4.810641705917972910e-02 4.429891229970805975e+22
4.812696882221439987e-02 4.398190202578926567e+22
4.816725167901651089e-02 4.336037870268306371e+22
4.818194610931984811e-02 4.313630406801064408e+22
4.820377436317955372e-02 4.279723784399858172e+22
4.822582964491344687e-02 4.247191386131452553e+22
4.823270606184618808e-02 4.236280947470781278e+22
4.823893235598800816e-02 4.226520694860775057e+22
4.824408182659216393e-02 4.218510877931197170e+22
4.825362416014638417e-02 4.203375783362092964e+22
4.828148406193169540e-02 4.159825990337282703e+22
4.833207474949537119e-02 4.075395525603668001e+22
4.833400882539419519e-02 4.072413632794491617e+22
4.833483452062105334e-02 4.071269163473567744e+22
4.836355595829047727e-02 4.025334384405119605e+22
4.836438165351736318e-02 4.024022502896153972e+22
4.839310309118678710e-02 3.977610757933508644e+22
4.839573899959546954e-02 3.973420030654890902e+22
4.846605627292344814e-02 3.863702872182052880e+22
4.846868144299558423e-02 3.859509784677813794e+22
4.846872492110190778e-02 3.859512189856270778e+22
4.852903368034416909e-02 3.760481664686788864e+22
4.853073451076046763e-02 3.757769926978816075e+22
4.861667725399347606e-02 3.616528838034451123e+22
4.862101380014817453e-02 3.609492868479494128e+22
4.866240341680196785e-02 3.539935049362882691e+22
4.866770616278877359e-02 3.530621768221155394e+22
4.875874851360362250e-02 3.382887570507080663e+22
4.877330267919444823e-02 3.360329636007308480e+22
4.877681458819625032e-02 3.354711141634296670e+22
4.878658169288054708e-02 3.338094220939090094e+22
4.879009360188237693e-02 3.332164530158248447e+22
4.879986070656663899e-02 3.315722706790426817e+22
4.880337261556844802e-02 3.309836699209007156e+22
4.889695869857322436e-02 3.151499715598056686e+22
4.889721398626852011e-02 3.151051930394028933e+22
4.889723561941289320e-02 3.150975062465405413e+22
4.893922717234146236e-02 3.077778430309432925e+22
4.894617842224591175e-02 3.065684749440412497e+22
4.902267702075458616e-02 2.932264830446914765e+22
4.903333042341759263e-02 2.915648444627992078e+22
4.907910973232704199e-02 2.839208460303819656e+22
4.909784920355073773e-02 2.806427673183966462e+22
4.914814005524065915e-02 2.717926566817745286e+22
4.916843644390787166e-02 2.682337608483538049e+22
4.917750308707655865e-02 2.666325695482685502e+22
4.919779947574375034e-02 2.630435323810084500e+22
4.924000402789981135e-02 2.549540154326781421e+22
4.925351441406787545e-02 2.527236832978932439e+22
4.926011626893651157e-02 2.515555131831801296e+22
4.926026626469737907e-02 2.515272318236006914e+22
4.927056600542539799e-02 2.493108905045149300e+22
4.927256919709139399e-02 2.489588333019375075e+22
4.927260240459802737e-02 2.489567199484659420e+22
4.928764711153826167e-02 2.464549055527462214e+22
4.937006557345034741e-02 2.319199474010879427e+22
4.937816273145882728e-02 2.304424001137117076e+22
4.937870757223857682e-02 2.303453595735179657e+22
4.946716670823204237e-02 2.142375249700656565e+22
4.947745430427361729e-02 2.123269555912798791e+22
4.948349662978514946e-02 2.112024576926581313e+22
4.948647649179582775e-02 2.106470742901442950e+22
4.948842328857317591e-02 2.102768015186254103e+22
4.952861922146280238e-02 2.027130749579585546e+22
4.954894391402449305e-02 1.988456858517732590e+22
4.954904209493041917e-02 1.988239548914095410e+22
4.956649008660456157e-02 1.957530722989611837e+22
4.956881237288641995e-02 1.953068119875059397e+22
4.959306054799541424e-02 1.904475684705944365e+22
4.960886007780794527e-02 1.873556876033243742e+22
4.963860158382340376e-02 1.814674932875124539e+22
4.966478464426803824e-02 1.763264352155913211e+22
4.967927025326018819e-02 1.734892034179528969e+22
4.968857356113791368e-02 1.716008942480623718e+22
4.972536702105398443e-02 1.643775756227789298e+22
4.974417625504238410e-02 1.605204520378643671e+22
4.976439081407482007e-02 1.563707431028468692e+22
4.977358810664242461e-02 1.544663737664963556e+22
4.979006377425482938e-02 1.510263060976885144e+22
4.981795736370819155e-02 1.452309016004384313e+22
4.983869902080405312e-02 1.408881827713455332e+22
4.987534503354236481e-02 1.331453303118450236e+22
4.989155398737173813e-02 1.296989282422040507e+22
4.993502467481782808e-02 1.206087997492509960e+22
4.994720534090309888e-02 1.180738383715515551e+22
4.995109219855831811e-02 1.172748559297768378e+22
4.997326868294177382e-02 1.127400863224021438e+22
4.999812664771411536e-02 1.079216688153819821e+22
5.000539755611733278e-02 1.063470515687644987e+22
5.000593741006109649e-02 1.062721307211636670e+22
5.006031198934868254e-02 9.592530562656206062e+21
5.013110508211973682e-02 8.372043431472036577e+21
5.013315762607023496e-02 8.339493526215661191e+21
5.013477685693761704e-02 8.315612447787831001e+21
5.017947071498012751e-02 7.667296666933938618e+21
5.022396025393720959e-02 7.113473083969827242e+21
5.026237785359442822e-02 6.693156598821630771e+21
5.027019717519165543e-02 6.614843371338726375e+21
5.029862944061155861e-02 6.325543113834616586e+21
5.030312033426087570e-02 6.286626125339246461e+21
5.030610640574187387e-02 6.259758076488246624e+21
5.031148836509133360e-02 6.215314496119891821e+21
5.031393863665581390e-02 6.193520945004244107e+21
5.036939716801234340e-02 5.783285135113420014e+21
5.038155536188206746e-02 5.695675746201464996e+21
5.049570928864642594e-02 5.053166710574916043e+21
5.053537089979343033e-02 4.854172062447861498e+21
5.057876439109610517e-02 4.678972338700189434e+21
5.066784938323351528e-02 4.391779454976295698e+21
5.074853854586161561e-02 4.196137068660633108e+21
5.075717052937876034e-02 4.176970839146945315e+21
5.076486812058739889e-02 4.159729444830113694e+21
5.093980829934892374e-02 3.804742922703561294e+21
5.105952668219407992e-02 3.686805298738974687e+21
5.110514323694812650e-02 3.634861700043365155e+21
5.114990750309139633e-02 3.601486873403950891e+21
5.121455175373335750e-02 3.474671628473257689e+21
5.127693223517896387e-02 3.444242366299462697e+21
5.139552110654931061e-02 3.355136085093035540e+21
5.149425936907656848e-02 3.277138075809370079e+21
5.157649045936527066e-02 3.218191595688448492e+21
5.165499625484643725e-02 3.158524796911407333e+21
5.175745981218122377e-02 3.062791831954686214e+21
5.189497986660806389e-02 2.983050890972180251e+21
5.207270652002912725e-02 2.939406461149967811e+21
5.214868657909133010e-02 2.905339051055647818e+21
5.234514321696810690e-02 2.799815505325024346e+21
5.239858994645338330e-02 2.780963629758401741e+21
5.247400972468441865e-02 2.746590085983024185e+21
5.272785110441590567e-02 2.656864643862304915e+21
5.280492668049039523e-02 2.634770135799710089e+21
5.314119274862828812e-02 2.544851948634100466e+21
5.314621695867779300e-02 2.543770803836161622e+21
5.323709638938473043e-02 2.540103767177055699e+21
5.350648933929481182e-02 2.515662336481890927e+21
5.355453439284064976e-02 2.511717282015706874e+21
5.391596618724921186e-02 2.425017504601532269e+21
5.396787603705303221e-02 2.428289978329181716e+21
5.428242366241523009e-02 2.389352466627461382e+21
5.429478737302975005e-02 2.388505786597561074e+21
5.436426134842307217e-02 2.385543835367839367e+21
5.446903230884760083e-02 2.385458220724841349e+21
5.448767753287803856e-02 2.384408000159067144e+21
5.464327724466545161e-02 2.379176507316673446e+21
5.468781099019572739e-02 2.379281878490057540e+21
5.475879378136670750e-02 2.380143107519177294e+21
5.478790966630497222e-02 2.359013960821662810e+21
5.487803844057073666e-02 2.362526653218887827e+21
5.490183875750270087e-02 2.362355305070383333e+21
5.505040498622217754e-02 2.369449620169035874e+21
5.505598654205832998e-02 2.368915405824524812e+21
5.506355290961990195e-02 2.369369633808092496e+21
5.516040027033994320e-02 2.355324076357337743e+21
5.529068683596528866e-02 2.384156956414785880e+21
5.534756083238129287e-02 2.385854096473459261e+21
5.537144615961529792e-02 2.388421612697831866e+21
5.548272156968658830e-02 2.399599588926540481e+21
5.548546665433153058e-02 2.399527895901636919e+21
5.549956168842332116e-02 2.401193963280565535e+21
5.551581021663681836e-02 2.394813141317126717e+21
5.552122634251210886e-02 2.398272392890710753e+21
5.559539199965524842e-02 2.398540800334458520e+21
5.563292249860239680e-02 2.399917364286958076e+21
5.564168130903651005e-02 2.399397679699691307e+21
5.565658091228684740e-02 2.379996449026188247e+21
5.568718558856763229e-02 2.339231334617540723e+21
5.568905407686366993e-02 2.339025778013218013e+21
5.569752106226380506e-02 2.338377766486061351e+21
5.573622590978675323e-02 2.348465805428974944e+21
5.576755240143619480e-02 2.336493718322492998e+21
5.578552964824635280e-02 2.349836497314934948e+21
5.580649162080757175e-02 2.340524017090092073e+21
5.584711743803536660e-02 2.319849642564427186e+21
5.586337343003964367e-02 2.309543290285586645e+21
5.587793119183059876e-02 2.300369471911254295e+21
5.589105544303243911e-02 2.283778684854608593e+21
5.591572340972591343e-02 2.252695368411364983e+21
5.595919445864310643e-02 2.212748801010897519e+21
5.602383537859220025e-02 2.171326246794230497e+21
5.603822344440204800e-02 2.169638559288757584e+21
5.604202525925353756e-02 2.169243201617819599e+21
5.604700652712092668e-02 2.168959314018533376e+21
5.605240903169874528e-02 2.186392104695720837e+21
5.605540047039921092e-02 2.185714190955061969e+21
5.605766761312122592e-02 2.185063891047611367e+21
5.607658817052754013e-02 2.183921089521707909e+21
5.613135335152313193e-02 2.174248168066824012e+21
5.617008980003258822e-02 2.189826980966813663e+21
5.618683645775780083e-02 2.168997402927673639e+21
5.619692114605541466e-02 2.167103574241515667e+21
5.620830051432848529e-02 2.165159616430630765e+21
5.622118104622370743e-02 2.163836132354980577e+21
5.623215955653605019e-02 2.162001681073956979e+21
5.626232241785628779e-02 2.153247111281279238e+21
5.628524767713385252e-02 2.148023037610198565e+21
5.629610500401558554e-02 2.145603410873589432e+21
5.630627573865638197e-02 2.143790008268693701e+21
5.633833734528215925e-02 2.160494110854833766e+21
5.639994438757606893e-02 2.144078932840008909e+21
5.643358174416340800e-02 2.136997550516506460e+21
5.645074395942568241e-02 2.132410054283380654e+21
5.646648024309144920e-02 2.109152049868703531e+21
5.651786830032157899e-02 2.097440546203906081e+21
5.652603574860488173e-02 2.095655268718839333e+21
5.657381049815426999e-02 2.099778738971326808e+21
5.664003031979473329e-02 2.080791271628702482e+21
5.673821181468315100e-02 2.053382975130744914e+21
5.674485594117372605e-02 2.051585733666160771e+21
5.678619976926627816e-02 2.038211518348715622e+21
5.678695613317021051e-02 2.038070329267157205e+21
5.679458818489434985e-02 2.035399704539327365e+21
5.679662397819622982e-02 2.034392614121773203e+21
5.680638198401446320e-02 2.031039610683917074e+21
5.680841777731631542e-02 2.030233055107750560e+21
5.681817578313454881e-02 2.026465705839781216e+21
5.682021157643640102e-02 2.025943565907388793e+21
5.684895601882854893e-02 2.017286667808597869e+21
5.691064301376895507e-02 1.977543426540443009e+21
5.693205109162501748e-02 1.969769777958443811e+21
5.694297990754075556e-02 1.965457695417656148e+21
5.701736498448683327e-02 1.955958005395600966e+21
5.702375223809778848e-02 1.934198510905857147e+21
5.706157389369475447e-02 1.920327104827019493e+21
5.706561575132979014e-02 1.918869938813202596e+21
5.706620256455772339e-02 1.918689033353020310e+21
5.713360581490762452e-02 1.889818091066664681e+21
5.713664100764066778e-02 1.888652540537085624e+21
5.715878457958327441e-02 1.878575454364999614e+21
5.716181977231631073e-02 1.877425028921559613e+21
5.717979894952322090e-02 1.869266643788931269e+21
5.719965681074608288e-02 1.861041299143560528e+21
5.722790362990687330e-02 1.849542647026345837e+21
5.725665674596967097e-02 1.854746576239411331e+21
5.730545591160567803e-02 1.833374384708093215e+21
5.737704424064892644e-02 1.777582357332234863e+21
5.740059364804284137e-02 1.785221563948925714e+21
5.744311110491990419e-02 1.765235080187971371e+21
5.747293385109871616e-02 1.750203043486611538e+21
5.755443167055177695e-02 1.706868846977829044e+21
5.756907540769222453e-02 1.699309725999051833e+21
5.762956546387016515e-02 1.666650781561306743e+21
5.766456592737033426e-02 1.647955841601436123e+21
5.767111740984016965e-02 1.644656098502873711e+21
5.769113003169382831e-02 1.633859676199980892e+21
5.769586822713929086e-02 1.630565323269508432e+21
5.772927790458459024e-02 1.613389406030710178e+21
5.773861289702832134e-02 1.608424027615238554e+21
5.774697090070736449e-02 1.603750928519581925e+21
5.776412155191176789e-02 1.593976514621032628e+21
5.781058728997652552e-02 1.566556713039004172e+21
5.783200019628204763e-02 1.553826604225709212e+21
5.792969430587605745e-02 1.494661711436058984e+21
5.795323945808886906e-02 1.480610513887959712e+21
5.800597388735423410e-02 1.447207346936260067e+21
5.802999564355570267e-02 1.414525341001072771e+21
5.811241771104475734e-02 1.361687903319895835e+21
5.814445670574996256e-02 1.341600420848859349e+21
5.820136048473193574e-02 1.304157507251946652e+21
5.821876807224194567e-02 1.293392540399897674e+21
5.823492957938616182e-02 1.281981415040148832e+21
5.824228744706999583e-02 1.277103974414145552e+21
5.824872589351543645e-02 1.272593474876687254e+21
5.825920725789143079e-02 1.260397801485592691e+21
5.826928710035164660e-02 1.253509761897934881e+21
5.827893476549963342e-02 1.246540413505090355e+21
5.828909562054159638e-02 1.244157208764177187e+21
5.833436116064859289e-02 1.211926306193721000e+21
5.838361046309172714e-02 1.176845359445624095e+21
5.841590163412491155e-02 1.154654057077333688e+21
5.845742298445093243e-02 1.122216309713181475e+21
5.852849727319447276e-02 1.080456256215891968e+21
5.855731949919417562e-02 1.058332551846913769e+21
5.860419826395197457e-02 1.001823693291858428e+21
5.862575034836026849e-02 9.849138196480934543e+20
5.872229795569069294e-02 9.221302625480559821e+20
5.873102853529664491e-02 9.143616326124243517e+20
5.873436031934205909e-02 9.115717415220210565e+20
5.873683331415188030e-02 9.121823543553274675e+20
5.874844195940943231e-02 9.012819717412200120e+20
5.875573243475937929e-02 8.946607691747667476e+20
5.875819728919525614e-02 8.922541366291634586e+20
5.876829557570382306e-02 8.830283725315470787e+20
5.877715701384156333e-02 8.739870047094502851e+20
5.879688077398220747e-02 8.557558042849826570e+20
5.881378897117930937e-02 8.401263615482775470e+20
5.885530252005072988e-02 8.006434110787899884e+20
5.886343107843137329e-02 7.932290711930023444e+20
5.890114335459026990e-02 7.546177420264443740e+20
5.890387501408793358e-02 7.520714188303917384e+20
5.894504923374774275e-02 7.117803343354259046e+20
5.896639051217505284e-02 6.866379017403516846e+20
5.896905486704116101e-02 6.837887740525392691e+20
5.899890085318110905e-02 6.551977945244465889e+20
5.902374460170474457e-02 6.325239193199789998e+20
5.904043841854152153e-02 6.185639382572810895e+20
5.904594453894928402e-02 6.140259566667745198e+20
5.906934994591872545e-02 5.949742666686027530e+20
5.907491472326543980e-02 5.904845760361731195e+20
5.909331082290771031e-02 5.752224481337495388e+20
5.911384748256976601e-02 5.580737067262118461e+20
5.911827198404542155e-02 5.544742763201036288e+20
5.913011111639505241e-02 5.455248270634170450e+20
5.914495338168005573e-02 5.348229673244408545e+20
5.916243169360619475e-02 5.227646090435925115e+20
5.922517153018362623e-02 4.756150250523535606e+20
5.923141937926797163e-02 4.720524206511469363e+20
5.924006008218253572e-02 4.676648705010135204e+20
5.924218966938445824e-02 4.665715330255256289e+20
5.930390904278785152e-02 4.368642940208750264e+20
5.933761865132199803e-02 4.203857925527943905e+20
5.933873809729414694e-02 4.199770908589958758e+20
5.937747232659096319e-02 4.057796797829551227e+20
5.939330552402040386e-02 4.010516198564010394e+20
5.939474587427942542e-02 4.006350043959745577e+20
5.944574271318164849e-02 3.864102923801875579e+20
5.945366582740160832e-02 3.848568361644857098e+20
5.945396808817545592e-02 3.847925924075171348e+20
5.953810083782463958e-02 3.652874395754056909e+20
5.958725253072292422e-02 3.599918094474775757e+20
5.962612769687981873e-02 3.478623613476465541e+20
5.965382867375947779e-02 3.429968496245428060e+20
5.966839581391304020e-02 3.412892481687694213e+20
5.969120165522194543e-02 3.377709864289560166e+20
5.970631793460304260e-02 3.358106072730442138e+20
5.977747162422761273e-02 3.281674290803790971e+20
5.988272825071360578e-02 3.174432048638863606e+20
5.989710113966294908e-02 3.094293136965078876e+20
5.990136817395218249e-02 3.091286683067596145e+20
5.997246106912008240e-02 3.042947946818393211e+20
6.008599341286627316e-02 3.019482192874734223e+20
6.010401856794201497e-02 2.955955100314256015e+20
6.011213212805881917e-02 2.952313265386835149e+20
6.011647330315725984e-02 2.950372932394003988e+20
6.015891191613277622e-02 2.921463827472387604e+20
6.018431314335635773e-02 2.904372113725281731e+20
6.029430340228041085e-02 2.847861457858705818e+20
6.031237558997794290e-02 2.881694255553925284e+20
6.033188889260971549e-02 2.872518590869914911e+20
6.036308410045724410e-02 2.859869583467098604e+20
6.054349949486422661e-02 2.738034328234363781e+20
6.062517410641517224e-02 2.708646295900622356e+20
6.074049212510033297e-02 2.665851572476837888e+20
6.082080391824990634e-02 2.643011539116850217e+20
6.085555802589993901e-02 2.634992171377687921e+20
6.093241541193757799e-02 2.593986213575302513e+20
6.097032461220071309e-02 2.584889454564416225e+20
6.107527524738276536e-02 2.556929150002479432e+20
6.122378367124506338e-02 2.517635373152072499e+20
6.125350306131813888e-02 2.528858401464221368e+20
6.145461486272418145e-02 2.465464575019603722e+20
6.146401759395135611e-02 2.464890149467127480e+20
6.196855186988787373e-02 2.337773966085088543e+20
6.238728637350938327e-02 2.207640611015060029e+20
6.262673509457132581e-02 2.196611824451631514e+20
6.280907412623928932e-02 2.172807759962476708e+20
6.308132754280962318e-02 2.143738422774836429e+20
6.308697165874582735e-02 2.143378324370296013e+20
6.308980049017123837e-02 2.139356929928930591e+20
6.368591161364266229e-02 2.061506151249889526e+20
6.389522938075027636e-02 2.038743772003137946e+20
6.397452344540863201e-02 2.031405571038694605e+20
6.401713790098867429e-02 2.033403500891109130e+20
6.407378315063752550e-02 2.023626171873988116e+20
6.426299136113446109e-02 2.013003514121314959e+20
6.459663228045173233e-02 1.773697044297986212e+20
6.495176383945221177e-02 1.861065216107631411e+20
6.497475449892380073e-02 1.860361735899837563e+20
6.522799562650481719e-02 1.819832324231774863e+20
6.552895811801451309e-02 1.778738825959070106e+20
6.559555483723111813e-02 1.762130451784158413e+20
6.567610164333827216e-02 1.748202944960373064e+20
6.570409803382175340e-02 1.747912607958417408e+20
6.572135621086860890e-02 1.750912592339749110e+20
6.598821178806529852e-02 1.658276977362068439e+20
6.631758956700777030e-02 1.617176221913780388e+20
6.654158684207800434e-02 1.589484433206711419e+20
6.656354537284210615e-02 1.592261496456902410e+20
6.722165094989325518e-02 1.590785700921143460e+20
6.730141279034503043e-02 1.576980879902041702e+20
6.733546002834731037e-02 1.568485883504608870e+20
6.740972490413255080e-02 1.563258965329748623e+20
6.754736859617933853e-02 1.541588938119270892e+20
6.765386458284373961e-02 1.519697388209551442e+20
6.816992491210246974e-02 1.576526038254511063e+20
6.835731778419820714e-02 1.594232837386011607e+20
6.837744368407686069e-02 1.409199645826857206e+20
6.899999999999996414e-02 1.373015669312602931e+20
