-2.131628207280300602e-17 1.958372154218915758e+20
1.021774682420236455e-03 2.320349406391121019e+20
1.082835948172075234e-03 2.383616168944286433e+20
1.241994295263289467e-03 2.143933508375977329e+20
1.308613317468570016e-03 2.156781950192121938e+20
1.338128377213827509e-03 2.163209073262541210e+20
2.043549364840494161e-03 2.596977036364138414e+20
2.483988590526593244e-03 2.272372120051012731e+20
3.105927898113776571e-03 2.474632326121906831e+20
3.122299546832294978e-03 2.474812639505491231e+20
3.165443902327151355e-03 2.487514443787486822e+20
3.585056431888627819e-03 2.558357614661625774e+20
3.739238026257346754e-03 2.594083008313118884e+20
4.048008356104052137e-03 2.674952809238868132e+20
4.117539528234406658e-03 2.733836916932704993e+20
4.254746910328229687e-03 2.765351636277453455e+20
4.565196580609391826e-03 2.591788849601609728e+20
4.669803641425716509e-03 2.887742495246017823e+20
5.046505936913562099e-03 2.931079985917886792e+20
5.337404328494105635e-03 2.983459275411298058e+20
5.597362546324682366e-03 3.029490803332154655e+20
5.629016031545432640e-03 3.039931277521186324e+20
5.678208321360081468e-03 3.048630013296749445e+20
5.765915814811968694e-03 3.058774373611342397e+20
5.834151170948871472e-03 3.073379020109543506e+20
6.343476301928085634e-03 3.171943695833408471e+20
6.364867070456106841e-03 3.174020764704739164e+20
6.564847047988699343e-03 3.199858485516683837e+20
6.734604294155943464e-03 3.297524445268932035e+20
6.867282700773874420e-03 3.324410989981822484e+20
6.906527813171817187e-03 3.351627665581577339e+20
6.943077550850983506e-03 3.355778032459929354e+20
6.961857002195841713e-03 3.376346365121601208e+20
7.355954554584343344e-03 3.503464274527595397e+20
7.515911492826351029e-03 3.574007807940875387e+20
7.582400068424288361e-03 3.591506357388707758e+20
7.691264534491214049e-03 3.668940971772293284e+20
7.749660780325364449e-03 3.681977323750550405e+20
7.915812691249126884e-03 3.717885999737244221e+20
8.005599775480423327e-03 3.765014137368264704e+20
8.069247456886394915e-03 3.778497986919031112e+20
8.143367006066383820e-03 3.827061041036352553e+20
8.174667836637677584e-03 3.859075385401094963e+20
8.197578877465415068e-03 3.868012808667940127e+20
8.628977163876125692e-03 4.161371063105207009e+20
8.652466590411049194e-03 4.176094727546129613e+20
8.770383791034373072e-03 4.258599144386550170e+20
8.961665839257091509e-03 4.455460432948808253e+20
9.021723143299119688e-03 4.524123812364763136e+20
9.084139138020294602e-03 4.604245367024618045e+20
9.126433077551973291e-03 4.650980430931505316e+20
9.143336102745255184e-03 4.680165564216153866e+20
9.151114442324867829e-03 4.688123789030469796e+20
9.269780242380832452e-03 4.881926452919420191e+20
9.356809073802921026e-03 5.058169172076246467e+20
9.386951011944855844e-03 5.136718135302459228e+20
9.470203811756401635e-03 5.434490726548219494e+20
9.480850854109995271e-03 5.464628381429372682e+20
9.549084918796208604e-03 5.717791042381126042e+20
9.661214588500197792e-03 6.245254594066679071e+20
9.795495708145477570e-03 7.317333934551213015e+20
9.820353924306371440e-03 7.543389314169442140e+20
9.822992868479971107e-03 7.567692554455183524e+20
9.850114835910925640e-03 7.847336963577771459e+20
9.873812467295187828e-03 8.095073364051406356e+20
9.903964376570833020e-03 8.440266070396335555e+20
9.923829391105464318e-03 8.693185380591665152e+20
9.925738336229219735e-03 8.715014677491528499e+20
9.937866732174470419e-03 8.870427063422110925e+20
9.972741171267451854e-03 9.333835482044756132e+20
9.978878491793108027e-03 9.413841948522314465e+20
1.000133059889276796e-02 9.714610427959792108e+20
1.000870335941539922e-02 9.824830474236232991e+20
1.001189949860078685e-02 9.865770439662556938e+20
1.007179870294331626e-02 1.079995381760057934e+21
1.007415178934337185e-02 1.083916138500973527e+21
1.007551932944589571e-02 1.085649187073517552e+21
1.009709713959489399e-02 1.116637961805095633e+21
1.009784118922979305e-02 1.117822291806795727e+21
1.011098793619809658e-02 1.137264670938425197e+21
1.011146227025623741e-02 1.138008527723435262e+21
1.012613530583605231e-02 1.159435076791696228e+21
1.014265030956428178e-02 1.182352225196370821e+21
1.014434076286827545e-02 1.184608305289758769e+21
1.016703598711285808e-02 1.218461744075622056e+21
1.019674672021861003e-02 1.260069867052770525e+21
1.019724936395571303e-02 1.260707896593776902e+21
1.019966167999347521e-02 1.264504404503035642e+21
1.024279838482855358e-02 1.325299834687424299e+21
1.025328107620962145e-02 1.338897369995684610e+21
1.026184459297238040e-02 1.351087551394024784e+21
1.027142787708379933e-02 1.363341673013348139e+21
1.028309460473656248e-02 1.378841178964799259e+21
1.029039725766969261e-02 1.390665201280739181e+21
1.030424573848422697e-02 1.409119804600147771e+21
1.034699463583585270e-02 1.464528979522441970e+21
1.041201310471871061e-02 1.543901322351325479e+21
1.043432419706747868e-02 1.569442005933850886e+21
1.045711578561956019e-02 1.597043350091836162e+21
1.047993510813565940e-02 1.623117221257480503e+21
1.049243271727058266e-02 1.637302130220302860e+21
1.051638305186538246e-02 1.671332856751140897e+21
1.051882208388589014e-02 1.674061006898307531e+21
1.062811195348468789e-02 1.794021230845024272e+21
1.063718416581395897e-02 1.803915983763423101e+21
1.063977285279696719e-02 1.806476744420604510e+21
1.070275594069763220e-02 1.872566653180155527e+21
1.070721845617770597e-02 1.877813610099745227e+21
1.075354639552530446e-02 1.930425525279125668e+21
1.075639027479380512e-02 1.933163800570871677e+21
1.077378197485538182e-02 1.949902409085945119e+21
1.077434205817550186e-02 1.950425161514735632e+21
1.079173375823708377e-02 1.967538459953735926e+21
1.079229384155720728e-02 1.968094169114207060e+21
1.081043046442124560e-02 1.984728342557732110e+21
1.081502377897753352e-02 1.989533356155103871e+21
1.085145951676737448e-02 2.025409144908611060e+21
1.088866955110842465e-02 2.060799005784098472e+21
1.091281637194264735e-02 2.085228234078544200e+21
1.096900736220381492e-02 2.137459792111795175e+21
1.105324192216972611e-02 2.213940046838105637e+21
1.105812213710187161e-02 2.218217477959553384e+21
1.108370115534495180e-02 2.243382145715782025e+21
1.117134401201776671e-02 2.321610732144063414e+21
1.118502100440678902e-02 2.333298942908428190e+21
1.122757472309531164e-02 2.371805862989560021e+21
1.124092099371442992e-02 2.383071165764101734e+21
1.124374692639994698e-02 2.385257835233386430e+21
1.126585051932358847e-02 2.404258077330797756e+21
1.128648377727555982e-02 2.420281310407869596e+21
1.129936914533718854e-02 2.430674813982599021e+21
1.131887829733288671e-02 2.446721475868793242e+21
1.133101721594678007e-02 2.457020079413086126e+21
1.134136427984110650e-02 2.464814131722411049e+21
1.136246205435306744e-02 2.483949595709838721e+21
1.137602149550759681e-02 2.494571239871221334e+21
1.140388995727916951e-02 2.515623557714403131e+21
1.143929972716306413e-02 2.543271567569652810e+21
1.150064532912379971e-02 2.593698564252402975e+21
1.153796939225947352e-02 2.621980477556916224e+21
1.157420254676253847e-02 2.648602825719534846e+21
1.165066015016535776e-02 2.708238950158001766e+21
1.165834731093337226e-02 2.714645959031648682e+21
1.168093985109405243e-02 2.730164234918609027e+21
1.169636576463221542e-02 2.739771315381265760e+21
1.170197790399484482e-02 2.743241332303354921e+21
1.179598366969505409e-02 2.808511167822885290e+21
1.182789702213340663e-02 2.827732351165134275e+21
1.182804026049640543e-02 2.827740602129624596e+21
1.182827861318833454e-02 2.827828176769947533e+21
1.184798405332085011e-02 2.839072630792618246e+21
1.185018166108860876e-02 2.840972219419498906e+21
1.186065414501830464e-02 2.848043191673320112e+21
1.186285175278606330e-02 2.849992414203453374e+21
1.193440096041136975e-02 2.895116529808016671e+21
1.195321422853387779e-02 2.905544853662871323e+21
1.196609691864289338e-02 2.912220957275613299e+21
1.197832650239070117e-02 2.918553227841715044e+21
1.200017165230056297e-02 2.930928921795740303e+21
1.205665371678441358e-02 2.966034249244530442e+21
1.207909423182138356e-02 2.976896960109583270e+21
1.208475658697919647e-02 2.980537658237591224e+21
1.211373135304500033e-02 2.996768803978726081e+21
1.216183846467425167e-02 3.019138977250260550e+21
1.217639590630690063e-02 3.031443409816906629e+21
1.218043610586470350e-02 3.033270687366819348e+21
1.219499354749735767e-02 3.039540995199037604e+21
1.219903374705516054e-02 3.042083979007799853e+21
1.221359118868782165e-02 3.050365975879800062e+21
1.221713807993333838e-02 3.052434231192099226e+21
1.224914910602661368e-02 3.065984362452246594e+21
1.227943979538416094e-02 3.080650309650896912e+21
1.228330635068053747e-02 3.082083305197491716e+21
1.234208396346468846e-02 3.108792305505953382e+21
1.238499388925563306e-02 3.128045744494947074e+21
1.241391395810392990e-02 3.140877255371037082e+21
1.246734562632674341e-02 3.162598840580226154e+21
1.248914197935242602e-02 3.169996409989929370e+21
1.250207974907541035e-02 3.174213040396039094e+21
1.255010869676284786e-02 3.190990274291723403e+21
1.257368502679308622e-02 3.201370388867507552e+21
1.257519372739671591e-02 3.201842363378533663e+21
1.260292386577749162e-02 3.210892149333407302e+21
1.263343618654732235e-02 3.220267497137605444e+21
1.264630348925470903e-02 3.230000329366509191e+21
1.264914754273554522e-02 3.230556425022490542e+21
1.266471334700063935e-02 3.234240203653127864e+21
1.270688631615910294e-02 3.217580333201409704e+21
1.272156837965122446e-02 3.221400923233276396e+21
1.273081793351733652e-02 3.224800422299772125e+21
1.275763292517378793e-02 3.231982119512931041e+21
1.276377477060018292e-02 3.233038962560890044e+21
1.280333321097981529e-02 3.241383764204733334e+21
1.283517068994463259e-02 3.248762946988633227e+21
1.283750271720474241e-02 3.249218862420792443e+21
1.283981909894925562e-02 3.249591778526121427e+21
1.285207479359630478e-02 3.251135941026480390e+21
1.285498010650898242e-02 3.251546510633450602e+21
1.286783705508763760e-02 3.253152390894244594e+21
1.287657332206828924e-02 3.255565840294764610e+21
1.291776415015248938e-02 3.295882097265571004e+21
1.292593387526474319e-02 3.299228636624597287e+21
1.295408148494689785e-02 3.304076915484182708e+21
1.295696104029811849e-02 3.304309857272908481e+21
1.295836546402214483e-02 3.304453219455773180e+21
1.298188200993998821e-02 3.312246054843261125e+21
1.300704787678337235e-02 3.329826117200940892e+21
1.300888184339506724e-02 3.332717303475767607e+21
1.300904471348178840e-02 3.332720810641210212e+21
1.300972923331026807e-02 3.333194400612000727e+21
1.301170797260599657e-02 3.336348182801672569e+21
1.304663676978332250e-02 3.385154077636531061e+21
1.306230631759370923e-02 3.404016830368928236e+21
1.309611330231611956e-02 3.446314385342774903e+21
1.312106568724403025e-02 3.474280741979795489e+21
1.312919158666199342e-02 3.483208848258229600e+21
1.316100517290860576e-02 3.513971853039444689e+21
1.317776623299642645e-02 3.529400872599420404e+21
1.320972505322462812e-02 3.552930078503504183e+21
1.325573934983854951e-02 3.577360829840934044e+21
1.325574136834653874e-02 3.577359947522454847e+21
1.325574268120666664e-02 3.577363496955774763e+21
1.325574697472831423e-02 3.577360862472330281e+21
1.327213482033997791e-02 3.583702593323118625e+21
1.332504194387551175e-02 3.598726250503009731e+21
1.333148082207054330e-02 3.626276806993322181e+21
1.333480716195985585e-02 3.626543020318051533e+21
1.335293506711929777e-02 3.626843931003831452e+21
1.354724000643075903e-02 3.628756199632772530e+21
1.356693827837489146e-02 3.626061266644380418e+21
1.361472025632372469e-02 3.619601092477097345e+21
1.363572648706688241e-02 3.615693010322214879e+21
1.364770996420098560e-02 3.613636001160057848e+21
1.365969534387068487e-02 3.611079865371732214e+21
1.378769964295110777e-02 3.595923820987002388e+21
1.380311418526525107e-02 3.593549012251005420e+21
1.386949088215119752e-02 3.588513131663750332e+21
1.402485733325909215e-02 3.600237340648262861e+21
1.403360054060673150e-02 3.597717393054532370e+21
1.403852113455218015e-02 3.601307267430813794e+21
1.405916835157103827e-02 3.599606096072898249e+21
1.453147041500153606e-02 3.603038921149047636e+21
1.457812527096512441e-02 3.604726678513604624e+21
1.484417200029812360e-02 3.637865516096921010e+21
1.501002127304180110e-02 3.680001563558489358e+21
1.502075840651827948e-02 3.681556925381455905e+21
1.502956156584384605e-02 3.682677516463394783e+21
1.506823985690526613e-02 3.691385047513815843e+21
1.511647721785938474e-02 3.698970626946060780e+21
1.514843186163719949e-02 3.727616019608198709e+21
1.515476366616523747e-02 3.738776916806806798e+21
1.524959519509990445e-02 3.729486136457002746e+21
1.564866332863150064e-02 3.846695434346126377e+21
1.577082892793008409e-02 3.884625903140159881e+21
1.579183987913070422e-02 3.890558467035710882e+21
1.586680816928674395e-02 3.919870711747387589e+21
1.591996293145591171e-02 3.938962452822479077e+21
1.597052427162734198e-02 3.946695920718653161e+21
1.605015290590502616e-02 3.982446911714708947e+21
1.607674640400375346e-02 3.962412862849876492e+21
1.612465165887566262e-02 4.006052071959504093e+21
1.617021961532459293e-02 4.020337824404597637e+21
1.619773250544612880e-02 4.066125692190925521e+21
1.628668463872077338e-02 4.107079804124469920e+21
1.641111121032117273e-02 4.130420037903059517e+21
1.662242090795321148e-02 4.256046571319887659e+21
1.667425699359494085e-02 4.277671881191344046e+21
1.695284254730738613e-02 4.482494824470308979e+21
1.701537522367711081e-02 4.476484070115884138e+21
1.728326418666156078e-02 4.722586612225253835e+21
1.739990078531277601e-02 4.834155232169204646e+21
1.744347445349201178e-02 4.878621976814084424e+21
1.752064105273456671e-02 4.965090547357397811e+21
1.760368472032246626e-02 5.062317396644465738e+21
1.772743618622174208e-02 5.234449189089019167e+21
1.776389498715292073e-02 5.289054959947627889e+21
1.787602611158296828e-02 5.504018404177882382e+21
1.798172422399404308e-02 5.698662268778204627e+21
1.798738951025988589e-02 5.712643143883400675e+21
1.799335734998391834e-02 5.726803185034846011e+21
1.800278441404083718e-02 5.703606121353349956e+21
1.812284398464151375e-02 5.968889011971475636e+21
1.821088403336686493e-02 6.208432082190709293e+21
1.830728990916462295e-02 6.562213636463694709e+21
1.840708888526191439e-02 7.026430693734474580e+21
1.841148119448083112e-02 7.049502969732471456e+21
1.843849056008978193e-02 7.203182033862134858e+21
1.848500118928635833e-02 7.496481646684092236e+21
1.850420382517659751e-02 7.625743336723759235e+21
1.852003627786861367e-02 7.737280787904475431e+21
1.854063280164947383e-02 7.894353340751548514e+21
1.856051544897055830e-02 8.058382421547946082e+21
1.858097934086061151e-02 8.236444833526046523e+21
1.870466936053767973e-02 9.623513764256934789e+21
1.878545171481045203e-02 1.090454530234741319e+22
1.879157509120882655e-02 1.101759448796306499e+22
1.885184170901025788e-02 1.224945252109669682e+22
1.888930244320674579e-02 1.311895943728075899e+22
1.896951290529274442e-02 1.528140727075898550e+22
1.902145539146099518e-02 1.681848261022240788e+22
1.902312181147607084e-02 1.687254061949746414e+22
1.903156189688220284e-02 1.712703468481166285e+22
1.905188338149132674e-02 1.775660961177245896e+22
1.905642629840226601e-02 1.789875730590804528e+22
1.907149070907330005e-02 1.837006860092948926e+22
1.907662169367050492e-02 1.852838803386314365e+22
1.909346739402293866e-02 1.905371277805498663e+22
1.909850859171767154e-02 1.921832162800054357e+22
1.919506963917064213e-02 2.223403814686033969e+22
1.919530033640685224e-02 2.224037245786780389e+22
1.925568643003505026e-02 2.411990116681515637e+22
1.925783991294680725e-02 2.418666764980999055e+22
1.925797092216617254e-02 2.419067254192251863e+22
1.925804657206795292e-02 2.419292479052686610e+22
1.935482660127938251e-02 2.712165408115747979e+22
1.941555439231657312e-02 2.889961560448272276e+22
1.942528011469198818e-02 2.918554701393954236e+22
1.942968869982650629e-02 2.931615449668532778e+22
1.951318195993917426e-02 3.170515053865571294e+22
1.951974251267616853e-02 3.189241560405507467e+22
1.953565898197476627e-02 3.233635814623431098e+22
1.954454168023116167e-02 3.258974610425688306e+22
1.956045814952978371e-02 3.303856317317922161e+22
1.957003327057935116e-02 3.330275055350339286e+22
1.958608079277144448e-02 3.374627489443039989e+22
1.963123174292162945e-02 3.499257856655759298e+22
1.966194267889621178e-02 3.583458051759027310e+22
1.972451546714591025e-02 3.746802654520602840e+22
1.975862379231583740e-02 3.841558841649429846e+22
1.981133925744530538e-02 3.985077830948178467e+22
1.983811739767405574e-02 4.057025196954884873e+22
1.990466821078047330e-02 4.232714799717449466e+22
1.993116679186021298e-02 4.302459806807101329e+22
1.999245430574377730e-02 4.462193488285479102e+22
2.001429211645190664e-02 4.519161521873673519e+22
2.002541333941702112e-02 4.547642861502408425e+22
2.005140949597922564e-02 4.614478659271644309e+22
2.005389370856547337e-02 4.620947708556772324e+22
2.007289741538799757e-02 4.670197008031372909e+22
2.007538162797424183e-02 4.676834918248640152e+22
2.009438533479675909e-02 4.725650362044097810e+22
2.014651773155219303e-02 4.858307693418886306e+22
2.016263244563384210e-02 4.895984946838530268e+22
2.019657050526670744e-02 4.985643457644615801e+22
2.021453156664920064e-02 5.031227251759663337e+22
2.024911018049057460e-02 5.119124899352928689e+22
2.027107593822465373e-02 5.170163054615988273e+22
2.030333063190436702e-02 5.251259990468754145e+22
2.033467779850163179e-02 5.329547162069447056e+22
2.035740272720585817e-02 5.386969721498134118e+22
2.037951943081546535e-02 5.441835447194463764e+22
2.039925387987154629e-02 5.490865261458175191e+22
2.041585418691980319e-02 5.532735516937665957e+22
2.043558863597587719e-02 5.581408471519299686e+22
2.047109959525661438e-02 5.668834930333849328e+22
2.049393217704593637e-02 5.724255341811505037e+22
2.049513814097679229e-02 5.727230657271289820e+22
2.049651986626421438e-02 5.730646882259105219e+22
2.051231430764748759e-02 5.769827556185774804e+22
2.051611864406039168e-02 5.779340471882789526e+22
2.053335678364897124e-02 5.821528166826489833e+22
2.057240108149077304e-02 5.916187913550148141e+22
2.062346248295454307e-02 6.040601428336880648e+22
2.068286091362510695e-02 6.185816959372370746e+22
2.069697146701039367e-02 6.220357315165237857e+22
2.072555808414014780e-02 6.289112133137147206e+22
2.073157141395627623e-02 6.303924033251269883e+22
2.073665594399357048e-02 6.315687212190106282e+22
2.074233649262858734e-02 6.329460493915593585e+22
2.077754902077727159e-02 6.413072016056783785e+22
2.078272513358528015e-02 6.425449105136210569e+22
2.080088167081600367e-02 6.468284179417169868e+22
2.082306178508306141e-02 6.516961771066413705e+22
2.082721698415057610e-02 6.526699244905626704e+22
2.083961535047280586e-02 6.555798080536112739e+22
2.086203982899543716e-02 6.608637649722902000e+22
2.086521767298609928e-02 6.616093175371642647e+22
2.087186554617754056e-02 6.632023430599672018e+22
2.090082305667730067e-02 6.700424388594018707e+22
2.092011364593087189e-02 6.748570598793752976e+22
2.094352285612746667e-02 6.803639012554962056e+22
2.096433168500327210e-02 6.848883482413580157e+22
2.099448848716968519e-02 6.919272244243002609e+22
2.105769611780736184e-02 7.068517385302799339e+22
2.106169529306781141e-02 7.077802405832473706e+22
2.110832866165594790e-02 7.186244533952228780e+22
2.113578068878876545e-02 7.248876089500727299e+22
2.115372729634594148e-02 7.290357585398125612e+22
2.118307976005932153e-02 7.353890967228761349e+22
2.122014891704530198e-02 7.441339706608319044e+22
2.122174725367808462e-02 7.445013155997801880e+22
2.122253859072020798e-02 7.446691643015427837e+22
2.130782233927267649e-02 7.638840606710618181e+22
2.130865672961099189e-02 7.640651159633113855e+22
2.131287263661677325e-02 7.650099755125856797e+22
2.133072577505493173e-02 7.689292575646201728e+22
2.133268118831070301e-02 7.693906749437717250e+22
2.135053432674885454e-02 7.733627537639362632e+22
2.135248974000462929e-02 7.737774137700469703e+22
2.136689676173886623e-02 7.769726569324775421e+22
2.137536477550372807e-02 7.788949768895757025e+22
2.137832034943281875e-02 7.795416874093727292e+22
2.144918776059454718e-02 7.954213775314099844e+22
2.146279923311423393e-02 7.983612550173741076e+22
2.150116667745579496e-02 8.067596717661003710e+22
2.155043309447633379e-02 8.173329684363214848e+22
2.161818728943169787e-02 8.322770918240064582e+22
2.162871414320570104e-02 8.345456628397875659e+22
2.165268651491017438e-02 8.396185700561726734e+22
2.172254583951985576e-02 8.544992609110539108e+22
2.178718681826884856e-02 8.683429572213516062e+22
2.178872804760411189e-02 8.686726138170389719e+22
2.179584596262762811e-02 8.701122335558761395e+22
2.179707425130143761e-02 8.703410492163556901e+22
2.180370007335420690e-02 8.717350626751401270e+22
2.180687046704011048e-02 8.723908138365494074e+22
2.183131659771793062e-02 8.775019864303332858e+22
2.183801445195727997e-02 8.789173920111418514e+22
2.184073495684555818e-02 8.794631896499569348e+22
2.186011297229778841e-02 8.835373504710473836e+22
2.186152350254407656e-02 8.838427326402897589e+22
2.186424750172143161e-02 8.843942603482832935e+22
2.186651885575372628e-02 8.848697100623752148e+22
2.189018955411088305e-02 8.897797046271877526e+22
2.190468419776435763e-02 8.927458603546357793e+22
2.192495316004215017e-02 8.964396578593925235e+22
2.194223393746023293e-02 8.999423187855376332e+22
2.195323382855808581e-02 9.022102068572890700e+22
2.198304047300688249e-02 9.081898570896140088e+22
2.201099097620354619e-02 9.138713561329106839e+22
2.202380552855725399e-02 9.165759386435665999e+22
2.203940659427382556e-02 9.197619833430002683e+22
2.209896739075264266e-02 9.320209576956779928e+22
2.210854529651914632e-02 9.336218234312932196e+22
2.211699728811817797e-02 9.352775336428773677e+22
2.212854533136964647e-02 9.375422185412751262e+22
2.212972031599694939e-02 9.377352158162108128e+22
2.213657925108741126e-02 9.390979210204757885e+22
2.214294099644667155e-02 9.403019455435354459e+22
2.214408205025781770e-02 9.405128259310826868e+22
2.215619219367278778e-02 9.429288367142706191e+22
2.216623057995565499e-02 9.448485356558836826e+22
2.222672991105365328e-02 9.566255934215987134e+22
2.226236621271948657e-02 9.637582169103559085e+22
2.227017375211353539e-02 9.652917556727583552e+22
2.227915584065124840e-02 9.669694024236301235e+22
2.231688057101989184e-02 9.743143644772255662e+22
2.236041477195199398e-02 9.823966753123982744e+22
2.237311276725010081e-02 9.848439875268657755e+22
2.237614499574974714e-02 9.854203374719234736e+22
2.238793121709932096e-02 9.875957314408224391e+22
2.239814203642271490e-02 9.895561167937608037e+22
2.240293079655983691e-02 9.904706057334919738e+22
2.241384599857383988e-02 9.924601578768845242e+22
2.241863475871096537e-02 9.934073173724869375e+22
2.242737059570337407e-02 9.952986404707462912e+22
2.242958213624221889e-02 9.957117972473832276e+22
2.243616212158035597e-02 9.968764754162829440e+22
2.243760836901860511e-02 9.971333663554590789e+22
2.253355581781881639e-02 1.014677317435498997e+23
2.253660408564649859e-02 1.015213735080637466e+23
2.256304084606877008e-02 1.020038942495360544e+23
2.258967588567984200e-02 1.024829625006390384e+23
2.268771292816145271e-02 1.042904270502906550e+23
2.269096121111312606e-02 1.043464226521878584e+23
2.273110730484844896e-02 1.050571491041197645e+23
2.274174340234107541e-02 1.052045066137296930e+23
2.284187003850409250e-02 1.069485183488947860e+23
2.284188236969180927e-02 1.069488032206091631e+23
2.284192908296830971e-02 1.069500222051812010e+23
2.286164897270331550e-02 1.072837547570883629e+23
2.286170429979805796e-02 1.072851418243696721e+23
2.289606182712049590e-02 1.078625080754346163e+23
2.289627233960786490e-02 1.078652023301509250e+23
2.289649472720194090e-02 1.078650953334242767e+23
2.300835629594819368e-02 1.098489881586300795e+23
2.301507330682120087e-02 1.100516605469915758e+23
2.310523374622736395e-02 1.126163946855545742e+23
2.312111396343658615e-02 1.130445797075860178e+23
2.322904493160756964e-02 1.152873659496366636e+23
2.324456251318310698e-02 1.155420114833218617e+23
2.331423332488022013e-02 1.164491180456413695e+23
2.334573319967123139e-02 1.168098254784682787e+23
2.344973356726693173e-02 1.176303047642661782e+23
2.345807269816188589e-02 1.176800619288927761e+23
2.348619516376602295e-02 1.178109558955510291e+23
2.353405699173176727e-02 1.180224081456352157e+23
2.353622253518070431e-02 1.180301557451209300e+23
2.353904741094794625e-02 1.180434181627572042e+23
2.354950967885368132e-02 1.180845071300473704e+23
2.370428400934462485e-02 1.184771215900204293e+23
2.383994141042340698e-02 1.187171954510867580e+23
2.389014586022634307e-02 1.188129190651339085e+23
2.390168667304208919e-02 1.188882061505220051e+23
2.391201932394431545e-02 1.188613834660595336e+23
2.393302656505303522e-02 1.188982570354495057e+23
2.402077841170294562e-02 1.190684141632662368e+23
2.405617414376013535e-02 1.191378772382453103e+23
2.409908933673953965e-02 1.192471801257487835e+23
2.415986354636176850e-02 1.194024629278319428e+23
2.437152316393773749e-02 1.201405300137611315e+23
2.444334146500197480e-02 1.203600869467861088e+23
2.460854036175945392e-02 1.210851653931150554e+23
2.463530913849492146e-02 1.212046280944335591e+23
2.483848529221177256e-02 1.222260710847180356e+23
2.483950083350136562e-02 1.222359911014362985e+23
2.486466502739506299e-02 1.224355867364182039e+23
2.504713377702470073e-02 1.236075048977697698e+23
2.506843022266409815e-02 1.237361136555435428e+23
2.527747954397156077e-02 1.253654724036556279e+23
2.529837515311642027e-02 1.255278158030200205e+23
2.551740257417240212e-02 1.275881029579021075e+23
2.558267809253800956e-02 1.282568447943697802e+23
2.585442999569037559e-02 1.313165156479056373e+23
2.587220092874139427e-02 1.315301329561766530e+23
2.619145741720833517e-02 1.359328299533335863e+23
2.621136818071395647e-02 1.362663304023179621e+23
2.624337675473052342e-02 1.367638436368713620e+23
2.659138079357181716e-02 1.429443222971692205e+23
2.666178489205862576e-02 1.444532837728228863e+23
2.672318717454630344e-02 1.457312908168359219e+23
2.680397300692324847e-02 1.475501545375713251e+23
2.687141145576472934e-02 1.492105007703409411e+23
2.715267171648814981e-02 1.575253711072713066e+23
2.723500616837864347e-02 1.604472753881484613e+23
2.732698835648781840e-02 1.638635518243748278e+23
2.755023725091516190e-02 1.743057161706326406e+23
2.765416208885110999e-02 1.802163748676554541e+23
2.792761987638825785e-02 2.001915397975436417e+23
2.803186396333322630e-02 2.105529857150473847e+23
2.807359538326655371e-02 2.150798996030337204e+23
2.808488132028237952e-02 2.164602121392713430e+23
2.810021766587997294e-02 2.183413506956494803e+23
2.815603317039986134e-02 2.256220063352250455e+23
2.817673788660841547e-02 2.285105499822753044e+23
2.827381476634957536e-02 2.442829823134390278e+23
2.831304900764033960e-02 2.518813046854692016e+23
2.843664676232222216e-02 2.814848219169674431e+23
2.844371598619398547e-02 2.835352760936796311e+23
2.845412301924735501e-02 2.866642208656281651e+23
2.853869347432589840e-02 3.156642602224119311e+23
2.856221345226388555e-02 3.253885039627073445e+23
2.862000403697544451e-02 3.526618568572592162e+23
2.875312891335497431e-02 4.407363113761196202e+23
2.876153737915936037e-02 4.477381892995821192e+23
2.880832782051780463e-02 4.905436320820642521e+23
2.881439166764312304e-02 4.966473873488514740e+23
2.883348543744028783e-02 5.164226610997603819e+23
2.884785857965492181e-02 5.321975496020972693e+23
2.885390937503183595e-02 5.389351907626470448e+23
2.887873664058654768e-02 5.681002495469520872e+23
2.891236009867658580e-02 6.105587181193897234e+23
2.898155948636059465e-02 7.084834264272220329e+23
2.898435801326610523e-02 7.125733197580504001e+23
2.898500312450019711e-02 7.135545578286730382e+23
2.898592402119243294e-02 7.149407504065694731e+23
2.899125391164985785e-02 7.229072416012915725e+23
2.899397424099686010e-02 7.272339363458706267e+23
2.899712218524728644e-02 7.321104191079346864e+23
2.900272180155355484e-02 7.405356848978679657e+23
2.901718464203707423e-02 7.627511705257118752e+23
2.906232379488764977e-02 8.341224282224032251e+23
2.908816361541621126e-02 8.760347348554808484e+23
2.909448158765700482e-02 8.862873020411900613e+23
2.912652016049750367e-02 9.386774223497995695e+23
2.913285679138736400e-02 9.491258955020563613e+23
2.913912774654695698e-02 9.593296507078422708e+23
2.917054496236849703e-02 1.010802195179980106e+24
2.919170446107273442e-02 1.045425482068845140e+24
2.921539625751278652e-02 1.083890791138556151e+24
2.921781082586209083e-02 1.087827140866161122e+24
2.922436422685243188e-02 1.098397072873907328e+24
2.925569709181615255e-02 1.148823397761162429e+24
2.926298490433012697e-02 1.160538016871592183e+24
2.927341671930147951e-02 1.177203326374780344e+24
2.930815246924112216e-02 1.232415483761999414e+24
2.933174928397938586e-02 1.269457552903707883e+24
2.939372610348011880e-02 1.365688894380411342e+24
2.941634889463890304e-02 1.400382783540578855e+24
2.944755128905993807e-02 1.448053724619284589e+24
2.948527601632824902e-02 1.505316922961117900e+24
2.952446730263010716e-02 1.564183744245804688e+24
2.956512023001891046e-02 1.624913309930815140e+24
2.958695010887875398e-02 1.657116728975061605e+24
2.959763674454440538e-02 1.672883651036114909e+24
2.961721607178756377e-02 1.701802134906920122e+24
2.962790270745322210e-02 1.717549170479063934e+24
2.964748203469637355e-02 1.746278745299828521e+24
2.965816867036203536e-02 1.761949585911508663e+24
2.970985464234507378e-02 1.837499584199831962e+24
2.973122058402159415e-02 1.868625416150559991e+24
2.976947419491149383e-02 1.924262817929543794e+24
2.978908137284027105e-02 1.952718712706711257e+24
2.985529476441212832e-02 2.048188827818073784e+24
2.988407695148445967e-02 2.089572009369605457e+24
2.990593562967788430e-02 2.120990098015978793e+24
2.991999407531852756e-02 2.141062085626224481e+24
2.999999505753821877e-02 2.255222760309082064e+24
3.003693331894734600e-02 2.308071908374555117e+24
3.003925440599973865e-02 2.311291434582313720e+24
3.004312107284850750e-02 2.316701800120770040e+24
3.004544215990090361e-02 2.319994615984219832e+24
3.004930882674968287e-02 2.325564480041948683e+24
3.005162991380207552e-02 2.328833702319144999e+24
3.005829289044901695e-02 2.338367346709755461e+24
3.007582791742182196e-02 2.363239984661430597e+24
3.011181264727544327e-02 2.414342898216315346e+24
3.015874856777743876e-02 2.480890503213983832e+24
3.019571347716315871e-02 2.533169771643074045e+24
3.021681462672469454e-02 2.562990681501580139e+24
3.025173607456176431e-02 2.612150646804581693e+24
3.027162336620890098e-02 2.640171333834169756e+24
3.032109846652435853e-02 2.709847477394329859e+24
3.034650869898377831e-02 2.745615469463962726e+24
3.035319074320813951e-02 2.755171191505246199e+24
3.035522124821634152e-02 2.758019058387726811e+24
3.038449816464035627e-02 2.798986455603819038e+24
3.038764549940183371e-02 2.803504024145606079e+24
3.039540521636460366e-02 2.814458419958380939e+24
3.044765176739943485e-02 2.887682426156924665e+24
3.045294106990127994e-02 2.895238288852449243e+24
3.045835410894605008e-02 2.902850907246504295e+24
3.047204162894049523e-02 2.922039548777902205e+24
3.051705463157506487e-02 2.985134209349453638e+24
3.052907008849858536e-02 3.001893586422079458e+24
3.054979014385264882e-02 3.030925680712013817e+24
3.055795287447755568e-02 3.042362703482055960e+24
3.059886365144302497e-02 3.099665505975701256e+24
3.060697059360467306e-02 3.111047883613817962e+24
3.061222479090832879e-02 3.118356296375451859e+24
3.061581773425905637e-02 3.123382208459320943e+24
3.070435944458411656e-02 3.247124176427490774e+24
3.072605268425553440e-02 3.277543579532675263e+24
3.074242365327964008e-02 3.300408546251289456e+24
3.076806678200067618e-02 3.336187494294799272e+24
3.077773684602023302e-02 3.349645872826726339e+24
3.079804048560379551e-02 3.378017394016819320e+24
3.087262251565095483e-02 3.482211113654426326e+24
3.091270839264056297e-02 3.538127501480974558e+24
3.092107182613644534e-02 3.549799562996252611e+24
3.092207217594751187e-02 3.551133534268270731e+24
3.093616956119999914e-02 3.570713856439415948e+24
3.096707759983750863e-02 3.613809652966717200e+24
3.098491051599781831e-02 3.638680034513540218e+24
3.098857925261115989e-02 3.643789190370916037e+24
3.100641216877147999e-02 3.668652963879839789e+24
3.101500311573375523e-02 3.680643693982327849e+24
3.102966265378947347e-02 3.701158130688184830e+24
3.106285501946410774e-02 3.747407853707835688e+24
3.108133565966300638e-02 3.773247042648202266e+24
3.109738750939504762e-02 3.795367847581157880e+24
3.112190571868065150e-02 3.829718446034701265e+24
3.113042095428242978e-02 3.841583570615459866e+24
3.114153006970654669e-02 3.857050546688651675e+24
3.118418300454446623e-02 3.916506655164691946e+24
3.120139094649014566e-02 3.940514771424453648e+24
3.122303102397994135e-02 3.970468595151262685e+24
3.125333350300278645e-02 4.012831103847672513e+24
3.127000913157795131e-02 4.036039324192081709e+24
3.129421144784274439e-02 4.069836928383819899e+24
3.132173937322334234e-02 4.108170691325951046e+24
3.132461117291353292e-02 4.112145199664257764e+24
3.132941186481397189e-02 4.118886300386007259e+24
3.135037213191005367e-02 4.148072655764555643e+24
3.135517282381048570e-02 4.154809545753758341e+24
3.137613309090658137e-02 4.184009436742975461e+24
3.138093378280701340e-02 4.190642941855400364e+24
3.143540351092154878e-02 4.266447778188471736e+24
3.145715067444656426e-02 4.296779199448890107e+24
3.146272129689565294e-02 4.304603643364254950e+24
3.152513977325332312e-02 4.391644773426896977e+24
3.155858528904002813e-02 4.438523560204449750e+24
3.160124598650214389e-02 4.497917708778812748e+24
3.164372719635824560e-02 4.557361585770278297e+24
3.167485196137839049e-02 4.600634643380587937e+24
3.173593872011822026e-02 4.685862232166826517e+24
3.174534129855770964e-02 4.699095607981147368e+24
3.175059076289555443e-02 4.706475791235374121e+24
3.177601768568315971e-02 4.742112287160559869e+24
3.178126715002100450e-02 4.749451057565862151e+24
3.180669407280860284e-02 4.785147836091631999e+24
3.181194353714644762e-02 4.792433480624656431e+24
3.187668200845960448e-02 4.882922426817318994e+24
3.187845811260468787e-02 4.885483197625719801e+24
3.189840595800090550e-02 4.913240945815073474e+24
3.194451779551551324e-02 4.978001735508254609e+24
3.195674759009923399e-02 4.995200357235792181e+24
3.202559853788268518e-02 5.091709447543926093e+24
3.204730524655990259e-02 5.122339910602373990e+24
3.208308051099562769e-02 5.172772615668542346e+24
3.214932985027787321e-02 5.266352963732637812e+24
3.217370414706590548e-02 5.300871955886843131e+24
3.217805176397380701e-02 5.307032314103045277e+24
3.219376060350586516e-02 5.329262538688532211e+24
3.219810822041378057e-02 5.335448985712773862e+24
3.221381705994583178e-02 5.357807871561745656e+24
3.221816467685374719e-02 5.363908765653047936e+24
3.226431963947461873e-02 5.429721025475591407e+24
3.231390441366950583e-02 5.500677315806262515e+24
3.231902554607320177e-02 5.507884653398164414e+24
3.233397727736303517e-02 5.529562203915549311e+24
3.235828719511046198e-02 5.564545868276059385e+24
3.236710782543218007e-02 5.577357184648592528e+24
3.241419942832078627e-02 5.645689434561377278e+24
3.244174100885444806e-02 5.686537867560158715e+24
3.245872239622515920e-02 5.711764408492199525e+24
3.250398501658258166e-02 5.780227379260006246e+24
3.251079655129394952e-02 5.790781428051627408e+24
3.252846747934290406e-02 5.818322628332635503e+24
3.256898928626893869e-02 5.883238264205998132e+24
3.257019303343046401e-02 5.884996243701013573e+24
3.259798269327520565e-02 5.932232761149219374e+24
3.260234066821984800e-02 5.939813908772242594e+24
3.262751582471651313e-02 5.984457316014688477e+24
3.264863393295576455e-02 6.024205853151328987e+24
3.266522735385851695e-02 6.057269296639765423e+24
3.267435241859499573e-02 6.075905852122590647e+24
3.270570469365265132e-02 6.145192361571885540e+24
3.272535532371349115e-02 6.192706415490462757e+24
3.274136116210257796e-02 6.234819489739713488e+24
3.276989355097496837e-02 6.318344953227168771e+24
3.283176500681680987e-02 6.550264712065503738e+24
3.285887361883060853e-02 6.682084715300451225e+24
3.289888422604129309e-02 6.919097612364898042e+24
3.290058620744327339e-02 6.930598640413346661e+24
3.290674655831699741e-02 6.972600946603243099e+24
3.300807643339397079e-02 7.835840530507086690e+24
3.302631570325333804e-02 8.008352532060507180e+24
3.305179608862363755e-02 8.250204511855377161e+24
3.307219994872691998e-02 8.441327767830606794e+24
3.307941556074741468e-02 8.507583990247082569e+24
3.310145190317462238e-02 8.707151221136060953e+24
3.312702032015409082e-02 8.930852017657516220e+24
3.313654178840429870e-02 9.011786979423501794e+24
3.316663527204653794e-02 9.259205251511378158e+24
3.318195587309385325e-02 9.380035830631741425e+24
3.321652883240822779e-02 9.641368762849138955e+24
3.323518794862873049e-02 9.775558133359011644e+24
3.324913655933749851e-02 9.874115125390243445e+24
3.326245984301307718e-02 9.967214176037588255e+24
3.329641259536701703e-02 1.019420713348223268e+25
3.332041481244842063e-02 1.035162603076347914e+25
3.333132272431536119e-02 1.042061296733730476e+25
3.333494993023784075e-02 1.044342101003420834e+25
3.334005463118407120e-02 1.047486788749915543e+25
3.334148070463280322e-02 1.048357082654664117e+25
3.334558321517862994e-02 1.050923883542507290e+25
3.334684302844348469e-02 1.051734633999787413e+25
3.342057090814402193e-02 1.095369410777315982e+25
3.342612910533865334e-02 1.098527250657923039e+25
3.342780361615926149e-02 1.099436244823525787e+25
3.343208519215008778e-02 1.101896765777647750e+25
3.343916218400584672e-02 1.105818382253635724e+25
3.346452955048442174e-02 1.119741535264533964e+25
3.346873134841544389e-02 1.121970489425706832e+25
3.347243355503209949e-02 1.123988081004385581e+25
3.350937829580073052e-02 1.142956722473010402e+25
3.357840253987121049e-02 1.175394852466202458e+25
3.359245280259384042e-02 1.181840352740447430e+25
3.361164555131495452e-02 1.190068666021585453e+25
3.365581732751283389e-02 1.207672508810702485e+25
3.369227552925802699e-02 1.221158308740249323e+25
3.370606217605161270e-02 1.225975737854986722e+25
3.371920839740378401e-02 1.230425984883070215e+25
3.372859060588527524e-02 1.233549799618677127e+25
3.373664273192159002e-02 1.236161369997361875e+25
3.376132224800544590e-02 1.243739831294699247e+25
3.380482872957524948e-02 1.256517337301127176e+25
3.381320681450367821e-02 1.258857378429131612e+25
3.382037142501091720e-02 1.260720039140764456e+25
3.383303423762942796e-02 1.264151455890884202e+25
3.384785409528000277e-02 1.267897227637104280e+25
3.385730897888150626e-02 1.270150486776806791e+25
3.389222989962843019e-02 1.278253896308233574e+25
3.390625742185069541e-02 1.281384478410054928e+25
3.391397302942449760e-02 1.283057235955353786e+25
3.392791362845636038e-02 1.285928402913414719e+25
3.393574121226702878e-02 1.287511937570523727e+25
3.396698735591872909e-02 1.293517578347533667e+25
3.399414937489837057e-02 1.298410073690838396e+25
3.400405684631157416e-02 1.299879399489331563e+25
3.400441888770378007e-02 1.300021542199998548e+25
3.401459106702259955e-02 1.301798965317035153e+25
3.401812111675845546e-02 1.302382321714632745e+25
3.403956550305631268e-02 1.305806467332692372e+25
3.404302355423118737e-02 1.306333641821053410e+25
3.410208634183239246e-02 1.314889314226692927e+25
3.410728916669845262e-02 1.315536388910613280e+25
3.411476176166102631e-02 1.316509606874056960e+25
3.414909058064281161e-02 1.320462620976144004e+25
3.422010683121384095e-02 1.327419425653972243e+25
3.422767919905977257e-02 1.328061316031964230e+25
3.423511643981846236e-02 1.328600785496251657e+25
3.425515760705444279e-02 1.330365642119140268e+25
3.434359726839045918e-02 1.335696777523412345e+25
3.434806923142109253e-02 1.335894657730167227e+25
3.435145455726684727e-02 1.336050472329602352e+25
3.435478250377109466e-02 1.336109429093732406e+25
3.435825876585649891e-02 1.336277975029188561e+25
3.436152257373104729e-02 1.336482288331743438e+25
3.445260932974236051e-02 1.339222571262286701e+25
3.445291752018767722e-02 1.339186842435422456e+25
3.445610477785766151e-02 1.339132313283725292e+25
3.447183009288974642e-02 1.339343656775417702e+25
3.447913407875426856e-02 1.339322446602999670e+25
3.455251237985172003e-02 1.338926982185515465e+25
3.455937132695208192e-02 1.338808013645679795e+25
3.457946150063960500e-02 1.338602393721511346e+25
3.461173358515672732e-02 1.337622048470638882e+25
3.465195908395638652e-02 1.335887634460538548e+25
3.465922629904673313e-02 1.335640163615901116e+25
3.467009393117241600e-02 1.335032547402757307e+25
3.467736114626276261e-02 1.334660555692074207e+25
3.472239421379759439e-02 1.331941248271082043e+25
3.474905153692198212e-02 1.330153980174374902e+25
3.476892072422789470e-02 1.328556124567072986e+25
3.478310798840123647e-02 1.327303646581512499e+25
3.484343875057183126e-02 1.321251803610655851e+25
3.485548456980078896e-02 1.319853480915708953e+25
3.488274662684021782e-02 1.316643350312980715e+25
3.488885483053971726e-02 1.315952266540036055e+25
3.496127354605838011e-02 1.305950193802449068e+25
3.496191760267960275e-02 1.305769095260889247e+25
3.496217443091836213e-02 1.305683884912535171e+25
3.497908862764723126e-02 1.302994320973853673e+25
3.497934545588598371e-02 1.303053985492954740e+25
3.499625965261484589e-02 1.300199076179497398e+25
3.507832400986458238e-02 1.285000164841924261e+25
3.507840135635213741e-02 1.284973567936487466e+25
3.509004580220866087e-02 1.282483861401184008e+25
3.509989942827415610e-02 1.280391104302842748e+25
3.510082203194277856e-02 1.280127931800293247e+25
3.519690178954822113e-02 1.256224569730656144e+25
3.519755578259665257e-02 1.256018860226039336e+25
3.520335364402053802e-02 1.254483532720602923e+25
3.524148731046516936e-02 1.243369946290003823e+25
3.524486276151543585e-02 1.242293048709953334e+25
3.524694849343778386e-02 1.241647760200463990e+25
3.524847975084764024e-02 1.241185693289695211e+25
3.524889672312182809e-02 1.241068420793969341e+25
3.525259433403342413e-02 1.239884246444180665e+25
3.530761105876795147e-02 1.221538633958361901e+25
3.530954243081386307e-02 1.220854449181521628e+25
3.531199422265084154e-02 1.220076306529588583e+25
3.531543066144868931e-02 1.218827061371610788e+25
3.531620151249758449e-02 1.218564327775540031e+25
3.533700915449738272e-02 1.210804893623024971e+25
3.537361292688442210e-02 1.196510830353668943e+25
3.538271855001932226e-02 1.192798153650651190e+25
3.539100301467274640e-02 1.189341051625796558e+25
3.539281512705353544e-02 1.188522396828259206e+25
3.541144052180535823e-02 1.180641702211506362e+25
3.541924615702488066e-02 1.177226746790033063e+25
3.541988673404407317e-02 1.176926198675007109e+25
3.542400173345803399e-02 1.175083442748123903e+25
3.544318139072264590e-02 1.166296419084187485e+25
3.552322854719924816e-02 1.126840163200626219e+25
3.553240253984348701e-02 1.121904766691767658e+25
3.554173690287389109e-02 1.116904347094466939e+25
3.559714096477577944e-02 1.085795258826566514e+25
3.562721093737360872e-02 1.068015913371160647e+25
3.563325673561643092e-02 1.064376588235006185e+25
3.563920873860766669e-02 1.060743246099600847e+25
3.564630416821421705e-02 1.056415456963898937e+25
3.565604856542949064e-02 1.050409656587872446e+25
3.570108097306158579e-02 1.021616960470340870e+25
3.571314495750355783e-02 1.013555656618966555e+25
3.573146071143568775e-02 1.001358718229160225e+25
3.573850356849808674e-02 9.966271358458505590e+24
3.579053243416613350e-02 9.593245424587303675e+24
3.579541712750015231e-02 9.557287642370232925e+24
3.581835350544562008e-02 9.381575305215859566e+24
3.582095857156668284e-02 9.360730285215798515e+24
3.586936119752279217e-02 8.964786208057251162e+24
3.587736426362910652e-02 8.896085086777432452e+24
3.587763113011868676e-02 8.893401666289459385e+24
3.589558983002844039e-02 8.735060036844671409e+24
3.589586450336156032e-02 8.733195710424514705e+24
3.589644588357852190e-02 8.727153604344135069e+24
3.594435329803934848e-02 8.287650114496360752e+24
3.595037575386387380e-02 8.230862617376792903e+24
3.595693045726694459e-02 8.168487610187342426e+24
3.597529352194004520e-02 7.993813301916075595e+24
3.598033739645427331e-02 7.945639043224385406e+24
3.599529086020732127e-02 7.805472903657209240e+24
3.603670477559674235e-02 7.421002007139053520e+24
3.604047141358501100e-02 7.387833098232419148e+24
3.605729070285125515e-02 7.245088490170430133e+24
3.608833995360908459e-02 7.007401633763042282e+24
3.609434292937609146e-02 6.965444736244017439e+24
3.610219452139232232e-02 6.912643329321712054e+24
3.610551300321502427e-02 6.890789004053659299e+24
3.611297478284244966e-02 6.843634333272482343e+24
3.613238879857201546e-02 6.729641877624051886e+24
3.614185395500808806e-02 6.678472582461820160e+24
3.614437999471101920e-02 6.665113182447912008e+24
3.621657747302119146e-02 6.362853961191529208e+24
3.622102990587300342e-02 6.347800312369451152e+24
3.622805673736551046e-02 6.324984731805012369e+24
3.623465323786938252e-02 6.304575490590761988e+24
3.623745534633487225e-02 6.295944873860185413e+24
3.624639379679188422e-02 6.269691304200307833e+24
3.627763131484945669e-02 6.185744621705814126e+24
3.631270510055140122e-02 6.103851224364128544e+24
3.632596062368449036e-02 6.075543925751010780e+24
3.633557108952972792e-02 6.055791474065319341e+24
3.634711095299374140e-02 6.032711525215098743e+24
3.641043488824398378e-02 5.917854328655446939e+24
3.641200038136644529e-02 5.915123783565307839e+24
3.641334729676946880e-02 5.912681721367672369e+24
3.641463293187056222e-02 5.910586266564241079e+24
3.641667646703165839e-02 5.906988856398357060e+24
3.647851859029139360e-02 5.807067573559363407e+24
3.648775760141739072e-02 5.792772346840582514e+24
3.650696774869337941e-02 5.763344059052395044e+24
3.653839991202662701e-02 5.716089748690431256e+24
3.656243476731287773e-02 5.680429516341734967e+24
3.663037229613988477e-02 5.581147858614020238e+24
3.663344542302413021e-02 5.576739334216209767e+24
3.666627784828342673e-02 5.529592389321095404e+24
3.668860516554361267e-02 5.497514645259407023e+24
3.668965521248594708e-02 5.495893033842341841e+24
3.670304932429228895e-02 5.476893252270960062e+24
3.672136790393359246e-02 5.450617694008925540e+24
3.675208407734310845e-02 5.406998711316625360e+24
3.678868069944516567e-02 5.355151194629169905e+24
3.679228517687277433e-02 5.350024693431229707e+24
3.680734894727165363e-02 5.328510300375514563e+24
3.681095342469926923e-02 5.323501385789100683e+24
3.682601719509817628e-02 5.302250138576736523e+24
3.690260009490573673e-02 5.193902717945760289e+24
3.691487728788771933e-02 5.176559052298821566e+24
3.695360662848085759e-02 5.121994935418027524e+24
3.696195842782455665e-02 5.110437134746262188e+24
3.703599688050392830e-02 5.006139092140930906e+24
3.704594464430753520e-02 4.992180559750079804e+24
3.708965518502009562e-02 4.930893550170156143e+24
3.709789966055092314e-02 4.919334350369979753e+24
3.716891875792095040e-02 4.819692748732438285e+24
3.717701200072733719e-02 4.808323743454256205e+24
3.718049840190786048e-02 4.803461050051440526e+24
3.720124621199312476e-02 4.774600814295110470e+24
3.720473261317364805e-02 4.769366480154523129e+24
3.722548042325888457e-02 4.740393747540146056e+24
3.724914664579936224e-02 4.707131762433217935e+24
3.725616178558817382e-02 4.697316061312993991e+24
3.727085925205236155e-02 4.676912897622509032e+24
3.730979835495926850e-02 4.622769940221670627e+24
3.739430524649284271e-02 4.504594511047070740e+24
3.740071156414986192e-02 4.495715801398159830e+24
3.740910384266422223e-02 4.483807540926033422e+24
3.743581299286426883e-02 4.446688944724515492e+24
3.747157222122792647e-02 4.396598845051647346e+24
3.747396076799516806e-02 4.393247378816910460e+24
3.755501759549363661e-02 4.280589458557808086e+24
3.758051441789134889e-02 4.244926865840647726e+24
3.761540356517135975e-02 4.195990950582443649e+24
3.761627680888388059e-02 4.194849153012647227e+24
3.762992073061161014e-02 4.175728244031529272e+24
3.764293797519293466e-02 4.157607826094756731e+24
3.764403627319133638e-02 4.156188620459107649e+24
3.766881493366028982e-02 4.121915214291987883e+24
3.766930192841992653e-02 4.121353876180936675e+24
3.769608035651460243e-02 4.083904406912374034e+24
3.769817107697161912e-02 4.080962955492538054e+24
3.770170809523270411e-02 4.076115604512633040e+24
3.770268133919264797e-02 4.074674193997665384e+24
3.774219051470576597e-02 4.019893031551786163e+24
3.776547777516362642e-02 3.987202738620314895e+24
3.782315472025830905e-02 3.906947343417488502e+24
3.782765846440198226e-02 3.900686316292994608e+24
3.785294376376658471e-02 3.865526221673126930e+24
3.787925564922160065e-02 3.828985518449627612e+24
3.789122960277273300e-02 3.812114326525281919e+24
3.792829614754449769e-02 3.760426719177381547e+24
3.794540164038200797e-02 3.736533921826708184e+24
3.798871617362898495e-02 3.676127792337135837e+24
3.799153334141783245e-02 3.672109797944028803e+24
3.800468190620457515e-02 3.654026884560421336e+24
3.807186919660518476e-02 3.559980743699389097e+24
3.807665639308287220e-02 3.553411154456015341e+24
3.809784120471389202e-02 3.523972698300360874e+24
3.809995438033461634e-02 3.520951147793365110e+24
3.812113919196564310e-02 3.491413681064818032e+24
3.812325236758635355e-02 3.488522516139782026e+24
3.813567330102622666e-02 3.471183371495037670e+24
3.820473576142847938e-02 3.374751419368915679e+24
3.824496831802966929e-02 3.318550552699458600e+24
3.826829771906362782e-02 3.285806973832320531e+24
3.834065475246106053e-02 3.184936442797898986e+24
3.834093690983767649e-02 3.184377893394569239e+24
3.834101729944650733e-02 3.184291065829638380e+24
3.840767813485685550e-02 3.091177206198775486e+24
3.841976572204407886e-02 3.074285617768634427e+24
3.846263197274833734e-02 3.014206208117901625e+24
3.847551601944646654e-02 2.996038851225534081e+24
3.849678289752339611e-02 2.966149587246850257e+24
3.850966694422153919e-02 2.948243144786113265e+24
3.853093382229848263e-02 2.918425265163312738e+24
3.853855972980732569e-02 2.907786397721588937e+24
3.853970473592025631e-02 2.906151417041949355e+24
3.857481583044732737e-02 2.856963761429687180e+24
3.858150033668458767e-02 2.847564635070965911e+24
3.858565894871146540e-02 2.841616587945590311e+24
3.865637006588391877e-02 2.742334433505772699e+24
3.873212053157187168e-02 2.635518102037172064e+24
3.873954872607747457e-02 2.625111975247409796e+24
3.879019004321916653e-02 2.553650827594587307e+24
3.882427952365822416e-02 2.505433400032057067e+24
3.888274072645916263e-02 2.422566461286141219e+24
3.890143365665563180e-02 2.396074706575742516e+24
3.898057909644900287e-02 2.283750177149752606e+24
3.899195352306446954e-02 2.267364361711869875e+24
3.899247661918241875e-02 2.266630671945424699e+24
3.899296551248540577e-02 2.265858684299745547e+24
3.899405010790239767e-02 2.264199135611660077e+24
3.899781027571368880e-02 2.258961532255641652e+24
3.901024608714602493e-02 2.241356112433642102e+24
3.901532269329640451e-02 2.234151576224629829e+24
3.902178068754500601e-02 2.225003345401917095e+24
3.902685729369538559e-02 2.217795926124426793e+24
3.907623253508809430e-02 2.146745094175715498e+24
3.914963011060277470e-02 2.041602152752513693e+24
3.915919290216885590e-02 2.027807527021505744e+24
3.918974509223949187e-02 1.983780508000221863e+24
3.921578600588804253e-02 1.946163405873334641e+24
3.930289915359740094e-02 1.819297643442693076e+24
3.930811892980926037e-02 1.811761782562643593e+24
3.935263289078357735e-02 1.746538657351062962e+24
3.936241632300525178e-02 1.732157845470712074e+24
3.945616819659202718e-02 1.593325046724635621e+24
3.947695018604027023e-02 1.562416603411295760e+24
3.947729147437778474e-02 1.561845065304923198e+24
3.949807346382605555e-02 1.530571050870042211e+24
3.949841475216355619e-02 1.530096100274063821e+24
3.950202611813379699e-02 1.524694359817836466e+24
3.951804358632342307e-02 1.500621281890591048e+24
3.955161399217255180e-02 1.449699561280949704e+24
3.958964501900866240e-02 1.391359300779598888e+24
3.959369404506462436e-02 1.385167928185672218e+24
3.964201576392940851e-02 1.310489718802713391e+24
3.965528065966677368e-02 1.289513385796521523e+24
3.969990771039826061e-02 1.219647836031975598e+24
3.971569600692829299e-02 1.194495751195887101e+24
3.976471578304604376e-02 1.116015582319288076e+24
3.978464067081011191e-02 1.083738368910603086e+24
3.981017040178785188e-02 1.042049527113438575e+24
3.982325052739706106e-02 1.020713468324811232e+24
3.984392365712480927e-02 9.868056401444382410e+23
3.985311967734314620e-02 9.717678841397079892e+23
3.987251451637619654e-02 9.398392033268158893e+23
3.990081146547289070e-02 8.936468443464027876e+23
3.990963575965032761e-02 8.791191219505844307e+23
3.993123668191442266e-02 8.440550902144485934e+23
3.994932445209043587e-02 8.149363003563262073e+23
3.995450550987919569e-02 8.065907047622649221e+23
3.995795540469765372e-02 8.011483980514042315e+23
3.997808817497786049e-02 7.693355678512285923e+23
4.002842026576249046e-02 6.930195995757143277e+23
4.003024995816494708e-02 6.904407485296390743e+23
4.004761536205218159e-02 6.651146607265750555e+23
4.005309812071349701e-02 6.572558921266380354e+23
4.005719011967514426e-02 6.515816904635929005e+23
4.005835929189277556e-02 6.499458522358687256e+23
4.007965556315355032e-02 6.207952563034908860e+23
4.010241213201232863e-02 5.909675629757900742e+23
4.015362408052534915e-02 5.299810945084607148e+23
4.016102207501802412e-02 5.219184306387957601e+23
4.016595165796954525e-02 5.165427728970517211e+23
4.018224069813227523e-02 4.995967723014803088e+23
4.018448157763132578e-02 4.972867523809459925e+23
4.020073496804444507e-02 4.812155851307797205e+23
4.020505891751356697e-02 4.770981573487953319e+23
4.023262751149658117e-02 4.521834488530831420e+23
4.028022537687161314e-02 4.141025113754654233e+23
4.032053566042041737e-02 3.860980733332511072e+23
4.036160666958719945e-02 3.617697070655297385e+23
4.040679510097545252e-02 3.387812411353673331e+23
4.042191235629588597e-02 3.317784134114482869e+23
4.047802312197038010e-02 3.086933635454449473e+23
4.051815442166082498e-02 2.947290327963212574e+23
4.054620833483466719e-02 2.860397991610152953e+23
4.054932930094112126e-02 2.849741119959875474e+23
4.058886811071333450e-02 2.738467333670982795e+23
4.062048678645216460e-02 2.658377648662799387e+23
4.065013861344757978e-02 2.589814460971993499e+23
4.070468886447622253e-02 2.478254839357295905e+23
4.072618544875679369e-02 2.438103560564246242e+23
4.076362064102335286e-02 2.373751579783578591e+23
4.117850535580021287e-02 1.911544168618447119e+23
4.129525924180538210e-02 1.830113183352016580e+23
4.145938352029911872e-02 1.738691123023708412e+23
4.156021615065540881e-02 1.691515820882422021e+23
4.175577689167997431e-02 1.612487837917186915e+23
4.178179469328330981e-02 1.603036914961388992e+23
4.187093245468304081e-02 1.571510409940968376e+23
4.196833352710942211e-02 1.539447266832301886e+23
4.233304842755970798e-02 1.442013780667641826e+23
4.244825436393129259e-02 1.416223823910295044e+23
4.250431439315308091e-02 1.403194638993547917e+23
4.268180590633781357e-02 1.371197965386944222e+23
4.270407021782147983e-02 1.365976206212945349e+23
4.271951629065481176e-02 1.363825066743145368e+23
4.290788485029352339e-02 1.331846733344543070e+23
4.299077821737834482e-02 1.320122148645144195e+23
4.302437774794171804e-02 1.314004538438617127e+23
4.307280885546271865e-02 1.308330386668798555e+23
4.314782781032958786e-02 1.299367230435667246e+23
4.326204014410186399e-02 1.284721408392853486e+23
4.342227664086726474e-02 1.268305184469316859e+23
4.359885821432347291e-02 1.251319400192901550e+23
4.366598530755920471e-02 1.245970412551072750e+23
4.392519594910790359e-02 1.227549230003265103e+23
4.398996987798538261e-02 1.221835202752243239e+23
4.425153368389234815e-02 1.207961027958536982e+23
4.439254203181528663e-02 1.202089336538106125e+23
4.444587145686427349e-02 1.200811629003362229e+23
4.448088028026275093e-02 1.198824375540544428e+23
4.453661010355500910e-02 1.195501632329889465e+23
4.457866932921104169e-02 1.194477634446908205e+23
4.464020922983621270e-02 1.193000728457333451e+23
4.471959686116237787e-02 1.190912648472025891e+23
4.483454700280814498e-02 1.186680611649631677e+23
4.496993433091546477e-02 1.183900435917670795e+23
4.501243673446990445e-02 1.182826941575839267e+23
4.506895531685029682e-02 1.181931992215949547e+23
4.507019419804583066e-02 1.181949151794327275e+23
4.518296542162214546e-02 1.180305830730650018e+23
4.518348918957957455e-02 1.180309755874447647e+23
4.525109274968902584e-02 1.179218543882830275e+23
4.529670380377936317e-02 1.177894235009877971e+23
4.530411448523953555e-02 1.177777306376067917e+23
4.535480114787665551e-02 1.176641919869497859e+23
4.535581403350641416e-02 1.176626764991699259e+23
4.539883343006904243e-02 1.175863314194649999e+23
4.541763266973994351e-02 1.175750507585739948e+23
4.541812893603320439e-02 1.175825285594445408e+23
4.547828597716744442e-02 1.173340478273378383e+23
4.548005826888360664e-02 1.173222435208293211e+23
4.549434648087605920e-02 1.172528592185248386e+23
4.551107844408752712e-02 1.171846868659567937e+23
4.553973099320714202e-02 1.170267900497702850e+23
4.556452963607411644e-02 1.168759598873422080e+23
4.561759771323385670e-02 1.165276546461364660e+23
4.565205263923256124e-02 1.162041255428021929e+23
4.567964061659258307e-02 1.159174727529920043e+23
4.569452206526250504e-02 1.157530778605082955e+23
4.570761821707851336e-02 1.156262677911563896e+23
4.573483999092924773e-02 1.152244382358192899e+23
4.575582171889634037e-02 1.149111208839947464e+23
4.577544526435621541e-02 1.145924474487446406e+23
4.580047064155999548e-02 1.141877385403437028e+23
4.581389175709935091e-02 1.139076180579251315e+23
4.583649918683146279e-02 1.134058658731587388e+23
4.584775676569632918e-02 1.131517128688582158e+23
4.587533693121056966e-02 1.125446654882775155e+23
4.590785431092300056e-02 1.117521361684524664e+23
4.593721900750386000e-02 1.109904441318965877e+23
4.594558648823144492e-02 1.107509520976148106e+23
4.599906894255571810e-02 1.091311399737683052e+23
4.600168567226188554e-02 1.090893121723664695e+23
4.604468783460752973e-02 1.083834393058474312e+23
4.605265111382417231e-02 1.082455868146111868e+23
4.608043978813974179e-02 1.078004947893357264e+23
4.609551703360078440e-02 1.075349080383086332e+23
4.613000390858008892e-02 1.069266737382942447e+23
4.615339587673790434e-02 1.065444965381592119e+23
4.615932832970772587e-02 1.064387378720924248e+23
4.617002247475686383e-02 1.062554131235017494e+23
4.617616030507337016e-02 1.060941105828877912e+23
4.617969121775202662e-02 1.060315984366511042e+23
4.619066237533344527e-02 1.057705507997859447e+23
4.622822240087005180e-02 1.051348975594291457e+23
4.624261671302341142e-02 1.048962310330588647e+23
4.624645640497912491e-02 1.048318915363115012e+23
4.624812187069417269e-02 1.048016461958284501e+23
4.625001403953733770e-02 1.047698422646784288e+23
4.628601144927690925e-02 1.042482972155467226e+23
4.628639477170115590e-02 1.042431282537086478e+23
4.628679363834439786e-02 1.042351772914619662e+23
4.628725755685678123e-02 1.042268739524353851e+23
4.629708740723586374e-02 1.040473491729512871e+23
4.635642397463233394e-02 1.029130513374543400e+23
4.636883862192179434e-02 1.026879083067597149e+23
4.640222780348757237e-02 1.020869522807430285e+23
4.640901514702253094e-02 1.019652842894663625e+23
4.642535003940710669e-02 1.016720744426639920e+23
4.642694293016714352e-02 1.016412161248414117e+23
4.651770788567549664e-02 9.998536704223046376e+22
4.652874973648608165e-02 9.977442594115197652e+22
4.655382151143495212e-02 9.932356257211852050e+22
4.655411055728795461e-02 9.932077629663078253e+22
4.660627377715448327e-02 9.837164933570007296e+22
4.661920711318656707e-02 9.812539319250156152e+22
4.662391154712163671e-02 9.804149491702878018e+22
4.666977781842274881e-02 9.709665081929730569e+22
4.668779633466606932e-02 9.681792406765501940e+22
4.670345378445025369e-02 9.651978878924629842e+22
4.670872254175681415e-02 9.641819696326267791e+22
4.674723901667928588e-02 9.571698628773897516e+22
4.674889656212766892e-02 9.567765084001453841e+22
4.676693172715863656e-02 9.534318118020393101e+22
4.676845978891127492e-02 9.531405314913357686e+22
4.678189970660695529e-02 9.502561883166263057e+22
4.680940512131596259e-02 9.448697288325406392e+22
4.685523462545814616e-02 9.357750438051943390e+22
4.691500934812325996e-02 9.247220781815947067e+22
4.691750846919081480e-02 9.241632230739413670e+22
4.693014335092850209e-02 9.217544479203828905e+22
4.698173273741796524e-02 9.102386265079696222e+22
4.698862485327533201e-02 9.087804805336533041e+22
4.701652059713398030e-02 9.035350175976007506e+22
4.701961234498983067e-02 9.029475391002210048e+22
4.704750808884845120e-02 8.972522736075271045e+22
4.710187527726885509e-02 8.862838856595305556e+22
4.710855131079379893e-02 8.849332742964718548e+22
4.714386233089388339e-02 8.776846229165221033e+22
4.715874156641459980e-02 8.745654966417001493e+22
4.720885183957985315e-02 8.641535078517815063e+22
4.723969569594906742e-02 8.581253255275039896e+22
4.724564490752729273e-02 8.568848491418779596e+22
4.726626782259458343e-02 8.526416729600448633e+22
4.726965792770410763e-02 8.519287740001164250e+22
4.727049221467467810e-02 8.517401236362086685e+22
4.734470038264309427e-02 8.355385010788917628e+22
4.734819551921523595e-02 8.347724266590585854e+22
4.737415414776884048e-02 8.293884590491147698e+22
4.738002333013673767e-02 8.280650934884340492e+22
4.738069441929509962e-02 8.278571279639369063e+22
4.738243634203193749e-02 8.274882889155275968e+22
4.738824186677689787e-02 8.262332735570173965e+22
4.738998357313110865e-02 8.258997572886970184e+22
4.739075785313461714e-02 8.257279701557847261e+22
4.739644793800813771e-02 8.245632822367364737e+22
4.740054808118990964e-02 8.237504149092200088e+22
4.740262295097573408e-02 8.233122113578480540e+22
4.742244768189358278e-02 8.192990376455186468e+22
4.751612402351983871e-02 7.984304670576376755e+22
4.760049218467445054e-02 7.805529616091452749e+22
4.760098455926575073e-02 7.804372425924828725e+22
4.762250064625782320e-02 7.746449495336124888e+22
4.765224932225497340e-02 7.684932412983673776e+22
4.767844631050212334e-02 7.626742560176553014e+22
4.776838842481774539e-02 7.429211894638634127e+22
4.778837462099012195e-02 7.383795584226403182e+22
4.779367062202206223e-02 7.371972477274620638e+22
4.782179459301944685e-02 7.309198411939106207e+22
4.783449334931417357e-02 7.277645751253619809e+22
4.787536955032457853e-02 7.188126222626446954e+22
4.791145922999815593e-02 7.101497332735202558e+22
4.791472265010562198e-02 7.093763882292702557e+22
4.791673949993545401e-02 7.089157838884117361e+22
4.794951105009114672e-02 7.014855181952339254e+22
4.794996786983782289e-02 7.013793612722609953e+22
4.795373588003574994e-02 7.005398228823174231e+22
4.797633927635619466e-02 6.952789750204735894e+22
4.798798909326066481e-02 6.922972872380167016e+22
4.800347682352656964e-02 6.890465700897976064e+22
4.801300475165085763e-02 6.868570384275667629e+22
4.803408967438958788e-02 6.819700547081692670e+22
4.804950867925258245e-02 6.784002898714754548e+22
4.809294903300177088e-02 6.682843741439030565e+22
4.810641705917972910e-02 6.644821418307559516e+22
4.812696882221439987e-02 6.597269777119471836e+22
4.816725167901651089e-02 6.504041085480971377e+22
4.818194610931984811e-02 6.470429818928565007e+22
4.820377436317955372e-02 6.419569780997122058e+22
4.822582964491344687e-02 6.370771077710311168e+22
4.823270606184618808e-02 6.354405386587345204e+22
4.823893235598800816e-02 6.339764976840703423e+22
4.824408182659216393e-02 6.327750225436599334e+22
4.825362416014638417e-02 6.305047538607926228e+22
4.828148406193169540e-02 6.239722715773083949e+22
4.833207474949537119e-02 6.113076779044467166e+22
4.833400882539419519e-02 6.108603931231955347e+22
4.833483452062105334e-02 6.106887223226561829e+22
4.836355595829047727e-02 6.037984917476348841e+22
4.836438165351736318e-02 6.036017091472357170e+22
4.839310309118678710e-02 5.966399337854151741e+22
4.839573899959546954e-02 5.960113235017269353e+22
4.846605627292344814e-02 5.795537170314004582e+22
4.846868144299558423e-02 5.789247527506856536e+22
4.846872492110190778e-02 5.789251133710037680e+22
4.852903368034416909e-02 5.640705065550339899e+22
4.853073451076046763e-02 5.636637450358221491e+22
4.861667725399347606e-02 5.424775422565583054e+22
4.862101380014817453e-02 5.414221449283221062e+22
4.866240341680196785e-02 5.309884533066435448e+22
4.866770616278877359e-02 5.295914587036743788e+22
4.875874851360362250e-02 5.074312882321820641e+22
4.877330267919444823e-02 5.040475915019937540e+22
4.877681458819625032e-02 5.032048158447054619e+22
4.878658169288054708e-02 5.007122733796615311e+22
4.879009360188237693e-02 4.998228182168389026e+22
4.879986070656663899e-02 4.973565408757593774e+22
4.880337261556844802e-02 4.964736382299512662e+22
4.889695869857322436e-02 4.727230489475870307e+22
4.889721398626852011e-02 4.726558810215132063e+22
4.889723561941289320e-02 4.726443508525072541e+22
4.893922717234146236e-02 4.616648381270997546e+22
4.894617842224591175e-02 4.598507829812649997e+22
4.902267702075458616e-02 4.398377632244924049e+22
4.903333042341759263e-02 4.373453006425044497e+22
4.907910973232704199e-02 4.258792834661919333e+22
4.909784920355073773e-02 4.209621572677982906e+22
4.914814005524065915e-02 4.076869700169733505e+22
4.916843644390787166e-02 4.023486178681315289e+22
4.917750308707655865e-02 3.999468272967854588e+22
4.919779947574375034e-02 3.945632631243558774e+22
4.924000402789981135e-02 3.824289703346869528e+22
4.925351441406787545e-02 3.790834666143575808e+22
4.926011626893651157e-02 3.773312087565513471e+22
4.926026626469737907e-02 3.772887866600915678e+22
4.927056600542539799e-02 3.739642704293334614e+22
4.927256919709139399e-02 3.734361837867748871e+22
4.927260240459802737e-02 3.734330137459282045e+22
4.928764711153826167e-02 3.696802860144957745e+22
4.937006557345034741e-02 3.478778157710319603e+22
4.937816273145882728e-02 3.456614922436921944e+22
4.937870757223857682e-02 3.455159311654524551e+22
4.946716670823204237e-02 3.213541438929598258e+22
4.947745430427361729e-02 3.184882863185747929e+22
4.948349662978514946e-02 3.168015371686508285e+22
4.948647649179582775e-02 3.159684607804216181e+22
4.948842328857317591e-02 3.154130507419860179e+22
4.952861922146280238e-02 3.040674453541793825e+22
4.954894391402449305e-02 2.982663539102485525e+22
4.954904209493041917e-02 2.982337574510451805e+22
4.956649008660456157e-02 2.936274269150289854e+22
4.956881237288641995e-02 2.929580355977440815e+22
4.959306054799541424e-02 2.856691609731212929e+22
4.960886007780794527e-02 2.810313335823977257e+22
4.963860158382340376e-02 2.721990311825673028e+22
4.966478464426803824e-02 2.644874344174821415e+22
4.967927025326018819e-02 2.602315810885591263e+22
4.968857356113791368e-02 2.573991137478670759e+22
4.972536702105398443e-02 2.465641226530826748e+22
4.974417625504238410e-02 2.407784303520268891e+22
4.976439081407482007e-02 2.345538589533524722e+22
4.977358810664242461e-02 2.316973017503463637e+22
4.979006377425482938e-02 2.265371943635342118e+22
4.981795736370819155e-02 2.178440776230203975e+22
4.983869902080405312e-02 2.113299921861990364e+22
4.987534503354236481e-02 1.997157004119357836e+22
4.989155398737173813e-02 1.945460915185252513e+22
4.993502467481782808e-02 1.809108831952204464e+22
4.994720534090309888e-02 1.771084367319975068e+22
4.995109219855831811e-02 1.759099616608087808e+22
4.997326868294177382e-02 1.691077995872079420e+22
4.999812664771411536e-02 1.618801654493870450e+22
5.000539755611733278e-02 1.595182353202318986e+22
5.000593741006109649e-02 1.594058538885079630e+22
5.006031198934868254e-02 1.438855816342934441e+22
5.013110508211973682e-02 1.255782354474983909e+22
5.013315762607023496e-02 1.250899857967680166e+22
5.013477685693761704e-02 1.247317688977333420e+22
5.017947071498012751e-02 1.150070114289574530e+22
5.022396025393720959e-02 1.066996403509730161e+22
5.026237785359442822e-02 1.003948808520077830e+22
5.027019717519165543e-02 9.922018002477665747e+21
5.029862944061155861e-02 9.488066768445282189e+21
5.030312033426087570e-02 9.429691170831054406e+21
5.030610640574187387e-02 9.389389030053067620e+21
5.031148836509133360e-02 9.322723530942504239e+21
5.031393863665581390e-02 9.290033133389824918e+21
5.036939716801234340e-02 8.674678252225576305e+21
5.038155536188206746e-02 8.543263957995233477e+21
5.049570928864642594e-02 7.579498927253268464e+21
5.053537089979343033e-02 7.281006599349469184e+21
5.057876439109610517e-02 7.018206643091301990e+21
5.066784938323351528e-02 6.587416749346270478e+21
5.074853854586161561e-02 6.293952783597393936e+21
5.075717052937876034e-02 6.265203421787887501e+21
5.076486812058739889e-02 6.239341314199710073e+21
5.093980829934892374e-02 5.706860716686226489e+21
5.105952668219407992e-02 5.529953735623714013e+21
5.110514323694812650e-02 5.452038040436221149e+21
5.114990750309139633e-02 5.401975554920221245e+21
5.121455175373335750e-02 5.211752320898936340e+21
5.127693223517896387e-02 5.166107978907333427e+21
5.139552110654931061e-02 5.032447703327523734e+21
5.149425936907656848e-02 4.915449886173340631e+21
5.157649045936527066e-02 4.827029347569886036e+21
5.165499625484643725e-02 4.737528389830197641e+21
5.175745981218122377e-02 4.593927853973187854e+21
5.189497986660806389e-02 4.474314684719161672e+21
5.207270652002912725e-02 4.408845595222279193e+21
5.214868657909133010e-02 4.357743364701017342e+21
5.234514321696810690e-02 4.199454588115727942e+21
5.239858994645338330e-02 4.171175701916639298e+21
5.247400972468441865e-02 4.119613865213765353e+21
5.272785110441590567e-02 3.985020090206546035e+21
5.280492668049039523e-02 3.951876456404215661e+21
5.314119274862828812e-02 3.816989678587119927e+21
5.314621695867779300e-02 3.815367827853171753e+21
5.323709638938473043e-02 3.809864367004893315e+21
5.350648933929481182e-02 3.773192592548972462e+21
5.355453439284064976e-02 3.767273078383117861e+21
5.391596618724921186e-02 3.637206398666138976e+21
5.396787603705303221e-02 3.642112166337467384e+21
5.428242366241523009e-02 3.583684053870410990e+21
5.429478737302975005e-02 3.582412961995089773e+21
5.436426134842307217e-02 3.577964060045741130e+21
5.446903230884760083e-02 3.577825516741763531e+21
5.448767753287803856e-02 3.576248267101236625e+21
5.464327724466545161e-02 3.568383010340157784e+21
5.468781099019572739e-02 3.568535285172040368e+21
5.475879378136670750e-02 3.569816861883638481e+21
5.478790966630497222e-02 3.538118725776285630e+21
5.487803844057073666e-02 3.543372605284145955e+21
5.490183875750270087e-02 3.543111222189819953e+21
5.505040498622217754e-02 3.553721243885127598e+21
5.505598654205832998e-02 3.552918583515166540e+21
5.506355290961990195e-02 3.553597960183091298e+21
5.516040027033994320e-02 3.532503258057461989e+21
5.529068683596528866e-02 3.575706945168290087e+21
5.534756083238129287e-02 3.578227686176618185e+21
5.537144615961529792e-02 3.582067311865675383e+21
5.548272156968658830e-02 3.598767778806105637e+21
5.548546665433153058e-02 3.598658408631597793e+21
5.549956168842332116e-02 3.601147340756843233e+21
5.551581021663681836e-02 3.591563695353480348e+21
5.552122634251210886e-02 3.596748320879867331e+21
5.559539199965524842e-02 3.597084173806718681e+21
5.563292249860239680e-02 3.599108200998146933e+21
5.564168130903651005e-02 3.598318470320912073e+21
5.565658091228684740e-02 3.569198354248552677e+21
5.568718558856763229e-02 3.508010113827834692e+21
5.568905407686366993e-02 3.507699120101767774e+21
5.569752106226380506e-02 3.506715085380354310e+21
5.573622590978675323e-02 3.521786920106808312e+21
5.576755240143619480e-02 3.503774001499076035e+21
5.578552964824635280e-02 3.523754069861034099e+21
5.580649162080757175e-02 3.509742790472189346e+21
5.584711743803536660e-02 3.478640774434729755e+21
5.586337343003964367e-02 3.463141658904446370e+21
5.587793119183059876e-02 3.449344305834397532e+21
5.589105544303243911e-02 3.424423658627435332e+21
5.591572340972591343e-02 3.377731047026180751e+21
5.595919445864310643e-02 3.317682762703015772e+21
5.602383537859220025e-02 3.255340912100933894e+21
5.603822344440204800e-02 3.252761475861185036e+21
5.604202525925353756e-02 3.252155425980071018e+21
5.604700652712092668e-02 3.251712381995914363e+21
5.605240903169874528e-02 3.277843467618667201e+21
5.605540047039921092e-02 3.276816462850121794e+21
5.605766761312122592e-02 3.275833129514861330e+21
5.607658817052754013e-02 3.274054174146227077e+21
5.613135335152313193e-02 3.259354487369326133e+21
5.617008980003258822e-02 3.282587429614018101e+21
5.618683645775780083e-02 3.251284670265230361e+21
5.619692114605541466e-02 3.248408981427051823e+21
5.620830051432848529e-02 3.245453452275243024e+21
5.622118104622370743e-02 3.243423832975533933e+21
5.623215955653605019e-02 3.240634422287890645e+21
5.626232241785628779e-02 3.227399147987076121e+21
5.628524767713385252e-02 3.219485203862421766e+21
5.629610500401558554e-02 3.215818917250813919e+21
5.630627573865638197e-02 3.213064653097970696e+21
5.633833734528215925e-02 3.238013305156659053e+21
5.639994438757606893e-02 3.213187099830918316e+21
5.643358174416340800e-02 3.202455462780618146e+21
5.645074395942568241e-02 3.195518494465386349e+21
5.646648024309144920e-02 3.160580349478886179e+21
5.651786830032157899e-02 3.142847906730797957e+21
5.652603574860488173e-02 3.140144006595922625e+21
5.657381049815426999e-02 3.146177301120035586e+21
5.664003031979473329e-02 3.117487660724889584e+21
5.673821181468315100e-02 3.076068820663535141e+21
5.674485594117372605e-02 3.073352338336405520e+21
5.678619976926627816e-02 3.053163152612778836e+21
5.678695613317021051e-02 3.052948804882555470e+21
5.679458818489434985e-02 3.048919729532844900e+21
5.679662397819622982e-02 3.047402548170000433e+21
5.680638198401446320e-02 3.042342901687029596e+21
5.680841777731631542e-02 3.041126795734889791e+21
5.681817578313454881e-02 3.035445636666958021e+21
5.682021157643640102e-02 3.034656112187068645e+21
5.684895601882854893e-02 3.021582257988910973e+21
5.691064301376895507e-02 2.961777855844134158e+21
5.693205109162501748e-02 2.950051995317995831e+21
5.694297990754075556e-02 2.943550214579605733e+21
5.701736498448683327e-02 2.929073530472867824e+21
5.702375223809778848e-02 2.896415152568138727e+21
5.706157389369475447e-02 2.875492144462470578e+21
5.706561575132979014e-02 2.873294252279053943e+21
5.706620256455772339e-02 2.873021226340345446e+21
5.713360581490762452e-02 2.829509624589043368e+21
5.713664100764066778e-02 2.827752300515107013e+21
5.715878457958327441e-02 2.812569198418234704e+21
5.716181977231631073e-02 2.810834337269607301e+21
5.717979894952322090e-02 2.798542339182612185e+21
5.719965681074608288e-02 2.786144018885123768e+21
5.722790362990687330e-02 2.768810310276719051e+21
5.725665674596967097e-02 2.776529325590723953e+21
5.730545591160567803e-02 2.744323082403979985e+21
5.737704424064892644e-02 2.660418201691734671e+21
5.740059364804284137e-02 2.671805724557761839e+21
5.744311110491990419e-02 2.641697444941549011e+21
5.747293385109871616e-02 2.619058951238089966e+21
5.755443167055177695e-02 2.553811118444245942e+21
5.756907540769222453e-02 2.542428624986369950e+21
5.762956546387016515e-02 2.493256662849203732e+21
5.766456592737033426e-02 2.465108400601036751e+21
5.767111740984016965e-02 2.460139034539462754e+21
5.769113003169382831e-02 2.443883951585200964e+21
5.769586822713929086e-02 2.438927700774684197e+21
5.772927790458459024e-02 2.413062743251670794e+21
5.773861289702832134e-02 2.405586495302885442e+21
5.774697090070736449e-02 2.398551408098879734e+21
5.776412155191176789e-02 2.383837825624954634e+21
5.781058728997652552e-02 2.342566982860247400e+21
5.783200019628204763e-02 2.323407064000578191e+21
5.792969430587605745e-02 2.234362501365454078e+21
5.795323945808886906e-02 2.213213452738959507e+21
5.800597388735423410e-02 2.162948129527430906e+21
5.802999564355570267e-02 2.113851572110059110e+21
5.811241771104475734e-02 2.034342987899047248e+21
5.814445670574996256e-02 2.004113320761883623e+21
5.820136048473193574e-02 1.947773900198017237e+21
5.821876807224194567e-02 1.931572152163007201e+21
5.823492957938616182e-02 1.914405691250861933e+21
5.824228744706999583e-02 1.907066567928136073e+21
5.824872589351543645e-02 1.900281241843416170e+21
5.825920725789143079e-02 1.881954809415810941e+21
5.826928710035164660e-02 1.871591278118012191e+21
5.827893476549963342e-02 1.861107317459773817e+21
5.828909562054159638e-02 1.857501130926122336e+21
5.833436116064859289e-02 1.809013506924449890e+21
5.838361046309172714e-02 1.756236537422334394e+21
5.841590163412491155e-02 1.722848056004913136e+21
5.845742298445093243e-02 1.674060489597869883e+21
5.852849727319447276e-02 1.611191321162453352e+21
5.855731949919417562e-02 1.577912327223596548e+21
5.860419826395197457e-02 1.492994106342576751e+21
5.862575034836026849e-02 1.467558694122252141e+21
5.872229795569069294e-02 1.373057322719911084e+21
5.873102853529664491e-02 1.361374365796950606e+21
5.873436031934205909e-02 1.357177921394366218e+21
5.873683331415188030e-02 1.358085389633720418e+21
5.874844195940943231e-02 1.341695032605276635e+21
5.875573243475937929e-02 1.331737971169071989e+21
5.875819728919525614e-02 1.328119685055816925e+21
5.876829557570382306e-02 1.314246228298785358e+21
5.877715701384156333e-02 1.300653204020188938e+21
5.879688077398220747e-02 1.273237985059091775e+21
5.881378897117930937e-02 1.249734504457777447e+21
5.885530252005072988e-02 1.190365212475238908e+21
5.886343107843137329e-02 1.179216151169754857e+21
5.890114335459026990e-02 1.121165891260783264e+21
5.890387501408793358e-02 1.117336779428316316e+21
5.894504923374774275e-02 1.056756469014982820e+21
5.896639051217505284e-02 1.018969395279438938e+21
5.896905486704116101e-02 1.014686376321380647e+21
5.899890085318110905e-02 9.716978045046748611e+20
5.902374460170474457e-02 9.376084919344410132e+20
5.904043841854152153e-02 9.166161776649420145e+20
5.904594453894928402e-02 9.097926267079110164e+20
5.906934994591872545e-02 8.811448269418012344e+20
5.907491472326543980e-02 8.743940379034556826e+20
5.909331082290771031e-02 8.514487510202076365e+20
5.911384748256976601e-02 8.256700102431784305e+20
5.911827198404542155e-02 8.202592875059555860e+20
5.913011111639505241e-02 8.068045731625378775e+20
5.914495338168005573e-02 7.907152484596365394e+20
5.916243169360619475e-02 7.725861686476986122e+20
5.922517153018362623e-02 7.017300420890127237e+20
5.923141937926797163e-02 6.963745188960721961e+20
5.924006008218253572e-02 6.897773996539758510e+20
5.924218966938445824e-02 6.881335370860973261e+20
5.930390904278785152e-02 6.434733956049582162e+20
5.933761865132199803e-02 6.187099681930796073e+20
5.933873809729414694e-02 6.180954321287011369e+20
5.937747232659096319e-02 5.967532823660684902e+20
5.939330552402040386e-02 5.896440963334465126e+20
5.939474587427942542e-02 5.890176198209245020e+20
5.944574271318164849e-02 5.676317485425314365e+20
5.945366582740160832e-02 5.652947445138315674e+20
5.945396808817545592e-02 5.651980753013187543e+20
5.953810083782463958e-02 5.358779707457466532e+20
5.958725253072292422e-02 5.279053455633830380e+20
5.962612769687981873e-02 5.096911006638204518e+20
5.965382867375947779e-02 5.023798422040436408e+20
5.966839581391304020e-02 4.998119698244552622e+20
5.969120165522194543e-02 4.945250179946743071e+20
5.970631793460304260e-02 4.915784721310414275e+20
5.977747162422761273e-02 4.800886936031753667e+20
5.988272825071360578e-02 4.639730009879028695e+20
5.989710113966294908e-02 4.519487088131178496e+20
5.990136817395218249e-02 4.514966483585646592e+20
5.997246106912008240e-02 4.442306382138800210e+20
6.008599341286627316e-02 4.406909016925968138e+20
6.010401856794201497e-02 4.311589759748426301e+20
6.011213212805881917e-02 4.306114775011335864e+20
6.011647330315725984e-02 4.303197604201652552e+20
6.015891191613277622e-02 4.259775488546569585e+20
6.018431314335635773e-02 4.234104537200280207e+20
6.029430340228041085e-02 4.149209962407468728e+20
6.031237558997794290e-02 4.199940708971399741e+20
6.033188889260971549e-02 4.186158227286922363e+20
6.036308410045724410e-02 4.167155075129703137e+20
6.054349949486422661e-02 3.984255931417026232e+20
6.062517410641517224e-02 3.940121205831633469e+20
6.074049212510033297e-02 3.875863086548349747e+20
6.082080391824990634e-02 3.841563100959680758e+20
6.085555802589993901e-02 3.829517847194240287e+20
6.093241541193757799e-02 3.767976572459946476e+20
6.097032461220071309e-02 3.754315714849108787e+20
6.107527524738276536e-02 3.712336120791880172e+20
6.122378367124506338e-02 3.653348067365465620e+20
6.125350306131813888e-02 3.670173911193478103e+20
6.145461486272418145e-02 3.575032277755261747e+20
6.146401759395135611e-02 3.574168562586917929e+20
6.196855186988787373e-02 3.383401095902096916e+20
6.238728637350938327e-02 3.188148913238597960e+20
6.262673509457132581e-02 3.171582902535005143e+20
6.280907412623928932e-02 3.135860719598685389e+20
6.308132754280962318e-02 3.092236928073334129e+20
6.308697165874582735e-02 3.091696552187955118e+20
6.308980049017123837e-02 3.085664351287215391e+20
6.368591161364266229e-02 2.968854645619634340e+20
6.389522938075027636e-02 2.934701993439892275e+20
6.397452344540863201e-02 2.923691364120344658e+20
6.401713790098867429e-02 2.926686410044133540e+20
6.407378315063752550e-02 2.912018360554445537e+20
6.426299136113446109e-02 2.896077261131775672e+20
6.459663228045173233e-02 2.537106830180039393e+20
6.495176383945221177e-02 2.668149084525160694e+20
6.497475449892380073e-02 2.667093248330340434e+20
6.522799562650481719e-02 2.606293347396290806e+20
6.552895811801451309e-02 2.544647672855753851e+20
6.559555483723111813e-02 2.519732909738127852e+20
6.567610164333827216e-02 2.498839990202010173e+20
6.570409803382175340e-02 2.498404263709213000e+20
6.572135621086860890e-02 2.502903881264696197e+20
6.598821178806529852e-02 2.363945095040000328e+20
6.631758956700777030e-02 2.302289488368026911e+20
6.654158684207800434e-02 2.260747933897357722e+20
6.656354537284210615e-02 2.264913149845186150e+20
6.722165094989325518e-02 2.262693325127511900e+20
6.730141279034503043e-02 2.241985028701537239e+20
6.733546002834731037e-02 2.229241480148088914e+20
6.740972490413255080e-02 2.221400381421902234e+20
6.754736859617933853e-02 2.188893731995262648e+20
6.765386458284373961e-02 2.156055804845995786e+20
6.816992491210246974e-02 2.241294372166591775e+20
6.835731778419820714e-02 2.267852921408747602e+20
6.837744368407686069e-02 1.990303005027757916e+20
6.899999999999996414e-02 1.987049196222242488e+20
