-3.450000000000000289e-02 1.871564734960332964e+21
-3.347822531757974063e-02 2.125532374643279659e+21
-3.341716405182790228e-02 2.189638622906912866e+21
-3.325800570473668588e-02 1.946782282578151604e+21
-3.319138668253140967e-02 1.959802446671587049e+21
-3.316187162278615153e-02 1.966315007290156777e+21
-3.245645063515948531e-02 2.405844141634268692e+21
-3.201601140947338275e-02 2.076947586331840610e+21
-3.139407210188620290e-02 2.281905764155449672e+21
-3.137770045316768536e-02 2.282089050641801675e+21
-3.133455609767282768e-02 2.294960083128991613e+21
-3.091494356811134991e-02 2.366757404080349905e+21
-3.076076197374263271e-02 2.402962384384595329e+21
-3.045199164389592733e-02 2.484916432239567831e+21
-3.038246047176557108e-02 2.544584459507516047e+21
-3.024525308967174891e-02 2.576523276744601371e+21
-2.993480341939058764e-02 2.400678286890775871e+21
-2.983019635857426383e-02 2.700559663769247547e+21
-2.945349406308641824e-02 2.744496238451881411e+21
-2.916259567150587123e-02 2.797593005407095226e+21
-2.890263745367529710e-02 2.844259704966415909e+21
-2.887098396845454509e-02 2.854841488202556506e+21
-2.882179167863989713e-02 2.863660527165160554e+21
-2.873408418518801077e-02 2.873948236102152749e+21
-2.866584882905110626e-02 2.888753744643919708e+21
-2.815652369807189470e-02 2.988693367386570490e+21
-2.813513292954387263e-02 2.990802281276573221e+21
-2.793515295201128013e-02 3.017016749891890708e+21
-2.776539570584403427e-02 3.116010584121931727e+21
-2.763271729922610331e-02 3.143283055485130375e+21
-2.759347218682816141e-02 3.170870290338435564e+21
-2.755692244914899683e-02 3.175083072518561464e+21
-2.753814299780413602e-02 3.195928205000199635e+21
-2.714404544541563699e-02 3.324849780264142897e+21
-2.698408850717362584e-02 3.396389257849581601e+21
-2.691759993157569197e-02 3.414146862865397580e+21
-2.680873546550876368e-02 3.492658669354681369e+21
-2.675033921967461328e-02 3.505896495851854889e+21
-2.658418730875085345e-02 3.542376669688077222e+21
-2.649440022451955701e-02 3.590188560097793278e+21
-2.643075254311358369e-02 3.603897693689332367e+21
-2.635663299393359305e-02 3.653162622382994620e+21
-2.632533216336229928e-02 3.685627802701429473e+21
-2.630242112253456527e-02 3.694702337759863374e+21
-2.587102283612385117e-02 3.992474760166156796e+21
-2.584753340958893114e-02 4.007434281467814347e+21
-2.572961620896560553e-02 4.091258887694017626e+21
-2.553833416074288709e-02 4.291225314763726127e+21
-2.547827685670085718e-02 4.360999849006532657e+21
-2.541586086197968400e-02 4.442423230966336586e+21
-2.537356692244800704e-02 4.489960562048039911e+21
-2.535666389725472342e-02 4.519611418985083437e+21
-2.534888555767510904e-02 4.527711349526862234e+21
-2.523021975761914615e-02 4.724757539143149421e+21
-2.514319092619705584e-02 4.903985143442064802e+21
-2.511304898805512276e-02 4.983843762380067570e+21
-2.502979618824357697e-02 5.286442553337033261e+21
-2.501914914588998506e-02 5.317109627937334755e+21
-2.495091508120377000e-02 5.574582925539376366e+21
-2.483878541149978081e-02 6.111189132830489706e+21
-2.470450429185450103e-02 7.201460182051378430e+21
-2.467964607569360716e-02 7.431469787233862550e+21
-2.467700713152000749e-02 7.456199708539802878e+21
-2.464988516408905123e-02 7.740687811516164997e+21
-2.462618753270479077e-02 7.992780317125747147e+21
-2.459603562342914385e-02 8.344009119118617739e+21
-2.457617060889451602e-02 8.601304142559875957e+21
-2.457426166377076060e-02 8.623519081139868271e+21
-2.456213326782550818e-02 8.781645964348577808e+21
-2.452725882873252675e-02 9.253145510131575816e+21
-2.452112150820687231e-02 9.334565340196676567e+21
-2.449866940110721064e-02 9.640638239026465210e+21
-2.449129664058457764e-02 9.752775451198525276e+21
-2.448810050139919176e-02 9.794446066532111876e+21
-2.442820129705666407e-02 1.074476471094310076e+22
-2.442584821065660675e-02 1.078464594983119749e+22
-2.442448067055408290e-02 1.080228743981158734e+22
-2.440290286040508461e-02 1.111766199155648627e+22
-2.440215881077018381e-02 1.112972595670165121e+22
-2.438901206380187509e-02 1.132759830199876243e+22
-2.438853772974372558e-02 1.133527242961391400e+22
-2.437386469416392976e-02 1.155306911235835743e+22
-2.435734969043569162e-02 1.178644361919432176e+22
-2.435565923713171183e-02 1.180931551806775047e+22
-2.433296401288712399e-02 1.215402846477114094e+22
-2.430325327978136857e-02 1.257740951976774992e+22
-2.430275063604426730e-02 1.258391178011781104e+22
-2.430033832000650165e-02 1.262253251164349294e+22
-2.425720161517142676e-02 1.324127989754264918e+22
-2.424671892379035715e-02 1.337971127347415561e+22
-2.423815540702759647e-02 1.350377072224344683e+22
-2.422857212291618101e-02 1.362853322304455180e+22
-2.421690539526341612e-02 1.378631091550579327e+22
-2.420960274233028772e-02 1.390657093184825328e+22
-2.419575426151575337e-02 1.409442261142113721e+22
-2.415300536416412763e-02 1.465848493929128578e+22
-2.408798689528126799e-02 1.546671610473047969e+22
-2.406567580293249992e-02 1.572684031335517599e+22
-2.404288421438041667e-02 1.600786607969006309e+22
-2.402006489186431920e-02 1.627340441409054730e+22
-2.400756728272939594e-02 1.641787023397480301e+22
-2.398361694813459788e-02 1.676409437816453333e+22
-2.398117791611408672e-02 1.679187736368401665e+22
-2.387188804651529245e-02 1.801373221023581523e+22
-2.386281583418601790e-02 1.811450428632444856e+22
-2.386022714720301141e-02 1.814060146673600116e+22
-2.379724405930234640e-02 1.881386140480051557e+22
-2.379278154382227090e-02 1.886727452634472094e+22
-2.374645360447467241e-02 1.940299540462897516e+22
-2.374360972520619950e-02 1.943114667033526429e+22
-2.372621802514460199e-02 1.960172470091459120e+22
-2.372565794182446286e-02 1.960723495792018876e+22
-2.370826624176292780e-02 1.978139825056814360e+22
-2.370770615844276785e-02 1.978703153164778996e+22
-2.368956953557873474e-02 1.995643114730463586e+22
-2.368497622102244682e-02 2.000537582314377865e+22
-2.364854048323260585e-02 2.037093562253704167e+22
-2.361133044889155222e-02 2.073160813242823265e+22
-2.358718362805733298e-02 2.098049294077990745e+22
-2.353099263779616368e-02 2.151287036535589411e+22
-2.344675807783025423e-02 2.229250104836699770e+22
-2.344187786289810699e-02 2.233610744002879527e+22
-2.341629884465502853e-02 2.259252257209674891e+22
-2.332865598798221363e-02 2.339002743279384841e+22
-2.331497899559319131e-02 2.350920426280358982e+22
-2.327242527690466523e-02 2.390174358907747356e+22
-2.325907900628555042e-02 2.401662650947543132e+22
-2.325625307360003335e-02 2.403893902288871647e+22
-2.323414948067638319e-02 2.423316548931092375e+22
-2.321351622272439102e-02 2.439665762341190055e+22
-2.320063085466280567e-02 2.450215908064514749e+22
-2.318112170266710056e-02 2.466566396970602070e+22
-2.316898278405320200e-02 2.477055470938679044e+22
-2.315863572015887384e-02 2.485044169207291524e+22
-2.313753794564690769e-02 2.504547322292971608e+22
-2.312397850449238179e-02 2.515386506633239174e+22
-2.309611004272080909e-02 2.536871653541864171e+22
-2.306070027283691620e-02 2.565081082179632706e+22
-2.299935467087618063e-02 2.616515744785919640e+22
-2.296203060774050508e-02 2.645378484258529398e+22
-2.292579745323743839e-02 2.672553207721924703e+22
-2.284933984983462257e-02 2.733401527256644321e+22
-2.284165268906660634e-02 2.739936680643870799e+22
-2.281906014890592443e-02 2.755784646634141385e+22
-2.280363423536776318e-02 2.765604824751337688e+22
-2.279802209600513552e-02 2.769151829251924689e+22
-2.270401633030492278e-02 2.835806256405579144e+22
-2.267210297786657197e-02 2.855458692469794380e+22
-2.267195973950357490e-02 2.855467135502090292e+22
-2.267172138681164406e-02 2.855557734713715904e+22
-2.265201594667911114e-02 2.867104465453245583e+22
-2.264981833891138024e-02 2.868917296965828687e+22
-2.263934585498166702e-02 2.876278149141129645e+22
-2.263714824721392571e-02 2.878166812706598185e+22
-2.256559903958861232e-02 2.924279542040224386e+22
-2.254678577146609214e-02 2.934881984107190944e+22
-2.253390308135708522e-02 2.941844568428130809e+22
-2.252167349760928264e-02 2.948287065001555080e+22
-2.249982834769941042e-02 2.960997502219829903e+22
-2.244334628321557196e-02 2.996913262218222502e+22
-2.242090576817857422e-02 3.008036086672991348e+22
-2.241524341302078907e-02 3.011743317856917599e+22
-2.238626864695496613e-02 3.028271916206758088e+22
-2.233816153532572693e-02 3.051263522127542957e+22
-2.232360409369307103e-02 3.063835086028051736e+22
-2.231956389413527336e-02 3.065656677647312644e+22
-2.230500645250260705e-02 3.072087017533344842e+22
-2.230096625294481633e-02 3.074710981947750246e+22
-2.228640881131216042e-02 3.083203720791985855e+22
-2.228286192006664890e-02 3.085391424264317646e+22
-2.225085089397336319e-02 3.099221113537044677e+22
-2.222056020461581766e-02 3.114252419376799233e+22
-2.221669364931944113e-02 3.115726862642263674e+22
-2.215791603653529188e-02 3.143124577902466695e+22
-2.211500611074434727e-02 3.162878705133841652e+22
-2.208608604189605043e-02 3.176046607014055169e+22
-2.203265437367323692e-02 3.198366455648381777e+22
-2.201085802064755431e-02 3.205989666388048033e+22
-2.199792025092456998e-02 3.210337374013195551e+22
-2.194989130323712900e-02 3.227619753375238717e+22
-2.192631497320689238e-02 3.238277670655686712e+22
-2.192480627260326442e-02 3.238764699518230751e+22
-2.189707613422248872e-02 3.248099560614235472e+22
-2.186656381345265798e-02 3.257782764830301828e+22
-2.185369651074526784e-02 3.267721999190783636e+22
-2.185085245726443512e-02 3.268303109941077056e+22
-2.183528665299934099e-02 3.272130658865873578e+22
-2.179311368384087566e-02 3.255509170648146300e+22
-2.177843162034875588e-02 3.259470910224003917e+22
-2.176918206648264381e-02 3.262972781269081077e+22
-2.174236707482619241e-02 3.270416843704113719e+22
-2.173622522939979568e-02 3.271526105414089100e+22
-2.169666678902016504e-02 3.280231094772059393e+22
-2.166482931005534601e-02 3.287911294560902106e+22
-2.166249728279523792e-02 3.288368564445149082e+22
-2.166018090105071778e-02 3.288823025829344497e+22
-2.164792520640368076e-02 3.290408433295473561e+22
-2.164501989349098404e-02 3.290867190122122576e+22
-2.163216294491233926e-02 3.292567051848004927e+22
-2.162342667793170845e-02 3.294984229742062443e+22
-2.158223584984747534e-02 3.336202056935088849e+22
-2.157406612473523888e-02 3.339579028198078913e+22
-2.154591851505308076e-02 3.344711581102362119e+22
-2.154303895970186011e-02 3.344949109197610418e+22
-2.154163453597783898e-02 3.345089193911782683e+22
-2.151811799005999212e-02 3.353159075038415867e+22
-2.149295212321660625e-02 3.371122154269839878e+22
-2.149111815660491309e-02 3.374062510139252094e+22
-2.149095528651819020e-02 3.374067045983479398e+22
-2.149027076668971054e-02 3.374550902897195667e+22
-2.148829202739398203e-02 3.377757941177846543e+22
-2.145336323021665437e-02 3.427411215345434755e+22
-2.143769368240627110e-02 3.446608369524530794e+22
-2.140388669768385904e-02 3.489642830576598018e+22
-2.137893431275594835e-02 3.518101426842672457e+22
-2.137080841333798692e-02 3.527186121530996792e+22
-2.133899482709137110e-02 3.558496937441523191e+22
-2.132223376700355388e-02 3.574199808296908489e+22
-2.129027494677535048e-02 3.598162743472030745e+22
-2.124426065016142909e-02 3.623071842465302027e+22
-2.124425863165343986e-02 3.623070956494054752e+22
-2.124425731879331369e-02 3.623074558696246110e+22
-2.124425302527166437e-02 3.623071899075255625e+22
-2.122786517966000069e-02 3.629547294799816347e+22
-2.117495805612446685e-02 3.644912352068444252e+22
-2.116851917792943530e-02 3.672843592851831076e+22
-2.116519283804012275e-02 3.673121408493302055e+22
-2.114706493288068256e-02 3.673467921891097733e+22
-2.095275999356922131e-02 3.675720441986669766e+22
-2.093306172162508888e-02 3.673012032932070765e+22
-2.088527974367625217e-02 3.666515136468803702e+22
-2.086427351293309446e-02 3.662574680003189093e+22
-2.085229003579899473e-02 3.660501318195206318e+22
-2.084030465612929373e-02 3.657921554008792420e+22
-2.071230035704887257e-02 3.642655837097357948e+22
-2.069688581473472927e-02 3.640258643571148168e+22
-2.063050911784878108e-02 3.635192394876828254e+22
-2.047514266674088645e-02 3.647139446736386680e+22
-2.046639945939324884e-02 3.644589449093389589e+22
-2.046147886544779845e-02 3.648228493033851585e+22
-2.044083164842893860e-02 3.646511853349358063e+22
-1.996852958499844427e-02 3.650110216101396113e+22
-1.992187472903485593e-02 3.651828608187400769e+22
-1.965582799970185673e-02 3.685446370970876615e+22
-1.948997872695817923e-02 3.728161271606074042e+22
-1.947924159348169912e-02 3.729738190214076249e+22
-1.947043843415613429e-02 3.730874337790712925e+22
-1.943176014309471247e-02 3.739701184281526141e+22
-1.938352278214059560e-02 3.747392224725168659e+22
-1.935156813836277911e-02 3.776421040891839382e+22
-1.934523633383473940e-02 3.787730428974395608e+22
-1.925040480490007588e-02 3.778325555286161700e+22
-1.885133667136847796e-02 3.897120755270648070e+22
-1.872917107206989451e-02 3.935561974455814901e+22
-1.870816012086927438e-02 3.941574415323772433e+22
-1.863319183071323465e-02 3.971280125075130417e+22
-1.858003706854407036e-02 3.990628597709515679e+22
-1.852947572837263662e-02 3.998467474598146343e+22
-1.844984709409495244e-02 4.034696720020676385e+22
-1.842325359599622514e-02 4.014398308787440897e+22
-1.837534834112431598e-02 4.058618546426729411e+22
-1.832978038467538567e-02 4.073095939731695967e+22
-1.830226749455384980e-02 4.119491956160175328e+22
-1.821331536127920869e-02 4.160992220660343872e+22
-1.808888878967880587e-02 4.184647163268890939e+22
-1.787757909204677059e-02 4.311947183316463203e+22
-1.782574300640503775e-02 4.333860690315094419e+22
-1.754715745269259247e-02 4.541405805236737330e+22
-1.748462477632286780e-02 4.535317133305106452e+22
-1.721673581333841782e-02 4.784686116664291151e+22
-1.710009921468720259e-02 4.897735043816491267e+22
-1.705652554650796682e-02 4.942791948181042941e+22
-1.697935894726541536e-02 5.030407545649397708e+22
-1.689631527967751234e-02 5.128923893096688858e+22
-1.677256381377823652e-02 5.303338039739264323e+22
-1.673610501284705787e-02 5.358667911433692801e+22
-1.662397388841701379e-02 5.576480777843999611e+22
-1.651827577600593552e-02 5.773704947287282051e+22
-1.651261048974009271e-02 5.787871013545769645e+22
-1.650664265001606026e-02 5.802218657654980687e+22
-1.649721558595914142e-02 5.778714289090612901e+22
-1.637715601535846485e-02 6.047513162457915851e+22
-1.628911596663311714e-02 6.290230917821920340e+22
-1.619271009083535565e-02 6.648700553931298911e+22
-1.609291111473806421e-02 7.119069821222619867e+22
-1.608851880551914748e-02 7.142447759376187497e+22
-1.606150943991019667e-02 7.298163224785718136e+22
-1.601499881071362028e-02 7.595349908551309984e+22
-1.599579617482338109e-02 7.726324714061749132e+22
-1.597996372213136493e-02 7.839340224342651621e+22
-1.595936719835050477e-02 7.998494403143054184e+22
-1.593948455102942030e-02 8.164697164041467357e+22
-1.591902065913936709e-02 8.345119470456597276e+22
-1.579533063946230234e-02 9.750571486337720281e+22
-1.571454828518952657e-02 1.104858172758358072e+23
-1.570842490879115205e-02 1.116312921758459222e+23
-1.564815829098972072e-02 1.241131400790054839e+23
-1.561069755679323455e-02 1.329234521737164698e+23
-1.553048709470723418e-02 1.548345410015643157e+23
-1.547854460853898169e-02 1.704090057983114284e+23
-1.547687818852390776e-02 1.709567497910582761e+23
-1.546843810311777402e-02 1.735354159301548950e+23
-1.544811661850862931e-02 1.799147384110184860e+23
-1.544357370159770565e-02 1.813561970359004415e+23
-1.542850929092667508e-02 1.861350938911288391e+23
-1.542337830632947021e-02 1.877361759258378460e+23
-1.540653260597703647e-02 1.930573046114861439e+23
-1.540149140828230706e-02 1.947254232827671672e+23
-1.530493036082933821e-02 2.252822351510788133e+23
-1.530469966359312636e-02 2.253464177089456709e+23
-1.524431356996493007e-02 2.443907820676884296e+23
-1.524216008705316962e-02 2.450672948342808505e+23
-1.524202907783380606e-02 2.451078744521990608e+23
-1.524195342793202221e-02 2.451306953973630794e+23
-1.514517339872059783e-02 2.748061150123113348e+23
-1.508444560768340895e-02 2.928213514343805710e+23
-1.507471988530799042e-02 2.957185586164463965e+23
-1.507031130017347058e-02 2.970419420013749422e+23
-1.498681804006081128e-02 3.212587356516910356e+23
-1.498025748732382915e-02 3.231465784329434563e+23
-1.496434101802520886e-02 3.276449534488319864e+23
-1.495545831976882387e-02 3.302091269028194969e+23
-1.493954185047020877e-02 3.347609217243106708e+23
-1.492996672942062571e-02 3.374366336476357402e+23
-1.491391920722853412e-02 3.419302478020933310e+23
-1.486876825707834915e-02 3.545584497441619826e+23
-1.483805732110376682e-02 3.630900577506450871e+23
-1.477548453285406835e-02 3.796409949988329703e+23
-1.474137620768414120e-02 3.892421937158334867e+23
-1.468866074255467322e-02 4.037842932233713285e+23
-1.466188260232592459e-02 4.110743807357058789e+23
-1.459533178921950877e-02 4.288761795173529619e+23
-1.456883320813976562e-02 4.359431117689854854e+23
-1.450754569425620130e-02 4.521281741493136083e+23
-1.448570788354807716e-02 4.578948051875669423e+23
-1.447458666058294881e-02 4.607836041030721906e+23
-1.444859050402074775e-02 4.675599314137315971e+23
-1.444610629143449135e-02 4.682161177575315745e+23
-1.442710258461197582e-02 4.732049599557846927e+23
-1.442461837202574718e-02 4.738690075089868853e+23
-1.440561466520321951e-02 4.788210223553330545e+23
-1.435348226844778731e-02 4.922684912929229955e+23
-1.433736755436614864e-02 4.960727373538323983e+23
-1.430342949473328330e-02 5.051718687470884477e+23
-1.428546843335078489e-02 5.097975257051230760e+23
-1.425088981950940401e-02 5.186919533572952152e+23
-1.422892406177532661e-02 5.238710014382449256e+23
-1.419666936809561505e-02 5.320789912604209567e+23
-1.416532220149834161e-02 5.400145388175053816e+23
-1.414259727279412737e-02 5.458256758466475878e+23
-1.412048056918450631e-02 5.514086982078399942e+23
-1.410074612012843405e-02 5.563659208481081592e+23
-1.408414581308017541e-02 5.605929457681490961e+23
-1.406441136402408927e-02 5.655132125906248621e+23
-1.402890040474335381e-02 5.743956367067445996e+23
-1.400606782295403183e-02 5.800185678463794896e+23
-1.400486185902319325e-02 5.803042216451165599e+23
-1.400348013373577463e-02 5.806571322804687381e+23
-1.398768569235249969e-02 5.846352078495600576e+23
-1.398388135593958692e-02 5.855885203166902773e+23
-1.396664321635100736e-02 5.898632030271576547e+23
-1.392759891850920556e-02 5.994546348843180071e+23
-1.387653751704543727e-02 6.120608772721123850e+23
-1.381713908637487512e-02 6.267748940950956629e+23
-1.380302853298958493e-02 6.302747077525809639e+23
-1.377444191585983427e-02 6.372413146216226169e+23
-1.376842858604370584e-02 6.387421353768860097e+23
-1.376334405600641159e-02 6.399340442846046265e+23
-1.375766350737138953e-02 6.413296269072121924e+23
-1.372245097922270701e-02 6.498015945028906055e+23
-1.371727486641469845e-02 6.510557077804110001e+23
-1.369911832918397319e-02 6.553959884616065635e+23
-1.367693821491691719e-02 6.603282649115377984e+23
-1.367278301584940597e-02 6.613149180852720862e+23
-1.366038464952717274e-02 6.642633683458968676e+23
-1.363796017100454491e-02 6.696173575419315754e+23
-1.363478232701387932e-02 6.703727915241067155e+23
-1.362813445382243804e-02 6.719869304222182759e+23
-1.359917694332267793e-02 6.789176832217375761e+23
-1.357988635406910671e-02 6.837961158177051839e+23
-1.355647714387251540e-02 6.893759446136699591e+23
-1.353566831499670303e-02 6.939603595634890978e+23
-1.350551151283029168e-02 7.010925280912651447e+23
-1.344230388219262023e-02 7.162148478039404032e+23
-1.343830470693216893e-02 7.171556561591577252e+23
-1.339167133834403417e-02 7.281435976500135917e+23
-1.336421931121121662e-02 7.344897661809741057e+23
-1.334627270365403712e-02 7.386928956693277447e+23
-1.331692023994065707e-02 7.451304428793125614e+23
-1.327985108295468009e-02 7.539912221742309038e+23
-1.327825274632189398e-02 7.543634359154620225e+23
-1.327746140927977062e-02 7.545335093845139747e+23
-1.319217766072730211e-02 7.740030808121563719e+23
-1.319134327038898324e-02 7.741946271812432628e+23
-1.318712736338319147e-02 7.751186995548183645e+23
-1.316927422494505208e-02 7.790866050920683017e+23
-1.316731881168927212e-02 7.795882453391296021e+23
-1.314946567325112753e-02 7.835989396641024217e+23
-1.314751025999535972e-02 7.840360263578419074e+23
-1.313310323826110890e-02 7.872728403215955505e+23
-1.312463522449625400e-02 7.892129551266404253e+23
-1.312167965056715985e-02 7.898682372495701149e+23
-1.305081223940543142e-02 8.059583996192749812e+23
-1.303720076688574467e-02 8.089372432166232785e+23
-1.299883332254418364e-02 8.174469751103313202e+23
-1.294956690552364481e-02 8.281604137463288127e+23
-1.288181271056827899e-02 8.433026120222300229e+23
-1.287128585679427756e-02 8.456012529352016931e+23
-1.284731348508980422e-02 8.507413986816425774e+23
-1.277745416048012284e-02 8.658193259668580807e+23
-1.271281318173113177e-02 8.798465148274424551e+23
-1.271127195239586845e-02 8.801805408999405529e+23
-1.270415403737235396e-02 8.816436755309300967e+23
-1.270292574869853058e-02 8.818815488294155515e+23
-1.269629992664576650e-02 8.833089333617988238e+23
-1.269312953295986812e-02 8.839392670797212921e+23
-1.266868340228204451e-02 8.891156520931098393e+23
-1.266198554804270557e-02 8.905480254094263190e+23
-1.265926504315443429e-02 8.911228687627852930e+23
-1.263988702770219019e-02 8.952423069359774735e+23
-1.263847649745589510e-02 8.955301045322844398e+23
-1.263575249827855046e-02 8.961105750086990734e+23
-1.263348114424624538e-02 8.965851528965099755e+23
-1.260981044588910249e-02 9.015456965871644306e+23
-1.259531580223562097e-02 9.045728751549858594e+23
-1.257504683995782843e-02 9.083156362035653991e+23
-1.255776606253974567e-02 9.118647242000273936e+23
-1.254676617144189106e-02 9.141626729322443010e+23
-1.251695952699309611e-02 9.202215847819251506e+23
-1.248900902379643588e-02 9.259783904753018418e+23
-1.247619447144272462e-02 9.287188218460048227e+23
-1.246059340572615477e-02 9.319470974084260561e+23
-1.240103260924733941e-02 9.443685626391629146e+23
-1.239145470348083228e-02 9.459906497322993635e+23
-1.238300271188180063e-02 9.476683067446978014e+23
-1.237145466863033214e-02 9.499630105524846608e+23
-1.237027968400303268e-02 9.501585662760052630e+23
-1.236342074891256734e-02 9.515393342894433674e+23
-1.235705900355330705e-02 9.527593187029549643e+23
-1.235591794974216090e-02 9.529729944034698078e+23
-1.234380780632719429e-02 9.554210292500641224e+23
-1.233376942004432361e-02 9.573661745332860234e+23
-1.227327008894632532e-02 9.692993414964002098e+23
-1.223763378728049550e-02 9.765265098482555017e+23
-1.222982624788644321e-02 9.780803762205639846e+23
-1.222084415934872846e-02 9.797802611212883843e+23
-1.218311942898008850e-02 9.872225839325041792e+23
-1.213958522804798462e-02 9.954120321641950290e+23
-1.212688723274988473e-02 9.978673017680852052e+23
-1.212385500425023667e-02 9.984914828871985382e+23
-1.211206878290065590e-02 1.000680005195657462e+24
-1.210185796357726024e-02 1.002653170869488142e+24
-1.209706920344014343e-02 1.003592987708715415e+24
-1.208615400142614045e-02 1.005636030200358248e+24
-1.208136524128901670e-02 1.006588884466211052e+24
-1.207262940429660973e-02 1.008488067729320938e+24
-1.207041786375775971e-02 1.008870842839496309e+24
-1.206383787841962783e-02 1.010113661024116192e+24
-1.206239163098137002e-02 1.010377583355432878e+24
-1.196644418218116568e-02 1.028120582389096310e+24
-1.196339591435348002e-02 1.028664111028595625e+24
-1.193695915393120852e-02 1.033553281155426805e+24
-1.191032411432013660e-02 1.038407470447353573e+24
-1.181228707183852589e-02 1.056721718555092959e+24
-1.180903878888685254e-02 1.057289098774542750e+24
-1.176889269515152617e-02 1.064490581401353069e+24
-1.175825659765890319e-02 1.065983694041041722e+24
-1.165812996149588610e-02 1.083655017341958301e+24
-1.165811763030818668e-02 1.083657286235910671e+24
-1.165807091703165849e-02 1.083654689872799454e+24
-1.163835102729666310e-02 1.087061493112112228e+24
-1.163829570020192238e-02 1.087094429929123820e+24
-1.160393817287947750e-02 1.092909159662412271e+24
-1.160372766039211370e-02 1.092943384839888411e+24
-1.160350527279804117e-02 1.092942300968661740e+24
-1.149164370405178492e-02 1.113044230612021613e+24
-1.148492669317877773e-02 1.115097816248010597e+24
-1.139476625377261812e-02 1.141085078758849992e+24
-1.137888603656339245e-02 1.145423678487558554e+24
-1.127095506839241243e-02 1.168148798679913949e+24
-1.125543748681687162e-02 1.170729005628498219e+24
-1.118576667511975847e-02 1.179920301835366850e+24
-1.115426680032875068e-02 1.183575184886513233e+24
-1.105026643273304861e-02 1.191888729305269657e+24
-1.104192730183809271e-02 1.192392896550277772e+24
-1.101380483623395565e-02 1.193719187889483994e+24
-1.096594300826821133e-02 1.195861740236133443e+24
-1.096377746481927082e-02 1.195940243345076723e+24
-1.096095258905203235e-02 1.196074625461690344e+24
-1.095049032114629728e-02 1.196490961845124506e+24
-1.079571599065535029e-02 1.200469157824702206e+24
-1.066005858957657162e-02 1.202901723724758907e+24
-1.060985413977363553e-02 1.203871649182470036e+24
-1.059831332695788941e-02 1.204634496641658471e+24
-1.058798067605566662e-02 1.204362717032302384e+24
-1.056697343494694338e-02 1.204736340712174303e+24
-1.047922158829703299e-02 1.206460465458578859e+24
-1.044382585623984325e-02 1.207164302699891452e+24
-1.040091066326043895e-02 1.208271817118576340e+24
-1.034013645363820837e-02 1.209845225172623709e+24
-1.012847683606223938e-02 1.217323702251525060e+24
-1.005665853499800380e-02 1.219548366277821675e+24
-9.891459638240526417e-03 1.226895232086034558e+24
-9.864690861505057140e-03 1.228105688911161122e+24
-9.661514707788206036e-03 1.238455466736594981e+24
-9.660499166498612983e-03 1.238555981382186386e+24
-9.635334972604915615e-03 1.240578384940413951e+24
-9.452866222975277871e-03 1.252452851466330589e+24
-9.431569777335880450e-03 1.253755979288336923e+24
-9.222520456028417829e-03 1.270265461825417591e+24
-9.201624846883558334e-03 1.271910407032083248e+24
-8.982597425827579946e-03 1.292786271906199199e+24
-8.917321907461965569e-03 1.299562299893690298e+24
-8.645570004309606482e-03 1.330564420245636273e+24
-8.627799071258584335e-03 1.332728897759272231e+24
-8.308542582791643427e-03 1.377339227428767389e+24
-8.288631819286022134e-03 1.380718421070234335e+24
-8.256623245269455180e-03 1.385759475161516986e+24
-7.908619206428161436e-03 1.448383178654730022e+24
-7.838215107941352844e-03 1.463672731287943236e+24
-7.776812825453675165e-03 1.476622138171056292e+24
-7.696026993076731867e-03 1.495051775313181931e+24
-7.628588544235248396e-03 1.511875234089384131e+24
-7.347328283511828789e-03 1.596125658445682053e+24
-7.264993831621335135e-03 1.625731853164130941e+24
-7.173011643512163665e-03 1.660347274437257090e+24
-6.949762749084816699e-03 1.766152504380129337e+24
-6.845837911148869477e-03 1.826042253477756596e+24
-6.572380123611724217e-03 2.028440610528191314e+24
-6.468136036666752298e-03 2.133427960805494150e+24
-6.426404616733424890e-03 2.179296915103499434e+24
-6.415118679717602551e-03 2.193282931755410212e+24
-6.399782334120005661e-03 2.212343567929329569e+24
-6.343966829600117263e-03 2.286114810727482914e+24
-6.323262113391565735e-03 2.315382978874920969e+24
-6.226185233650403245e-03 2.475197147983706377e+24
-6.186950992359639863e-03 2.552187148748970023e+24
-6.063353237677756441e-03 2.852144784784614446e+24
-6.056284013805993127e-03 2.872921011564462884e+24
-6.045876980752623586e-03 2.904625044216123757e+24
-5.961306525674083673e-03 3.198467941296178331e+24
-5.937786547736093046e-03 3.296998840420799837e+24
-5.879995963024534089e-03 3.573346086984842863e+24
-5.746871086645004290e-03 4.465760494063720461e+24
-5.738462620840618228e-03 4.536707021976261896e+24
-5.691672179482173966e-03 4.970433170915865903e+24
-5.685608332356859029e-03 5.032279471003915665e+24
-5.666514562559690771e-03 5.232652431822300968e+24
-5.652141420345056788e-03 5.392491489234379218e+24
-5.646090624968142652e-03 5.460760638164117074e+24
-5.621263359413430916e-03 5.756275595711963319e+24
-5.587639901323392805e-03 6.186486027835275861e+24
-5.518440513639383954e-03 7.178708133232368503e+24
-5.515641986733873375e-03 7.220148977331155537e+24
-5.514996875499781487e-03 7.230091372064450888e+24
-5.514075978807549128e-03 7.244136968333032516e+24
-5.508746088350124220e-03 7.324857440216725183e+24
-5.506025759003118497e-03 7.368697674635424324e+24
-5.502877814752692165e-03 7.418108636239877621e+24
-5.497278198446423764e-03 7.503477641660222142e+24
-5.482815357962904368e-03 7.728576048685851446e+24
-5.437676205112328826e-03 8.451745312903136331e+24
-5.411836384583767340e-03 8.876421758583790230e+24
-5.405518412342973783e-03 8.980305895077120355e+24
-5.373479839502474931e-03 9.511148786664993114e+24
-5.367143208612614597e-03 9.617017940369694156e+24
-5.360872253453021624e-03 9.720407489452669518e+24
-5.329455037631481568e-03 1.024195304382697798e+25
-5.308295538927244178e-03 1.059277349570191079e+25
-5.284603742487192085e-03 1.098252323802060971e+25
-5.282189174137887772e-03 1.102240830142189220e+25
-5.275635773147551930e-03 1.112945309823581354e+25
-5.244302908183831255e-03 1.164037270127832925e+25
-5.237015095669853362e-03 1.175912561810102631e+25
-5.226583280698499957e-03 1.192808419477487770e+25
-5.191847530758856438e-03 1.248741488591841480e+25
-5.168250716020595346e-03 1.286270990074107063e+25
-5.106273896519862403e-03 1.383739397743921033e+25
-5.083651105361073827e-03 1.418967452648033869e+25
-5.052448710940044864e-03 1.467221347896372565e+25
-5.014723983671728717e-03 1.525250920836716696e+25
-4.975532697369866239e-03 1.584877398181843503e+25
-4.934879769981071612e-03 1.646424080221160570e+25
-4.913049891121222014e-03 1.679088553462789220e+25
-4.902363255455570619e-03 1.695068267152711901e+25
-4.882783928212414831e-03 1.724350990344522898e+25
-4.872097292546759099e-03 1.740327823239110292e+25
-4.852517965303605914e-03 1.769386894851233554e+25
-4.841831329637948447e-03 1.785259757949330212e+25
-4.790145357654903950e-03 1.861870301526289033e+25
-4.768779415978389655e-03 1.893409724611699569e+25
-4.730525805088486510e-03 1.949776659460459246e+25
-4.710918627159705815e-03 1.978586634056643875e+25
-4.644705235587855488e-03 2.075328005213872761e+25
-4.615923048515516332e-03 2.117298951108870668e+25
-4.594064370322094304e-03 2.149083194047717205e+25
-4.580005924681451908e-03 2.169441762539730734e+25
-4.500004942461758098e-03 2.285119413647497495e+25
-4.463066681052630866e-03 2.338657809934368844e+25
-4.460745594000240823e-03 2.341919297823600899e+25
-4.456878927151467634e-03 2.347404952290753649e+25
-4.454557840099072387e-03 2.350731812165850362e+25
-4.450691173250295729e-03 2.356385447211752201e+25
-4.448370086197907421e-03 2.359701679948930684e+25
-4.441707109550961652e-03 2.369365378223749266e+25
-4.424172082578156640e-03 2.394552888919368707e+25
-4.388187352724537936e-03 2.446332915895476027e+25
-4.341251432222543311e-03 2.513762276341210780e+25
-4.304286522836823364e-03 2.566734244904631955e+25
-4.283185373275284064e-03 2.596950281797985598e+25
-4.248263925438214295e-03 2.646761616472128473e+25
-4.228376633791081085e-03 2.675153577505865596e+25
-4.178901533475620940e-03 2.745752929732438401e+25
-4.153491301016200288e-03 2.781994847495052279e+25
-4.146809256791839093e-03 2.791677182820585074e+25
-4.144778751783636216e-03 2.794562783929169794e+25
-4.115501835359622329e-03 2.836072999041211257e+25
-4.112354500598144891e-03 2.840650425351011725e+25
-4.104594783635374944e-03 2.851749966874431161e+25
-4.052348232600543748e-03 2.925944190907986960e+25
-4.047058930098702129e-03 2.933600168757537410e+25
-4.041645891053928519e-03 2.941313654323060613e+25
-4.027958371059483372e-03 2.960756545376144996e+25
-3.982945368424914596e-03 3.024687209993624836e+25
-3.970929911501393239e-03 3.041668648756596224e+25
-3.950209856147333248e-03 3.071085418145422625e+25
-3.942047125522426393e-03 3.082673981432528225e+25
-3.901136348556954059e-03 3.140736045876489235e+25
-3.893029406395305536e-03 3.152269239986959456e+25
-3.887775209091649808e-03 3.159674489179450981e+25
-3.884182265740922235e-03 3.164766994582902817e+25
-3.795640555415862039e-03 3.290148543355018750e+25
-3.773947315744444198e-03 3.320971003458899619e+25
-3.757576346720338523e-03 3.344138930919982978e+25
-3.731933217999302416e-03 3.380391949921519008e+25
-3.722263153979745581e-03 3.394028651925843133e+25
-3.701959514396183093e-03 3.422776095691704397e+25
-3.627377484349027237e-03 3.528350381812838722e+25
-3.587291607359415629e-03 3.585007661635618000e+25
-3.578928173863533263e-03 3.596834377934387443e+25
-3.577927824052467166e-03 3.598186024321783708e+25
-3.563830438799978594e-03 3.618021368430435123e+25
-3.532922400162469972e-03 3.661700672634025840e+25
-3.515089484002157684e-03 3.686880308398301511e+25
-3.511420747388816974e-03 3.692077729736710408e+25
-3.493587831228503384e-03 3.717239651377017795e+25
-3.484996884266228136e-03 3.729399905383680394e+25
-3.470337346210507733e-03 3.750210665244172538e+25
-3.437144980535872599e-03 3.797077497399595919e+25
-3.418664340336970923e-03 3.823238274448922981e+25
-3.402612490604930984e-03 3.845660903976813446e+25
-3.378094281319331000e-03 3.880462202531430623e+25
-3.369579045717554025e-03 3.892515649095344538e+25
-3.358469930293428874e-03 3.908160536281190962e+25
-3.315816995455511500e-03 3.968423173909414544e+25
-3.298609053509829036e-03 3.992722680765925224e+25
-3.276968976020036822e-03 4.023089701526236088e+25
-3.246666496997194316e-03 4.066001085479132483e+25
-3.229990868422025554e-03 4.089512704328020284e+25
-3.205788552157236380e-03 4.123703887753744120e+25
-3.178260626776634526e-03 4.162599869296466995e+25
-3.175388827086440911e-03 4.166635230586326938e+25
-3.170588135186010181e-03 4.173465629688287969e+25
-3.149627868089921023e-03 4.203065606801373011e+25
-3.144827176189491161e-03 4.209864861026416637e+25
-3.123866909093398966e-03 4.239408217168149651e+25
-3.119066217192967803e-03 4.246199899990793081e+25
-3.064596489078432427e-03 4.322978180048704593e+25
-3.042849325553409999e-03 4.353715725730542754e+25
-3.037278703104323054e-03 4.361643770318582191e+25
-2.974860226746659387e-03 4.449803259114735144e+25
-2.941414710959952637e-03 4.497325574508595054e+25
-2.898754013497839913e-03 4.557515092060242680e+25
-2.856272803641738203e-03 4.617703282689575651e+25
-2.825148038621592885e-03 4.661605608716895012e+25
-2.764061279881760945e-03 4.747945624431188624e+25
-2.754658701442271561e-03 4.761358592642815593e+25
-2.749409237104427639e-03 4.768832380134082013e+25
-2.723982314316821928e-03 4.804953638713974377e+25
-2.718732849978977573e-03 4.812381251831398570e+25
-2.693305927191380102e-03 4.848468654240025443e+25
-2.688056462853535312e-03 4.855928989409271673e+25
-2.623317991540369785e-03 4.947621083444945166e+25
-2.621541887395286829e-03 4.950172822403793016e+25
-2.601594041999075266e-03 4.978384358674479402e+25
-2.555482204484461461e-03 5.043956012741590692e+25
-2.543252409900746778e-03 5.061386729244286533e+25
-2.474401462117289952e-03 5.159174564925974292e+25
-2.452694753440081213e-03 5.190249641231685269e+25
-2.416919489004348744e-03 5.241316030842113991e+25
-2.350670149722107558e-03 5.336125031535309147e+25
-2.326295852934076591e-03 5.371108476124324812e+25
-2.321948236026175928e-03 5.377404990152334865e+25
-2.306239396494109972e-03 5.399820703021871742e+25
-2.301891779586203238e-03 5.406143651532620888e+25
-2.286182940054142486e-03 5.428798792616302434e+25
-2.281835323146235751e-03 5.435034721608616025e+25
-2.235680360525354668e-03 5.501714766103570858e+25
-2.186095586330474502e-03 5.573517970118042723e+25
-2.180974453926781166e-03 5.580952698471788055e+25
-2.166022722636946896e-03 5.602799640836942060e+25
-2.141712804889511854e-03 5.638276067533797603e+25
-2.132892174567802435e-03 5.651257133827686913e+25
-2.085800571679196237e-03 5.720538025356747068e+25
-2.058258991145525338e-03 5.761772292799189190e+25
-2.041277603774822869e-03 5.787490789995738425e+25
-1.996014983417401280e-03 5.856846770320506205e+25
-1.989203448706033418e-03 5.867301102068872462e+25
-1.971532520657078014e-03 5.895306230743087810e+25
-1.931010713731042515e-03 5.961027888605360707e+25
-1.929806966569518056e-03 5.963133056831879303e+25
-1.902017306724769485e-03 6.010839856523405184e+25
-1.897659331780133640e-03 6.018463434090257388e+25
-1.872484175283468293e-03 6.063905401201012985e+25
-1.851366067044217523e-03 6.104026546658129648e+25
-1.834772646141458186e-03 6.137528080780812822e+25
-1.825647581404986775e-03 6.156410422932754609e+25
-1.794295306347331188e-03 6.226503269047408069e+25
-1.774644676286484630e-03 6.274868674245358454e+25
-1.758638837897397601e-03 6.317421376808527856e+25
-1.730106449025007199e-03 6.402015747428485773e+25
-1.668234993183171982e-03 6.637028384542456094e+25
-1.641126381169373538e-03 6.770458020275748355e+25
-1.601115773958688981e-03 7.010655510121843727e+25
-1.599413792556701741e-03 7.022187796605308827e+25
-1.593253441682984661e-03 7.064987877280999471e+25
-1.491923566606010625e-03 7.939555764316660066e+25
-1.473684296746636656e-03 8.114268164966585116e+25
-1.448203911376338233e-03 8.359290406330992627e+25
-1.427800051273062521e-03 8.552892377111625446e+25
-1.420584439252567171e-03 8.620560778144556870e+25
-1.398548096825359688e-03 8.822282017447688495e+25
-1.372979679845891471e-03 9.049306782019564034e+25
-1.363458211595676211e-03 9.131365739304801356e+25
-1.333364727953444129e-03 9.381543260569768687e+25
-1.318044126906121882e-03 9.504050932766517951e+25
-1.283471167591747342e-03 9.769094499250917780e+25
-1.264812051371251578e-03 9.904760835195996552e+25
-1.250863440662476622e-03 1.000528226692690359e+26
-1.237540156986904893e-03 1.009882780640399301e+26
-1.203587404632966342e-03 1.032990864228694188e+26
-1.179585187551560358e-03 1.048858060176943331e+26
-1.168677275684613937e-03 1.055850036854294511e+26
-1.165050069762141750e-03 1.058180205360765601e+26
-1.159945368815910221e-03 1.061365372798127683e+26
-1.158519295367178414e-03 1.062277781440334816e+26
-1.154416784821352343e-03 1.064859167643188149e+26
-1.153156971556489789e-03 1.065662439712549074e+26
-1.079429091855953421e-03 1.109884895962228541e+26
-1.073870894661328301e-03 1.113126703428669462e+26
-1.072196383840720579e-03 1.114019155185448972e+26
-1.067914807849887132e-03 1.116496896245321578e+26
-1.060837815994134913e-03 1.120500744467360484e+26
-1.035470449515560332e-03 1.134560569034162835e+26
-1.031268651584531671e-03 1.136813819419100645e+26
-1.027566444967882792e-03 1.138861965339860997e+26
-9.906217041992515515e-04 1.158131779958428766e+26
-9.215974601287645366e-04 1.191039811985676817e+26
-9.075471974061416480e-04 1.197490524374751803e+26
-8.883544486850277703e-04 1.205777356280018552e+26
-8.441826724871413475e-04 1.223637688264143989e+26
-8.077244707419543217e-04 1.237317663905545965e+26
-7.939378239483692616e-04 1.242228089594951727e+26
-7.807916025961978475e-04 1.246752509409955284e+26
-7.714093941147069340e-04 1.249904744655814778e+26
-7.633572680783851094e-04 1.252540506964899820e+26
-7.386777519945360608e-04 1.260219382902840584e+26
-6.951712704247324818e-04 1.273166190910454923e+26
-6.867931854962968123e-04 1.275522989738723936e+26
-6.796285749890576067e-04 1.277415423323657493e+26
-6.669657623705543218e-04 1.280955201576792182e+26
-6.521459047199791885e-04 1.284673392539054258e+26
-6.426910211184755969e-04 1.286979606219486678e+26
-6.077701003715451581e-04 1.295251497322084293e+26
-5.937425781492795037e-04 1.298313800438107269e+26
-5.860269705754845822e-04 1.300054671027794115e+26
-5.720863715436213604e-04 1.302915696939662520e+26
-5.642587877329537267e-04 1.304628513823353560e+26
-5.330126440812527674e-04 1.310608384418138905e+26
-5.058506251016042310e-04 1.315571766018487255e+26
-4.959431536884081285e-04 1.317175414651054502e+26
-4.955811122962019977e-04 1.317190815518693432e+26
-4.854089329773755303e-04 1.319065393382623613e+26
-4.818788832415198901e-04 1.319607754856258878e+26
-4.604344969436692829e-04 1.323112493346821728e+26
-4.569764457687947035e-04 1.323671140859887083e+26
-3.979136581675896665e-04 1.332296907303723229e+26
-3.927108333015295579e-04 1.332986679707580133e+26
-3.852382383389489325e-04 1.333974181979636403e+26
-3.509094193571637380e-04 1.337910948645867308e+26
-2.798931687861410680e-04 1.344972004359941464e+26
-2.723208009402093327e-04 1.345650642342489403e+26
-2.648835601815197603e-04 1.346241190372376081e+26
-2.448423929455392778e-04 1.347951167979299314e+26
-1.564027316095160090e-04 1.353394759002616469e+26
-1.519307685788826837e-04 1.353612359456201256e+26
-1.485454427331278366e-04 1.353763712182352835e+26
-1.452174962288874105e-04 1.353829726018634323e+26
-1.417412341434831364e-04 1.353988326953455328e+26
-1.384774262689347237e-04 1.354197646886532402e+26
-4.739067025762157915e-05 1.356992986644328854e+26
-4.708247981230485847e-05 1.356931067288431045e+26
-4.389522214232057608e-05 1.356911371265299582e+26
-2.816990711023567169e-05 1.357089959418907295e+26
-2.086592124570658247e-05 1.357068468215160769e+26
5.251237985173796264e-05 1.356667763890360912e+26
5.937132695210677079e-05 1.356546937107887975e+26
7.946150063962292842e-05 1.356298703106975959e+26
1.117335851567521909e-04 1.355383182669812158e+26
1.519590839564044775e-04 1.353588144794981398e+26
1.592262990467510088e-04 1.353323794604640905e+26
1.700939311724408167e-04 1.352708062464886124e+26
1.773611462627806530e-04 1.352380250026002925e+26
2.223942137976121270e-04 1.349526780665117627e+26
2.490515369219999955e-04 1.347816581060252590e+26
2.689207242279193551e-04 1.346136109272181848e+26
2.831079884012545583e-04 1.344844468610010437e+26
3.434387505718492482e-04 1.338697803262893382e+26
3.554845698008067848e-04 1.337350498655646996e+26
3.827466268402358028e-04 1.334078206730742817e+26
3.888548305397352398e-04 1.333366689033622855e+26
4.612735460583980971e-04 1.323260298899489787e+26
4.619176026796276147e-04 1.323084094335623916e+26
4.621744309183801721e-04 1.323111218980539423e+26
4.790886276472488626e-04 1.320333829432333135e+26
4.793454558860014200e-04 1.320280591404339761e+26
4.962596526148637137e-04 1.317468371545234640e+26
5.783240098646003080e-04 1.302029036708229840e+26
5.784013563521623854e-04 1.301922467396918194e+26
5.900458022086786962e-04 1.299476771548732293e+26
5.998994282741742460e-04 1.297322317205329618e+26
6.008220319427964862e-04 1.297089625872198651e+26
6.969017895482455642e-04 1.272868459571280970e+26
6.975557825966701786e-04 1.272759946438006642e+26
7.033536440205559459e-04 1.271159379350740050e+26
7.414873104651871797e-04 1.259861743387925400e+26
7.448627615154535583e-04 1.258754225132021827e+26
7.469484934378083996e-04 1.258121649727073527e+26
7.484797508476585988e-04 1.257605868174100424e+26
7.488967231218461281e-04 1.257533268283492515e+26
7.525943340334489973e-04 1.256312711537848364e+26
8.076110587679763420e-04 1.237724019619698832e+26
8.095424308138811061e-04 1.237030769392018858e+26
8.119942226508596820e-04 1.236294141771241891e+26
8.154306614487081065e-04 1.234926939204636138e+26
8.162015124976091437e-04 1.234621778452080622e+26
8.370091544974011958e-04 1.226848057185620520e+26
8.736129268844391657e-04 1.212365260254160348e+26
8.827185500193399700e-04 1.208602727843279387e+26
8.910030146727721326e-04 1.205122288767383322e+26
8.928151270535604174e-04 1.204379320574846416e+26
9.114405218053828802e-04 1.196263005322469314e+26
9.192461570248978324e-04 1.192801466144203484e+26
9.198867340440908865e-04 1.192453133099527421e+26
9.240017334580524636e-04 1.190651593812288721e+26
9.431813907226643682e-04 1.181745256658666650e+26
1.023228547199266309e-03 1.141798367774661194e+26
1.032402539843511879e-03 1.136744815939327578e+26
1.041736902873915526e-03 1.131693472244616226e+26
1.097140964775798668e-03 1.100176126358202449e+26
1.127210937373633376e-03 1.082200392683914852e+26
1.133256735616448418e-03 1.078475824519401825e+26
1.139208738607685491e-03 1.074797398113483989e+26
1.146304168214234325e-03 1.070435214145527416e+26
1.156048565429509435e-03 1.064302252186915969e+26
1.201080973061603501e-03 1.035156901806529224e+26
1.213144957503582266e-03 1.026985267064405112e+26
1.231460711435706113e-03 1.014601474175500132e+26
1.238503568498111173e-03 1.009826463449470202e+26
1.290532434166150998e-03 9.720106305784937840e+25
1.295417127500170023e-03 9.683993875259170755e+25
1.318353505445644946e-03 9.506046888856141880e+25
1.320958571566707923e-03 9.485103578543786622e+25
1.369361197522810103e-03 9.083459185897526010e+25
1.377364263629124669e-03 9.014263540730150557e+25
1.377631130118711850e-03 9.011665414686337827e+25
1.395589830028466129e-03 8.851240945650917468e+25
1.395864503361578463e-03 8.848507376462431388e+25
1.396445883578546982e-03 8.843338042979663272e+25
1.444353298039366840e-03 8.397230781668752360e+25
1.450375753863898665e-03 8.340231486624268494e+25
1.456930457266961436e-03 8.277480705829055167e+25
1.475293521940062701e-03 8.099803122564922599e+25
1.480337396454298833e-03 8.051188439700131751e+25
1.495290860207338984e-03 7.908952204662855984e+25
1.536704775596760709e-03 7.519275285792372524e+25
1.540471413585029360e-03 7.485546366051608488e+25
1.557290702851273512e-03 7.341309009647201817e+25
1.588339953609109890e-03 7.100165234459452972e+25
1.594342929376109603e-03 7.057938731463502512e+25
1.602194521392340037e-03 7.003836054946925168e+25
1.605513003215042851e-03 6.982018239795542396e+25
1.612974782842467808e-03 6.934170946208179379e+25
1.632388798572040767e-03 6.818845375887097063e+25
1.641853955008112497e-03 6.766968201425353678e+25
1.644379994711037130e-03 6.753425899352361078e+25
1.716577473021209388e-03 6.447161742587622128e+25
1.721029905873021565e-03 6.431908632885134836e+25
1.728056737365535117e-03 6.408790745830856866e+25
1.734653237869400238e-03 6.388111082129249531e+25
1.737455346334889966e-03 6.379366109711334900e+25
1.746393796791909309e-03 6.352764680207979823e+25
1.777631314849481559e-03 6.267705704050606420e+25
1.812705100551419146e-03 6.184727219126563630e+25
1.825960623684508505e-03 6.156044848794635847e+25
1.835571089529752786e-03 6.136030677119028092e+25
1.847110952993759325e-03 6.112644918944180965e+25
1.910434888244008644e-03 5.996265864527221463e+25
1.912000381366471026e-03 5.993340634686895502e+25
1.913347296769487595e-03 5.991032314826205774e+25
1.914632931870586868e-03 5.988901500618563332e+25
1.916676467031676323e-03 5.985256424772084672e+25
1.978518590291418466e-03 5.884011185034725820e+25
1.987757601417415587e-03 5.869526546576904206e+25
2.006967748693397335e-03 5.839708334014465951e+25
2.038399912026644945e-03 5.791827904097133974e+25
2.062434767312902595e-03 5.755695173725221953e+25
2.130372296139902699e-03 5.655098034089118360e+25
2.133445423024148135e-03 5.650631096750794704e+25
2.166277848283451601e-03 5.602859454916206916e+25
2.188605165543637543e-03 5.570356680799645192e+25
2.189655212485965442e-03 5.568713583034149487e+25
2.203049324292306876e-03 5.549462054366443965e+25
2.221367903933610388e-03 5.522838345000454003e+25
2.252084077343124643e-03 5.478579293180202189e+25
2.288680699445191837e-03 5.426102667967426702e+25
2.292285176872791829e-03 5.420854384380895067e+25
2.307348947271678930e-03 5.399229937346105789e+25
2.310953424699294968e-03 5.394091602173539184e+25
2.326017195098194212e-03 5.372399802075752267e+25
2.402600094905755958e-03 5.262835257255347026e+25
2.414877287887743328e-03 5.245094330562419640e+25
2.453606628480875951e-03 5.189818681224921003e+25
2.461958427824574580e-03 5.178146144622031998e+25
2.535996880503953600e-03 5.072521512149390238e+25
2.545944644307553129e-03 5.058283961298685858e+25
2.589655185020113114e-03 4.996227857184223578e+25
2.597899660550941504e-03 4.984515498013642908e+25
2.668918757920968766e-03 4.883549416493007560e+25
2.677012000727363797e-03 4.872077199777988370e+25
2.680498401907885353e-03 4.867106876689635018e+25
2.701246211993143555e-03 4.837961547710519694e+25
2.704732613173665978e-03 4.832616580230596151e+25
2.725480423258908567e-03 4.803181948598303711e+25
2.749146645799387546e-03 4.769514034748701132e+25
2.756161785588198253e-03 4.759555467069811910e+25
2.770859252052379918e-03 4.738881961508838896e+25
2.809798354959292931e-03 4.684021610035448504e+25
2.894305246492860206e-03 4.564280356679431139e+25
2.900711564149879851e-03 4.555284004150908687e+25
2.909103842664247097e-03 4.543217959254337321e+25
2.935812992864293702e-03 4.505607541739296183e+25
2.971572221227944399e-03 4.454853748362559101e+25
2.973960767995185994e-03 4.451457875207435179e+25
3.055017595493661909e-03 4.337307237728414150e+25
3.080514417891373757e-03 4.301172115738577352e+25
3.115403565171377676e-03 4.251587799726417726e+25
3.116276808883905458e-03 4.250430873341270385e+25
3.129920730611627632e-03 4.231056612365842167e+25
3.142937975192959532e-03 4.212696098933777222e+25
3.144036273191354314e-03 4.211258088826964397e+25
3.168814933660307753e-03 4.176530560110530264e+25
3.169301928419951397e-03 4.175961784270405583e+25
3.196080356514620358e-03 4.138016109625222922e+25
3.198171076971637050e-03 4.135035683980509180e+25
3.201708095232728545e-03 4.130124105612073080e+25
3.202681339192666333e-03 4.128663596411297401e+25
3.242190514705790838e-03 4.073156583681530339e+25
3.265477775163644347e-03 4.040033144450856613e+25
3.323154720258326977e-03 3.958714365458534197e+25
3.327658464402007566e-03 3.952370379740929747e+25
3.352943763766602636e-03 3.916744413956929988e+25
3.379255649221618585e-03 3.879719546510052029e+25
3.391229602772751362e-03 3.862624811337361414e+25
3.428296147544515615e-03 3.810252343345739565e+25
3.445401640382033271e-03 3.786042966513794279e+25
3.488716173629009386e-03 3.724836456051686327e+25
3.491533341417856449e-03 3.720765223241759996e+25
3.504681906204593078e-03 3.702442711304231369e+25
3.571869196605205726e-03 3.607177776127179300e+25
3.576656393082888828e-03 3.600493822951673247e+25
3.597841204713916885e-03 3.570657004107437996e+25
3.599954380334633407e-03 3.567584881785171195e+25
3.621139191965660163e-03 3.537683034710218564e+25
3.623252367586376251e-03 3.534724948558809373e+25
3.635673301026243719e-03 3.517168447998966666e+25
3.704735761428502947e-03 3.419435667739301690e+25
3.744968318029693721e-03 3.362489867123123473e+25
3.768297719063644878e-03 3.329403099274212076e+25
3.840654752461084964e-03 3.227128753647383173e+25
3.840936909837694858e-03 3.226582740857565044e+25
3.841017299446523956e-03 3.226479054224071091e+25
3.907678134856873431e-03 3.132119353197515676e+25
3.919765722044095922e-03 3.115024017013790586e+25
3.962631972748355269e-03 3.054140632132742503e+25
3.975516019446491411e-03 3.035751826905590685e+25
3.996782897523420974e-03 3.005439150332230617e+25
4.009666944221564923e-03 2.987271641180876267e+25
4.030933822298499690e-03 2.957090496765046233e+25
4.038559729807342756e-03 2.946302896455629848e+25
4.039704735920272502e-03 2.944658015845830722e+25
4.074815830447352238e-03 2.894818504126420331e+25
4.081500336684605601e-03 2.885294839377718139e+25
4.085658948711484197e-03 2.879267980647841161e+25
4.156370065883943643e-03 2.778670337977648661e+25
4.232120531571896549e-03 2.670438690493850264e+25
4.239548726077492502e-03 2.659894682561371232e+25
4.290190043219184457e-03 2.587486674931936034e+25
4.324279523658249025e-03 2.538630366627043178e+25
4.382740726459180558e-03 2.454665441235482130e+25
4.401433656655656668e-03 2.427822670951462738e+25
4.480579096449020804e-03 2.314009841833007107e+25
4.491953523064488342e-03 2.297406914401932882e+25
4.492476619182442753e-03 2.296663503248720090e+25
4.492965512485424563e-03 2.295881286769430753e+25
4.494050107902416470e-03 2.294206445550638207e+25
4.497810275713711933e-03 2.288892827545952344e+25
4.510246087146042859e-03 2.271043497982629506e+25
4.515322693296431981e-03 2.263739903629043061e+25
4.521780687545030875e-03 2.254477233845168772e+25
4.526857293695410456e-03 2.247188399505337685e+25
4.576232535088118301e-03 2.175223281312655054e+25
4.649630110602792632e-03 2.068614799822890188e+25
4.659192902168872094e-03 2.054678357972353427e+25
4.689745092239510672e-03 2.010105366776561064e+25
4.715786005888067400e-03 1.971981085440953146e+25
4.802899153597419736e-03 1.843416861042697250e+25
4.808118929809283501e-03 1.835767210598831380e+25
4.852632890783596144e-03 1.769668076900325106e+25
4.862416323005274051e-03 1.755108913805975641e+25
4.956168196592045105e-03 1.614451177290633552e+25
4.976950186040295099e-03 1.583101747913084179e+25
4.977291474377806141e-03 1.582560164028890831e+25
4.998073463826075216e-03 1.550840994561354943e+25
4.998414752163581921e-03 1.550359365768988349e+25
5.002026118133818394e-03 1.544862699882088543e+25
5.018043586323438394e-03 1.520514548598880588e+25
5.051613992172571468e-03 1.468888678058244057e+25
5.089645019008686398e-03 1.409793123230892309e+25
5.093694045064641428e-03 1.403517152776730983e+25
5.142015763929434248e-03 1.327823849836180120e+25
5.155280659666790742e-03 1.306612507231748335e+25
5.199907710398278538e-03 1.235806510470113058e+25
5.215696006928310924e-03 1.210321044731786776e+25
5.264715783046068631e-03 1.130803422305059673e+25
5.284640670810135908e-03 1.098099534460166890e+25
5.310170401787868942e-03 1.055865648767541178e+25
5.323250527397081593e-03 1.034245851566320885e+25
5.343923657124828933e-03 9.998912261255018525e+24
5.353119677343160659e-03 9.846355709221580195e+24
5.372514516376214466e-03 9.523028390804367662e+24
5.400811465472912104e-03 9.054722938067810184e+24
5.409635759650343809e-03 8.907749409977889804e+24
5.431236681914440589e-03 8.552388010419181488e+24
5.449324452090460735e-03 8.257341873607069338e+24
5.454505509879220559e-03 8.172780126674274535e+24
5.457955404697671653e-03 8.117635954200633896e+24
5.478088174977885361e-03 7.795292453771291247e+24
5.528420265762514461e-03 7.022020907457401537e+24
5.530249958164965007e-03 6.995890699230044194e+24
5.547615362052206456e-03 6.739274114906894302e+24
5.553098120713515808e-03 6.659645142197214145e+24
5.557190119675162188e-03 6.602151293950140762e+24
5.558359291892800425e-03 6.585576163129087171e+24
5.579655563153575193e-03 6.290207750340707699e+24
5.602412132012346557e-03 5.987978648179476846e+24
5.653624080525367079e-03 5.370033257657915314e+24
5.661022075018048993e-03 5.288338316183154584e+24
5.665951657969563182e-03 5.233869464239605977e+24
5.682240698132300961e-03 5.062164113564304891e+24
5.684481577631343707e-03 5.038757836768820559e+24
5.700734968044463002e-03 4.875916734988379016e+24
5.705058917513592710e-03 4.834196898094465354e+24
5.732627511496599972e-03 4.581748614570489477e+24
5.780225376871637143e-03 4.195893516829708765e+24
5.820535660420442237e-03 3.912138549524439824e+24
5.861606669587217378e-03 3.665631379177007514e+24
5.906795100975470447e-03 3.432700749400362369e+24
5.921912356295903901e-03 3.361744597853511736e+24
5.978023121970404974e-03 3.127835331555386580e+24
6.018154421660842912e-03 2.986341750653302442e+24
6.046208334834685116e-03 2.898298091481550723e+24
6.049329300941139187e-03 2.887500016353257401e+24
6.088868110713359372e-03 2.774751853336917342e+24
6.120486786452183393e-03 2.693600980730867012e+24
6.150138613447598580e-03 2.624129331359227071e+24
6.204688864476247401e-03 2.511091545775619847e+24
6.226185448756812492e-03 2.470408262944997390e+24
6.263620641023370794e-03 2.405203619088456774e+24
6.678505355800229935e-03 1.936871964864610023e+24
6.795259241805400030e-03 1.854362019443599374e+24
6.959383520299143588e-03 1.761728616965159202e+24
7.060216150655426737e-03 1.713928242102165012e+24
7.255776891679992235e-03 1.633853138349634533e+24
7.281794693283333807e-03 1.624276990689771640e+24
7.370932454683065682e-03 1.592332758943620481e+24
7.468333527109446979e-03 1.559844778846387708e+24
7.833048427559732851e-03 1.461120296283427249e+24
7.948254363931310518e-03 1.434988621798331480e+24
8.004314393153098839e-03 1.421786799804826025e+24
8.181805906337838441e-03 1.389366168303938237e+24
8.204070217821506431e-03 1.384075220463181254e+24
8.219516290654829693e-03 1.381895578195835948e+24
8.407884850293541323e-03 1.349493529719148068e+24
8.490778217378362747e-03 1.337613594086115023e+24
8.524377747941742911e-03 1.331414925217238123e+24
8.572808855462736577e-03 1.325665590228009506e+24
8.647827810329605791e-03 1.316583670140637853e+24
8.762040144101881922e-03 1.301743789106085723e+24
8.922276640867289610e-03 1.285110047303872048e+24
9.098858214323490845e-03 1.267899198854776748e+24
9.165985307559222639e-03 1.262479335784156932e+24
9.425195949107921523e-03 1.243814065903142347e+24
9.489969877985400537e-03 1.238024326210441051e+24
9.751533683892366078e-03 1.223966310365521143e+24
9.892542031815311498e-03 1.218016814730856421e+24
9.945871456864298354e-03 1.216722174723943330e+24
9.980880280262775794e-03 1.214708589567882589e+24
1.003661010355502529e-02 1.211341816565872682e+24
1.007866932921105962e-02 1.210304247745214633e+24
1.014020922983623063e-02 1.208807770830459235e+24
1.021959686116240273e-02 1.206692019015235813e+24
1.033454700280816291e-02 1.202403900276041448e+24
1.046993433091548270e-02 1.199586877618143399e+24
1.051243673446992238e-02 1.198499155667443339e+24
1.056895531685031475e-02 1.197592343042807413e+24
1.057019419804585553e-02 1.197609729888517060e+24
1.068296542162216339e-02 1.195944622832228298e+24
1.068348918957959942e-02 1.195948599939123865e+24
1.075109274968904377e-02 1.194842921037046454e+24
1.079670380377938804e-02 1.193501058249661696e+24
1.080411448523956042e-02 1.193382579069219106e+24
1.085480114787668038e-02 1.192232140047605414e+24
1.085581403350643209e-02 1.192216784199666096e+24
1.089883343006906209e-02 1.191443209306672300e+24
1.091763266973996664e-02 1.191328904242641234e+24
1.091812893603322926e-02 1.191404672940421388e+24
1.097828597716746929e-02 1.188886927643840472e+24
1.098005826888362284e-02 1.188767320070792952e+24
1.099434648087608234e-02 1.188064279997014451e+24
1.101107844408754505e-02 1.187373519093882700e+24
1.103973099320716689e-02 1.185773621283867121e+24
1.106452963607413437e-02 1.184245326474756097e+24
1.111759771323387463e-02 1.180716104356368237e+24
1.115205263923258090e-02 1.177437931073249439e+24
1.117964061659260100e-02 1.174533408725467870e+24
1.119452206526252123e-02 1.172867669899808283e+24
1.120761821707853129e-02 1.171582759850560094e+24
1.123483999092926566e-02 1.167511207254099652e+24
1.125582171889636524e-02 1.164336506113023086e+24
1.127544526435623334e-02 1.161107533488479722e+24
1.130047064156002035e-02 1.157006802585451902e+24
1.131389175709936884e-02 1.154168471474721257e+24
1.133649918683147899e-02 1.149084449339281729e+24
1.134775676569635232e-02 1.146509234544173438e+24
1.137533693121059453e-02 1.140358303602040510e+24
1.140785431092301849e-02 1.132327970347840201e+24
1.143721900750387793e-02 1.124610095776699597e+24
1.144558648823146285e-02 1.122183433659492942e+24
1.149906894255573776e-02 1.105770625768967522e+24
1.150168567226191041e-02 1.105346802620642175e+24
1.154468783460755460e-02 1.098194495362116346e+24
1.155265111382418851e-02 1.096797695401483104e+24
1.158043978813975972e-02 1.092287766621535227e+24
1.159551703360080926e-02 1.089596690174441666e+24
1.163000390858010512e-02 1.083433713515036978e+24
1.165339587673792227e-02 1.079561274090177755e+24
1.165932832970775594e-02 1.078489566782017535e+24
1.167002247475688002e-02 1.076632115048057118e+24
1.167616030507337768e-02 1.074977653106001299e+24
1.167969121775204282e-02 1.074357526809311936e+24
1.169066237533346667e-02 1.071719648503570023e+24
1.172822240087007320e-02 1.065296065356212883e+24
1.174261671302342935e-02 1.062866912670080007e+24
1.174645640497914631e-02 1.062200626180276567e+24
1.174812187069419755e-02 1.061904812693895925e+24
1.175001403953736777e-02 1.061589030046261672e+24
1.178601144927692718e-02 1.056294873435299872e+24
1.178639477170117383e-02 1.056242497556025696e+24
1.178679363834442273e-02 1.056161933963803121e+24
1.178725755685679916e-02 1.056077799914916406e+24
1.179708740723588861e-02 1.054258753284732887e+24
1.185642397463236054e-02 1.042765411494126865e+24
1.186883862192182094e-02 1.040484135374397941e+24
1.190222780348759030e-02 1.034394910635086550e+24
1.190901514702254888e-02 1.033162102126888232e+24
1.192535003940712462e-02 1.030191134799146122e+24
1.192694293016716839e-02 1.029878461055518433e+24
1.201770788567552151e-02 1.013100468821919216e+24
1.202874973648610478e-02 1.010963096008001745e+24
1.205382151143497699e-02 1.006394695445186924e+24
1.205411055728797948e-02 1.006366463135006446e+24
1.210627377715450814e-02 9.967493779041876821e+23
1.211920711318659194e-02 9.942541738163860312e+23
1.212391154712166158e-02 9.934040694010103936e+23
1.216977781842276500e-02 9.838303879536848939e+23
1.218779633466608725e-02 9.810061699428550024e+23
1.220345378445027336e-02 9.779852974813671389e+23
1.220872254175683208e-02 9.769559127019490671e+23
1.224723901667931075e-02 9.698508549147745510e+23
1.224889656212769379e-02 9.694522867911705913e+23
1.226693172715865449e-02 9.660632539660626732e+23
1.226845978891129285e-02 9.657681126316172871e+23
1.228189970660697843e-02 9.628455378080189299e+23
1.230940512131598052e-02 9.573876791882479672e+23
1.235523462545816409e-02 9.481724419096999499e+23
1.241500934812327789e-02 9.369729634784047404e+23
1.241750846919083273e-02 9.364067009996971185e+23
1.243014335092852696e-02 9.339659968043099798e+23
1.248173273741798317e-02 9.222975385490578746e+23
1.248862485327536381e-02 9.208307224594992731e+23
1.251652059713399302e-02 9.154791318611854434e+23
1.251961234498985207e-02 9.149138699549777792e+23
1.254750808884846913e-02 9.091385897303937038e+23
1.260187527726887649e-02 8.980293456401108681e+23
1.260855131079382727e-02 8.966312266218288762e+23
1.264386233089390826e-02 8.893113074588831952e+23
1.265874156641462987e-02 8.861526189775044865e+23
1.270885183957987281e-02 8.755798108798780042e+23
1.273969569594909056e-02 8.694979145410843593e+23
1.274564490752730372e-02 8.682230954520116818e+23
1.276626782259460136e-02 8.639053842642202201e+23
1.276965792770412902e-02 8.632013864454231698e+23
1.277049221467470991e-02 8.630239058991338026e+23
1.284470038264310526e-02 8.465652417806040763e+23
1.284819551921525388e-02 8.458401983405617851e+23
1.287415414776886882e-02 8.403613986379986413e+23
1.288002333013674866e-02 8.390055916147763577e+23
1.288069441929512622e-02 8.388458470689150054e+23
1.288243634203195022e-02 8.384676284822472140e+23
1.288824186677691060e-02 8.371796499085055859e+23
1.288998357313113526e-02 8.368226571259731520e+23
1.289075785313463854e-02 8.366656004512204309e+23
1.289644793800816432e-02 8.354674485136291885e+23
1.290054808118992757e-02 8.346784240928810693e+23
1.290262295097575895e-02 8.342091338430196534e+23
1.292244768189360071e-02 8.301525662135481061e+23
1.301612402351985838e-02 8.090073985741183454e+23
1.310049218467447540e-02 7.908929340366652231e+23
1.310098455926576866e-02 7.907756813790586885e+23
1.312250064625784113e-02 7.849066203611200005e+23
1.315224932225499826e-02 7.786733741922432372e+23
1.317844631050214994e-02 7.727772630935353793e+23
1.326838842481776332e-02 7.527623845509977405e+23
1.328837462099013988e-02 7.481605587387068155e+23
1.329367062202208710e-02 7.469625774563401505e+23
1.332179459301946478e-02 7.406019690963010249e+23
1.333449334931419150e-02 7.374048840841311300e+23
1.337536955032460166e-02 7.283342806004401093e+23
1.341145922999817906e-02 7.195565750625138796e+23
1.341472265010564685e-02 7.187729803242230849e+23
1.341673949993547194e-02 7.183062711251180276e+23
1.344951105009116465e-02 7.107775247968453400e+23
1.344996786983784082e-02 7.106699608340803596e+23
1.345373588003576960e-02 7.098192951959868943e+23
1.347633927635621259e-02 7.044887207648935962e+23
1.348798909326068274e-02 7.014675151981398123e+23
1.350347682352659451e-02 6.981737123080999000e+23
1.351300475165087556e-02 6.959551604358025052e+23
1.353408967438960581e-02 6.910034053861032308e+23
1.354950867925260038e-02 6.873863273004193106e+23
1.359294903300179574e-02 6.771363366618887063e+23
1.360641705917974703e-02 6.732837125324869877e+23
1.362696882221442474e-02 6.684655242057779826e+23
1.366725167901652882e-02 6.590190917425215150e+23
1.368194610931986605e-02 6.556134171267288290e+23
1.370377436317957859e-02 6.504600047275091249e+23
1.372582964491347174e-02 6.455154567772132407e+23
1.373270606184620601e-02 6.438571970726248369e+23
1.373893235598802609e-02 6.423737519236435170e+23
1.374408182659218880e-02 6.411563524869428483e+23
1.375362416014640210e-02 6.388559945293338404e+23
1.378148406193171333e-02 6.322369325087709903e+23
1.383207474949539259e-02 6.194101648421409102e+23
1.383400882539422352e-02 6.189504338499039815e+23
1.383483452062107127e-02 6.187789254325725068e+23
1.386355595829049520e-02 6.117957789726824737e+23
1.386438165351737764e-02 6.115841907994218715e+23
1.389310309118680503e-02 6.045455882446216521e+23
1.389573899959547880e-02 6.039136230823848281e+23
1.396605627292345740e-02 5.872264889134612690e+23
1.396868144299559002e-02 5.865947613181709365e+23
1.396872492110192571e-02 5.865919870006964655e+23
1.402903368034418875e-02 5.715461382679471524e+23
1.403073451076048035e-02 5.711291026840250252e+23
1.411667725399350093e-02 5.496590194485892303e+23
1.412101380014820634e-02 5.485827561710915315e+23
1.416240341680199445e-02 5.380249074563911285e+23
1.416770616278879499e-02 5.365955771253763395e+23
1.425874851360364737e-02 5.141536509752270180e+23
1.427330267919446269e-02 5.107212783152445774e+23
1.427681458819628560e-02 5.098718911582810837e+23
1.428658169288056154e-02 5.073468893502188584e+23
1.429009360188238618e-02 5.064432621064116156e+23
1.429986070656667947e-02 5.039401599679245865e+23
1.430337261556847810e-02 5.030457838324039864e+23
1.439695869857324229e-02 4.789644778347998887e+23
1.439721398626854151e-02 4.789079338479941572e+23
1.439723561941290766e-02 4.788991808681688097e+23
1.443922717234149937e-02 4.677725621070907950e+23
1.444617842224591754e-02 4.659388000370557473e+23
1.452267702075461450e-02 4.456677671369972363e+23
1.453333042341760535e-02 4.431344765138389099e+23
1.457910973232706686e-02 4.315256619682701110e+23
1.459784920355076260e-02 4.265383046993053315e+23
1.464814005524069790e-02 4.130892911406338131e+23
1.466843644390791214e-02 4.076715995591075693e+23
1.467750308707658005e-02 4.052385629293326442e+23
1.469779947574378215e-02 3.997882412998208279e+23
1.474000402789981193e-02 3.874882428019782021e+23
1.475351441406789338e-02 3.841004497946402997e+23
1.476011626893653644e-02 3.823270828222145962e+23
1.476026626469739700e-02 3.822840985286995073e+23
1.477056600542541592e-02 3.789155246913659024e+23
1.477256919709141192e-02 3.783804393689221704e+23
1.477260240459804530e-02 3.783772273056019131e+23
1.478764711153828654e-02 3.745747647209365611e+23
1.487006557345036534e-02 3.524833514430493339e+23
1.487816273145885215e-02 3.502376568868737196e+23
1.487870757223859475e-02 3.500901666349387623e+23
1.496716670823206724e-02 3.256081710826704161e+23
1.497745430427363522e-02 3.227043344913358159e+23
1.498349662978517433e-02 3.209952317105860856e+23
1.498647649179584394e-02 3.201511147141503113e+23
1.498842328857319384e-02 3.195883438832715500e+23
1.502861922146282725e-02 3.080923808278293932e+23
1.504894391402451098e-02 3.022144107035948944e+23
1.504904209493044230e-02 3.021813823072288983e+23
1.506649008660457950e-02 2.975140057502348162e+23
1.506881237288643961e-02 2.968357434452842528e+23
1.509306054799543391e-02 2.894502741554656214e+23
1.510886007780797187e-02 2.847509844287609907e+23
1.513860158382342343e-02 2.758016340655857048e+23
1.516478464426806311e-02 2.679878410044772429e+23
1.517927025326020612e-02 2.636755873312460610e+23
1.518857356113793161e-02 2.608055832487245759e+23
1.522536702105400236e-02 2.498270044909253857e+23
1.524417625504240204e-02 2.439646391207714619e+23
1.526439081407484320e-02 2.376575775460981599e+23
1.527358810664244254e-02 2.347631651181274847e+23
1.529006377425484557e-02 2.295346755620424552e+23
1.531795736370820948e-02 2.207263567695084341e+23
1.533869902080407105e-02 2.141259465623018647e+23
1.537534503354238795e-02 2.023577415222536071e+23
1.539155398737175606e-02 1.971196247374911420e+23
1.543502467481784601e-02 1.833037214399538544e+23
1.544720534090311681e-02 1.794508845305700758e+23
1.545109219855833604e-02 1.782365270920134320e+23
1.547326868294179349e-02 1.713442223753118351e+23
1.549812664771413849e-02 1.640208076972949861e+23
1.550539755611735071e-02 1.616275742144471195e+23
1.550593741006111442e-02 1.615137034359228208e+23
1.556031198934870220e-02 1.457877243549558201e+23
1.563110508211976168e-02 1.272377341976294122e+23
1.563315762607025983e-02 1.267430132812296592e+23
1.563477685693763497e-02 1.263800486884228695e+23
1.567947071498014544e-02 1.165264002724149424e+23
1.572396025393722752e-02 1.081089248679716161e+23
1.576237785359445309e-02 1.017206049826358920e+23
1.577019717519168029e-02 1.005303349584700941e+23
1.579862944061157654e-02 9.613330859500677104e+22
1.580312033426089363e-02 9.554181575405919325e+22
1.580610640574189180e-02 9.513345307971188215e+22
1.581148836509135847e-02 9.445796256186221619e+22
1.581393863665583183e-02 9.412672581405147293e+22
1.586939716801236480e-02 8.789162117767798299e+22
1.588155536188208539e-02 8.656006198998843838e+22
1.599570928864644387e-02 7.679468583308127057e+22
1.603537089979344826e-02 7.377020582349703322e+22
1.607876439109612310e-02 7.110737849703618472e+22
1.616784938323353321e-02 6.674238952124347685e+22
1.624853854586163354e-02 6.376885883297911643e+22
1.625717052937878174e-02 6.347755560409563031e+22
1.626486812058742376e-02 6.321550750465663592e+22
1.643980829934894861e-02 5.782013297674127462e+22
1.655952668219409438e-02 5.602761303459696214e+22
1.660514323694814443e-02 5.523812682577603881e+22
1.664990750309142120e-02 5.473086420619248219e+22
1.671455175373337543e-02 5.280342059106602005e+22
1.677693223517897833e-02 5.234092109977098387e+22
1.689552110654933201e-02 5.098659276335578769e+22
1.699425936907658641e-02 4.980109771007852544e+22
1.707649045936528859e-02 4.890516165420800331e+22
1.715499625484645518e-02 4.799827932629837021e+22
1.725745981218124864e-02 4.654322701671298656e+22
1.739497986660808182e-02 4.533121447340895581e+22
1.757270652002915212e-02 4.466780427050258583e+22
1.764868657909134803e-02 4.414999054734649092e+22
1.784514321696812483e-02 4.254606635845111356e+22
1.789858994645340817e-02 4.225951094845696744e+22
1.797400972468443658e-02 4.173703285628354744e+22
1.822785110441592360e-02 4.037315893104588567e+22
1.830492668049042010e-02 4.003729687479498834e+22
1.864119274862830605e-02 3.867038313461632205e+22
1.864621695867781093e-02 3.865394729300058649e+22
1.873709638938475530e-02 3.859813040043035984e+22
1.900648933929482975e-02 3.822637778278738716e+22
1.905453439284067463e-02 3.816636300899916343e+22
1.941596618724922979e-02 3.684815162343325434e+22
1.946787603705305361e-02 3.689780556192515778e+22
1.978242366241524802e-02 3.630538371497822519e+22
1.979478737302977492e-02 3.629248479956736305e+22
1.986426134842309010e-02 3.624729716527367979e+22
1.996903230884762570e-02 3.624570850897508801e+22
1.998767753287806342e-02 3.622969198025794755e+22
2.014327724466546954e-02 3.614966817652516638e+22
2.018781099019574532e-02 3.615110549433757991e+22
2.025879378136672543e-02 3.616390354667493235e+22
2.028790966630499362e-02 3.584264152320904790e+22
2.037803844057075459e-02 3.589559957657351514e+22
2.040183875750271880e-02 3.589287146104933057e+22
2.055040498622219547e-02 3.599980305421401326e+22
2.055598654205834791e-02 3.599164564386128855e+22
2.056355290961992682e-02 3.599849353160829383e+22
2.066040027033996460e-02 3.578426988824433053e+22
2.079068683596530659e-02 3.622119776158899765e+22
2.084756083238131080e-02 3.624628310961082807e+22
2.087144615961531585e-02 3.628497535435668036e+22
2.098272156968661317e-02 3.645297826056305115e+22
2.098546665433155198e-02 3.645183663068212206e+22
2.099956168842334256e-02 3.647686999969346303e+22
2.101581021663683629e-02 3.637953699909376724e+22
2.102122634251213373e-02 3.643199255749166996e+22
2.109539199965526635e-02 3.643417624803711281e+22
2.113292249860241473e-02 3.645393914931507836e+22
2.114168130903652798e-02 3.644575083088748898e+22
2.115658091228686880e-02 3.615035755209911016e+22
2.118718558856765022e-02 3.552962671676132373e+22
2.118905407686369480e-02 3.552642700949204658e+22
2.119752106226382299e-02 3.551623677930577383e+22
2.123622590978677116e-02 3.566785215901036708e+22
2.126755240143621273e-02 3.548433555934625451e+22
2.128552964824637767e-02 3.568616076320912179e+22
2.130649162080758968e-02 3.554341413372415915e+22
2.134711743803539147e-02 3.522662080936684185e+22
2.136337343003966854e-02 3.506885296265511515e+22
2.137793119183061669e-02 3.492838231775926813e+22
2.139105544303245704e-02 3.467524432708407552e+22
2.141572340972593136e-02 3.420089605139138714e+22
2.145919445864312436e-02 3.359011097767965203e+22
2.152383537859222165e-02 3.295463270435797336e+22
2.153822344440207287e-02 3.292762158216992575e+22
2.154202525925355896e-02 3.292124309246034156e+22
2.154700652712094461e-02 3.291643956142133582e+22
2.155240903169876321e-02 3.318085516723702307e+22
2.155540047039922885e-02 3.317029095660973353e+22
2.155766761312126467e-02 3.316020696239443018e+22
2.157658817052755806e-02 3.314097535966017434e+22
2.163135335152315680e-02 3.298855486997251123e+22
2.167008980003260615e-02 3.322149182093870812e+22
2.168683645775781876e-02 3.290325007665907053e+22
2.169692114605543953e-02 3.287347387430593574e+22
2.170830051432851016e-02 3.284280381934148151e+22
2.172118104622372536e-02 3.282142786024087801e+22
2.173215955653606812e-02 3.279247494921082162e+22
2.176232241785630919e-02 3.265647957314909713e+22
2.178524767713387392e-02 3.257486990327363194e+22
2.179610500401560347e-02 3.253704825273739274e+22
2.180627573865639990e-02 3.250851673432527575e+22
2.183833734528218065e-02 3.275934543055943211e+22
2.189994438757609380e-02 3.250407810448686789e+22
2.193358174416342940e-02 3.239333861356122984e+22
2.195074395942570034e-02 3.232203198387762233e+22
2.196648024309146713e-02 3.196708718757580426e+22
2.201786830032160386e-02 3.178439606629670951e+22
2.202603574860490659e-02 3.175652420211435792e+22
2.207381049815428792e-02 3.181488190712376931e+22
2.214003031979475469e-02 3.152037698052737204e+22
2.223821181468316893e-02 3.109510427319614413e+22
2.224485594117375092e-02 3.106720288933794126e+22
2.228619976926633425e-02 3.086062400963912663e+22
2.228695613317022844e-02 3.085808184010758265e+22
2.229458818489438165e-02 3.081662106551849687e+22
2.229662397819624775e-02 3.080144033480717841e+22
2.230638198401447767e-02 3.074992078259408287e+22
2.230841777731634029e-02 3.073671309719784286e+22
2.231817578313457021e-02 3.067866148234746187e+22
2.232021157643640855e-02 3.067113762316436583e+22
2.234895601882856339e-02 3.053718994569838723e+22
2.241064301376899381e-02 2.992735877983009715e+22
2.243205109162502847e-02 2.980705518157249800e+22
2.244297990754075267e-02 2.974084463449141045e+22
2.251736498448687548e-02 2.959004844771389945e+22
2.252375223809780988e-02 2.925928568943577924e+22
2.256157389369477934e-02 2.904458600569446911e+22
2.256561575132980113e-02 2.902235940931419452e+22
2.256620256455772397e-02 2.901973226471729555e+22
2.263360581490763204e-02 2.857367309833100853e+22
2.263664100764067530e-02 2.855605058740390828e+22
2.265878457958330275e-02 2.840082633061712894e+22
2.266181977231634601e-02 2.838402609135807889e+22
2.267979894952323883e-02 2.825837320332413344e+22
2.269965681074610428e-02 2.813164578260010821e+22
2.272790362990689123e-02 2.795444611377767907e+22
2.275665674596969237e-02 2.803107220054589047e+22
2.280545591160570290e-02 2.770204002713559735e+22
2.287704424064895131e-02 2.684791324714927443e+22
2.290059364804286623e-02 2.696199526445950488e+22
2.294311110491992212e-02 2.665457508290484240e+22
2.297293385109873409e-02 2.642353868349057794e+22
2.305443167055179834e-02 2.575791200058812976e+22
2.306907540769224246e-02 2.564177865963629812e+22
2.312956546387018308e-02 2.514019129508822935e+22
2.316456592737035219e-02 2.485304563545174704e+22
2.317111740984020146e-02 2.480221252058791648e+22
2.319113003169383236e-02 2.463650451270992606e+22
2.319586822713932961e-02 2.458610506906139519e+22
2.322927790458461511e-02 2.432230051737498760e+22
2.323861289702833927e-02 2.424554406980959705e+22
2.324697090070738242e-02 2.417409754704439463e+22
2.326412155191178582e-02 2.402406309352918798e+22
2.331058728997655038e-02 2.360330834996933689e+22
2.333200019628206556e-02 2.340798771036748461e+22
2.342969430587607538e-02 2.250031489315710068e+22
2.345323945808888699e-02 2.228470246961408115e+22
2.350597388735425550e-02 2.177245622028297935e+22
2.352999564355572060e-02 2.127364198863668144e+22
2.361241771104477874e-02 2.046341066738912513e+22
2.364445670574998049e-02 2.015531049586754008e+22
2.370136048473195367e-02 1.958125402568692387e+22
2.371876807224196707e-02 1.941609806519504732e+22
2.373492957938617975e-02 1.924066577999450237e+22
2.374228744707000682e-02 1.916676903626479554e+22
2.374872589351546825e-02 1.909747866983763594e+22
2.375920725789143484e-02 1.891115893826498907e+22
2.376928710035165759e-02 1.880573008851718950e+22
2.377893476549965482e-02 1.869870406832178489e+22
2.378909562054161431e-02 1.866159123812349641e+22
2.383436116064861082e-02 1.816771008871881769e+22
2.388361046309174507e-02 1.763010633582312109e+22
2.391590163412492948e-02 1.728994314141359617e+22
2.395742298445095383e-02 1.679321140778717990e+22
2.402849727319449763e-02 1.615200526284881081e+22
2.405731949919419355e-02 1.581309922292516101e+22
2.410419826395199250e-02 1.494983549772828036e+22
2.412575034836029336e-02 1.469082164236127306e+22
2.422229795569071781e-02 1.372733145363246586e+22
2.423102853529666284e-02 1.360840572307616720e+22
2.423436031934208049e-02 1.356556085137665897e+22
2.423683331415188436e-02 1.357461767769110557e+22
2.424844195940946065e-02 1.340777244930429315e+22
2.425573243475940416e-02 1.330641714282950663e+22
2.425819728919527754e-02 1.326982960176040824e+22
2.426829557570385834e-02 1.312906684239459857e+22
2.427715701384159860e-02 1.299020036638481842e+22
2.429688077398222887e-02 1.271120603268879326e+22
2.431378897117932730e-02 1.247197359969573378e+22
2.435530252005074781e-02 1.186776826611898725e+22
2.436343107843140163e-02 1.175429717471923064e+22
2.440114335459028783e-02 1.116366880980376696e+22
2.440387501408795151e-02 1.112469449630575231e+22
2.444504923374776068e-02 1.050824011880355961e+22
2.446639051217507771e-02 1.012402148942678904e+22
2.446905486704117894e-02 1.008045343439279096e+22
2.449890085318112698e-02 9.643006827855626633e+21
2.452374460170476250e-02 9.296163070062069023e+21
2.454043841854153946e-02 9.082502406762743726e+21
2.454594453894930889e-02 9.013059969087449334e+21
2.456934994591874338e-02 8.721502751958954410e+21
2.457491472326545773e-02 8.652803519345606001e+21
2.459331082290773518e-02 8.419358884288698253e+21
2.461384748256978394e-02 8.157139735789815464e+21
2.461827198404544642e-02 8.102104131411631931e+21
2.463011111639507034e-02 7.965216416856564302e+21
2.464495338168007366e-02 7.801524020806997246e+21
2.466243169360621962e-02 7.617072347849801335e+21
2.472517153018364416e-02 6.896716221308358099e+21
2.473141937926798956e-02 6.842239205519631843e+21
2.474006008218256059e-02 6.775105417081561022e+21
2.474218966938448311e-02 6.758378543295149113e+21
2.480390904278787639e-02 6.304046256221055877e+21
2.483761865132201596e-02 6.052296570267106279e+21
2.483873809729416834e-02 6.046042687034802307e+21
2.487747232659097765e-02 5.828952559109362680e+21
2.489330552402042873e-02 5.756606470586921648e+21
2.489474587427944335e-02 5.750230325899707810e+21
2.494574271318166989e-02 5.532646593727309021e+21
2.495366582740162625e-02 5.508842338492459516e+21
2.495396808817547385e-02 5.507857292861692183e+21
2.503810083782465751e-02 5.209632048466670649e+21
2.508725253072293868e-02 5.128316451282413945e+21
2.512612769687983666e-02 4.943393986063518138e+21
2.515382867375950265e-02 4.869075381386605494e+21
2.516839581391305466e-02 4.842938236372192854e+21
2.519120165522197030e-02 4.789193597803166695e+21
2.520631793460306400e-02 4.759228549565129949e+21
2.527747162422763066e-02 4.642351538355245679e+21
2.538272825071362718e-02 4.478523090286285947e+21
2.539710113966297395e-02 4.356623836511307039e+21
2.540136817395220042e-02 4.352023381818847265e+21
2.547246106912010033e-02 4.278122911374879752e+21
2.558599341286629109e-02 4.241893542880135348e+21
2.560401856794203637e-02 4.145259034152973369e+21
2.561213212805883710e-02 4.139689163488288047e+21
2.561647330315727777e-02 4.136721154998589194e+21
2.565891191613279415e-02 4.092616922276486971e+21
2.568431314335637566e-02 4.066544860929718747e+21
2.579430340228043572e-02 3.980290561573015519e+21
2.581237558997796083e-02 4.031659791642619019e+21
2.583188889260973342e-02 4.017660016597260567e+21
2.586308410045726550e-02 3.998350933290850451e+21
2.604349949486425148e-02 3.812761230457571377e+21
2.612517410641519017e-02 3.767945505063127482e+21
2.624049212510035090e-02 3.702715354329134399e+21
2.632080391824993121e-02 3.667887951651959996e+21
2.635555802589996388e-02 3.655653505035014767e+21
2.643241541193759592e-02 3.593237742997620654e+21
2.647032461220073102e-02 3.579367168097406943e+21
2.657527524738278329e-02 3.536759860297157575e+21
2.672378367124508131e-02 3.476903660705680982e+21
2.675350306131815681e-02 3.493936558898123637e+21
2.695461486272419938e-02 3.397441341343878087e+21
2.696401759395137057e-02 3.396562388601996313e+21
2.746855186988789166e-02 3.203097038505247769e+21
2.788728637350940467e-02 3.005162512339923108e+21
2.812673509457134374e-02 2.988335301431706255e+21
2.830907412623930725e-02 2.952110418122516726e+21
2.858132754280964111e-02 2.907872472698330808e+21
2.858697165874584875e-02 2.907324519881664627e+21
2.858980049017126671e-02 2.901212192794519536e+21
2.918591161364268369e-02 2.782793502011101807e+21
2.939522938075030123e-02 2.748171736525004341e+21
2.947452344540864994e-02 2.737009138007197352e+21
2.951713790098869222e-02 2.740040491356119368e+21
2.957378315063754343e-02 2.725174334992446128e+21
2.976299136113447902e-02 2.709009024484815405e+21
3.009663228045174332e-02 2.345262643888145826e+21
3.045176383945222970e-02 2.478022936949274706e+21
3.047475449892381866e-02 2.476951986014338417e+21
3.072799562650484900e-02 2.415335922954479337e+21
3.102895811801453102e-02 2.352863530570646553e+21
3.109555483723113606e-02 2.327614625153080099e+21
3.117610164333829009e-02 2.306441843720845263e+21
3.120409803382177133e-02 2.305999940214029812e+21
3.122135621086862683e-02 2.310558521958461080e+21
3.148821178806531645e-02 2.169748734912001737e+21
3.181758956700778823e-02 2.107268020604737946e+21
3.204158684207803615e-02 2.065168969406880678e+21
3.206354537284212408e-02 2.069388682355026690e+21
3.272165094989328005e-02 2.067128245932114313e+21
3.280141279034504836e-02 2.046143619543535976e+21
3.283546002834732830e-02 2.033229293918747361e+21
3.290972490413256873e-02 2.025282982880632898e+21
3.304736859617936340e-02 1.992342682221239337e+21
3.315386458284375060e-02 1.959068552464265118e+21
3.366992491210249461e-02 2.045428480052252377e+21
3.385731778419822507e-02 2.072335917342154818e+21
3.387744368407688556e-02 1.791108228873403761e+21
3.449999999999998207e-02 1.881003274972911632e+21
