-2.131628207280300602e-17 2.061324553533633069e+21
1.021774682420236455e-03 2.339952514765212877e+21
1.082835948172075234e-03 2.410601736736507691e+21
1.241994295263289467e-03 2.142958454152842707e+21
1.308613317468570016e-03 2.157307528914268848e+21
1.338128377213827509e-03 2.164484792676792926e+21
2.043549364840494161e-03 2.648874320441793577e+21
2.483988590526593244e-03 2.286409268468496204e+21
3.105927898113776571e-03 2.512286563648148603e+21
3.122299546832294978e-03 2.512488563670280831e+21
3.165443902327151355e-03 2.526673279650960507e+21
3.585056431888627819e-03 2.605798717930049372e+21
3.739238026257346754e-03 2.645699004302829289e+21
4.048008356104052137e-03 2.736017778053660279e+21
4.117539528234406658e-03 2.801775823030766797e+21
4.254746910328229687e-03 2.836974526710073000e+21
4.565196580609391826e-03 2.643182234129454858e+21
4.669803641425716509e-03 2.973670869086345626e+21
5.046505936913562099e-03 3.022092078004570685e+21
5.337404328494105635e-03 3.080608392177989976e+21
5.597362546324682366e-03 3.132038378673811227e+21
5.629016031545432640e-03 3.143700217585567007e+21
5.678208321360081468e-03 3.153419422096368861e+21
5.765915814811968694e-03 3.164757238860302254e+21
5.834151170948871472e-03 3.181073943630695629e+21
6.343476301928085634e-03 3.291214606209437401e+21
6.364867070456106841e-03 3.293538813273122013e+21
6.564847047988699343e-03 3.322429228087666803e+21
6.734604294155943464e-03 3.431527177900599542e+21
6.867282700773874420e-03 3.461583527059382075e+21
6.906527813171817187e-03 3.491986545196801196e+21
6.943077550850983506e-03 3.496629385060627775e+21
6.961857002195841713e-03 3.519602109414359171e+21
7.355954554584343344e-03 3.661683310770161975e+21
7.515911492826351029e-03 3.740525100535951393e+21
7.582400068424288361e-03 3.760095427318095282e+21
7.691264534491214049e-03 3.846621059540211728e+21
7.749660780325364449e-03 3.861210316952756552e+21
7.915812691249126884e-03 3.901414884350189109e+21
8.005599775480423327e-03 3.954107325368183030e+21
8.069247456886394915e-03 3.969216193338410533e+21
8.143367006066383820e-03 4.023509966040746951e+21
8.174667836637677584e-03 4.059288980526395818e+21
8.197578877465415068e-03 4.069289910673736729e+21
8.628977163876125692e-03 4.397460162883108209e+21
8.652466590411049194e-03 4.413946973095885537e+21
8.770383791034373072e-03 4.506329617299024642e+21
8.961665839257091509e-03 4.726711032056146559e+21
9.021723143299119688e-03 4.803609306750022320e+21
9.084139138020294602e-03 4.893345795021636370e+21
9.126433077551973291e-03 4.945737036718869053e+21
9.143336102745255184e-03 4.978415071173549228e+21
9.151114442324867829e-03 4.987342120804821238e+21
9.269780242380832452e-03 5.204507245607131283e+21
9.356809073802921026e-03 5.402034853142367044e+21
9.386951011944855844e-03 5.490047192288205996e+21
9.470203811756401635e-03 5.823540364208442966e+21
9.480850854109995271e-03 5.857338906698538025e+21
9.549084918796208604e-03 6.141101726708668563e+21
9.661214588500197792e-03 6.732500349039276982e+21
9.795495708145477570e-03 7.934093720169774842e+21
9.820353924306371440e-03 8.187589815669959426e+21
9.822992868479971107e-03 8.214844949150195253e+21
9.850114835910925640e-03 8.528381858093092307e+21
9.873812467295187828e-03 8.806216010945160806e+21
9.903964376570833020e-03 9.193309082339610984e+21
9.923829391105464318e-03 9.476876196087039263e+21
9.925738336229219735e-03 9.501359564544708444e+21
9.937866732174470419e-03 9.675632883098693140e+21
9.972741171267451854e-03 1.019527751068738283e+22
9.978878491793108027e-03 1.028501134810810207e+22
1.000133059889276796e-02 1.062233811126055443e+22
1.000870335941539922e-02 1.074592563573748138e+22
1.001189949860078685e-02 1.079185143712038519e+22
1.007179870294331626e-02 1.183920569430680640e+22
1.007415178934337185e-02 1.188315910751195759e+22
1.007551932944589571e-02 1.190260207351979468e+22
1.009709713959489399e-02 1.225018054434810233e+22
1.009784118922979305e-02 1.226347652219621134e+22
1.011098793619809658e-02 1.248151752635980133e+22
1.011146227025623741e-02 1.248985819035232266e+22
1.012613530583605231e-02 1.273017414685381624e+22
1.014265030956428178e-02 1.298727065021812887e+22
1.014434076286827545e-02 1.301257141460578966e+22
1.016703598711285808e-02 1.339224165865097894e+22
1.019674672021861003e-02 1.385898799480804318e+22
1.019724936395571303e-02 1.386615432217458272e+22
1.019966167999347521e-02 1.390871855780682793e+22
1.024279838482855358e-02 1.459064856775641950e+22
1.025328107620962145e-02 1.474321616014886201e+22
1.026184459297238040e-02 1.487994371374461642e+22
1.027142787708379933e-02 1.501744669255908354e+22
1.028309460473656248e-02 1.519133600372998799e+22
1.029039725766969261e-02 1.532387534013586211e+22
1.030424573848422697e-02 1.553090958852046927e+22
1.034699463583585270e-02 1.615257193124033934e+22
1.041201310471871061e-02 1.704333925862440803e+22
1.043432419706747868e-02 1.733002776641341175e+22
1.045711578561956019e-02 1.763975137998661065e+22
1.047993510813565940e-02 1.793240673225706937e+22
1.049243271727058266e-02 1.809162559625424273e+22
1.051638305186538246e-02 1.847320260396036863e+22
1.051882208388589014e-02 1.850382280552992683e+22
1.062811195348468789e-02 1.985045648468284853e+22
1.063718416581395897e-02 1.996151953239652172e+22
1.063977285279696719e-02 1.999028198308016921e+22
1.070275594069763220e-02 2.073229801260037282e+22
1.070721845617770597e-02 2.079116548310812328e+22
1.075354639552530446e-02 2.138159374556380476e+22
1.075639027479380512e-02 2.141234745945680039e+22
1.077378197485538182e-02 2.160035922366729447e+22
1.077434205817550186e-02 2.160622571259248509e+22
1.079173375823708377e-02 2.179842584501515452e+22
1.079229384155720728e-02 2.180465609910297140e+22
1.081043046442124560e-02 2.199155143005159870e+22
1.081502377897753352e-02 2.204549449268097293e+22
1.085145951676737448e-02 2.244838779486995690e+22
1.088866955110842465e-02 2.284589539622568906e+22
1.091281637194264735e-02 2.312019761262599392e+22
1.096900736220381492e-02 2.370694687954784014e+22
1.105324192216972611e-02 2.456620249926162029e+22
1.105812213710187161e-02 2.461426251260595746e+22
1.108370115534495180e-02 2.489686450717542528e+22
1.117134401201776671e-02 2.577582039955073401e+22
1.118502100440678902e-02 2.590716926865624898e+22
1.122757472309531164e-02 2.633979931634445373e+22
1.124092099371442992e-02 2.646641592261121828e+22
1.124374692639994698e-02 2.649100749180767096e+22
1.126585051932358847e-02 2.670453803792382873e+22
1.128648377727555982e-02 2.688473015006857160e+22
1.129936914533718854e-02 2.700159541399495744e+22
1.131887829733288671e-02 2.718197361074449154e+22
1.133101721594678007e-02 2.729771947118121347e+22
1.134136427984110650e-02 2.738539595789480283e+22
1.136246205435306744e-02 2.760036187082846529e+22
1.137602149550759681e-02 2.771980937104002227e+22
1.140388995727916951e-02 2.795660670622861623e+22
1.143929972716306413e-02 2.826751455488982070e+22
1.150064532912379971e-02 2.883439555999121067e+22
1.153796939225947352e-02 2.915250454449131566e+22
1.157420254676253847e-02 2.945200978478282205e+22
1.165066015016535776e-02 3.012264456465042060e+22
1.165834731093337226e-02 3.019467099180669442e+22
1.168093985109405243e-02 3.036933963587684978e+22
1.169636576463221542e-02 3.047757390391176436e+22
1.170197790399484482e-02 3.051666764038883456e+22
1.179598366969505409e-02 3.125130038485074104e+22
1.182789702213340663e-02 3.146790260322825404e+22
1.182804026049640543e-02 3.146799566012149871e+22
1.182827861318833454e-02 3.146899433004477501e+22
1.184798405332085011e-02 3.159577695363762278e+22
1.185018166108860876e-02 3.161712561344149560e+22
1.186065414501830464e-02 3.169673072126620965e+22
1.186285175278606330e-02 3.171863700658451173e+22
1.193440096041136975e-02 3.222693717910741215e+22
1.195321422853387779e-02 3.234455525139755198e+22
1.196609691864289338e-02 3.241990513039606442e+22
1.197832650239070117e-02 3.249137376741706800e+22
1.200017165230056297e-02 3.263092202376134027e+22
1.205665371678441358e-02 3.302643324240894781e+22
1.207909423182138356e-02 3.314913014818055546e+22
1.208475658697919647e-02 3.319013630616558109e+22
1.211373135304500033e-02 3.337319514567211169e+22
1.216183846467425167e-02 3.362600586028156296e+22
1.217639590630690063e-02 3.376430852361525658e+22
1.218043610586470350e-02 3.378496669878234749e+22
1.219499354749735767e-02 3.385589514118446973e+22
1.219903374705516054e-02 3.388454330622821165e+22
1.221359118868782165e-02 3.397793946353564385e+22
1.221713807993333838e-02 3.400125922567101664e+22
1.224914910602661368e-02 3.415458429157537271e+22
1.227943979538416094e-02 3.432025806398538174e+22
1.228330635068053747e-02 3.433650988722630636e+22
1.234208396346468846e-02 3.463848774944844625e+22
1.238499388925563306e-02 3.485621838219219619e+22
1.241391395810392990e-02 3.500135572357831144e+22
1.246734562632674341e-02 3.524736950639460037e+22
1.248914197935242602e-02 3.533139645470129678e+22
1.250207974907541035e-02 3.537931939400866018e+22
1.255010869676284786e-02 3.556981394046930702e+22
1.257368502679308622e-02 3.568728671954620174e+22
1.257519372739671591e-02 3.569265507440109656e+22
1.260292386577749162e-02 3.579554970613732029e+22
1.263343618654732235e-02 3.590228536701617177e+22
1.264630348925470903e-02 3.601183077691771008e+22
1.264914754273554522e-02 3.601823696332260586e+22
1.266471334700063935e-02 3.606042962683737670e+22
1.270688631615910294e-02 3.587727909635366899e+22
1.272156837965122446e-02 3.592095013166157031e+22
1.273081793351733652e-02 3.595954940979866029e+22
1.275763292517378793e-02 3.604160645247360670e+22
1.276377477060018292e-02 3.605383552322432611e+22
1.280333321097981529e-02 3.614979800178901385e+22
1.283517068994463259e-02 3.623446145723238082e+22
1.283750271720474241e-02 3.623972170810018234e+22
1.283981909894925562e-02 3.624405340620080336e+22
1.285207479359630478e-02 3.626216660630244635e+22
1.285498010650898242e-02 3.626695622654964846e+22
1.286783705508763760e-02 3.628579861967390376e+22
1.287657332206828924e-02 3.631337229953039493e+22
1.291776415015248938e-02 3.676647566947836651e+22
1.292593387526474319e-02 3.680441468044249452e+22
1.295408148494689785e-02 3.686052134612512853e+22
1.295696104029811849e-02 3.686331555547828139e+22
1.295836546402214483e-02 3.686501505521556233e+22
1.298188200993998821e-02 3.695363717403579620e+22
1.300704787678337235e-02 3.715161863299218696e+22
1.300888184339506724e-02 3.718402445960879800e+22
1.300904471348178840e-02 3.718407455730045026e+22
1.300972923331026807e-02 3.718940741780926313e+22
1.301170797260599657e-02 3.722475232396297896e+22
1.304663676978332250e-02 3.777198576979028843e+22
1.306230631759370923e-02 3.798356019570995207e+22
1.309611330231611956e-02 3.845784735535176090e+22
1.312106568724403025e-02 3.877149298869360447e+22
1.312919158666199342e-02 3.887161644631379778e+22
1.316100517290860576e-02 3.921669744385537239e+22
1.317776623299642645e-02 3.938976093788195678e+22
1.320972505322462812e-02 3.965386152614331574e+22
1.325573934983854951e-02 3.992839309970510551e+22
1.325574136834653874e-02 3.992838333663047949e+22
1.325574268120666664e-02 3.992842303585673806e+22
1.325574697472831423e-02 3.992839372621471128e+22
1.327213482033997791e-02 3.999976229911153921e+22
1.332504194387551175e-02 4.016911101962565871e+22
1.333148082207054330e-02 4.047693300474813874e+22
1.333480716195985585e-02 4.047999561424878069e+22
1.335293506711929777e-02 4.048381906568975116e+22
1.354724000643075903e-02 4.050867848042315252e+22
1.356693827837489146e-02 4.047883255535345074e+22
1.361472025632372469e-02 4.040723804012286260e+22
1.363572648706688241e-02 4.036381384458823637e+22
1.364770996420098560e-02 4.034096528247381557e+22
1.365969534387068487e-02 4.031253576643805970e+22
1.378769964295110777e-02 4.014430793432112405e+22
1.380311418526525107e-02 4.011789033485389057e+22
1.386949088215119752e-02 4.006206107918130374e+22
1.402485733325909215e-02 4.019373281779769357e+22
1.403360054060673150e-02 4.016563057694697587e+22
1.403852113455218015e-02 4.020573536083552869e+22
1.405916835157103827e-02 4.018681767784859723e+22
1.453147041500153606e-02 4.022648736667110736e+22
1.457812527096512441e-02 4.024542607710047594e+22
1.484417200029812360e-02 4.061591989606850075e+22
1.501002127304180110e-02 4.108666786965435816e+22
1.502075840651827948e-02 4.110404663287631734e+22
1.502956156584384605e-02 4.111656778907792494e+22
1.506823985690526613e-02 4.121384575475247166e+22
1.511647721785938474e-02 4.129860652033566677e+22
1.514843186163719949e-02 4.161852317696717226e+22
1.515476366616523747e-02 4.174315997527407591e+22
1.524959519509990445e-02 4.163951322542470542e+22
1.564866332863150064e-02 4.294871640629901158e+22
1.577082892793008409e-02 4.337236427825286323e+22
1.579183987913070422e-02 4.343862538547823745e+22
1.586680816928674395e-02 4.376600197950455624e+22
1.591996293145591171e-02 4.397923501269075572e+22
1.597052427162734198e-02 4.406562480616844453e+22
1.605015290590502616e-02 4.446489490030775711e+22
1.607674640400375346e-02 4.424119347537560732e+22
1.612465165887566262e-02 4.472852924811565439e+22
1.617021961532459293e-02 4.488807969655011829e+22
1.619773250544612880e-02 4.539939380005736913e+22
1.628668463872077338e-02 4.585675379787238579e+22
1.641111121032117273e-02 4.611744708814037005e+22
1.662242090795321148e-02 4.752037618000175982e+22
1.667425699359494085e-02 4.776187730640489362e+22
1.695284254730738613e-02 5.004915887841805441e+22
1.701537522367711081e-02 4.998205799060599734e+22
1.728326418666156078e-02 5.273026519153304928e+22
1.739990078531277601e-02 5.397613730168722529e+22
1.744347445349201178e-02 5.447269347491086703e+22
1.752064105273456671e-02 5.543827385588305311e+22
1.760368472032246626e-02 5.652398750389693632e+22
1.772743618622174208e-02 5.844614375318477813e+22
1.776389498715292073e-02 5.905591458857859259e+22
1.787602611158296828e-02 6.145635259092896947e+22
1.798172422399404308e-02 6.362988992427219065e+22
1.798738951025988589e-02 6.378600907907940955e+22
1.799335734998391834e-02 6.394412934281281143e+22
1.800278441404083718e-02 6.368509609079858843e+22
1.812284398464151375e-02 6.664743266197952686e+22
1.821088403336686493e-02 6.932233851144536012e+22
1.830728990916462295e-02 7.327290450255241491e+22
1.840708888526191439e-02 7.845667649283917506e+22
1.841148119448083112e-02 7.871431640161056929e+22
1.843849056008978193e-02 8.043040099522366249e+22
1.848500118928635833e-02 8.370558947956957276e+22
1.850420382517659751e-02 8.514901611657684215e+22
1.852003627786861367e-02 8.639451974623098726e+22
1.854063280164947383e-02 8.814850120216677345e+22
1.856051544897055830e-02 8.998016255268912470e+22
1.858097934086061151e-02 9.196853247051183004e+22
1.870466936053767973e-02 1.074575180891611883e+23
1.878545171481045203e-02 1.217624263192490027e+23
1.879157509120882655e-02 1.230248133747103844e+23
1.885184170901025788e-02 1.367806130461881286e+23
1.888930244320674579e-02 1.464901439771763204e+23
1.896951290529274442e-02 1.706375740290911028e+23
1.902145539146099518e-02 1.878016364457779119e+23
1.902312181147607084e-02 1.884052855672322424e+23
1.903156189688220284e-02 1.912471415542752907e+23
1.905188338149132674e-02 1.982774091793727310e+23
1.905642629840226601e-02 1.998647284256406147e+23
1.907149070907330005e-02 2.051277156683487338e+23
1.907662169367050492e-02 2.068956205978252875e+23
1.909346739402293866e-02 2.127617570944849229e+23
1.909850859171767154e-02 2.145998929554984487e+23
1.919506963917064213e-02 2.482754655984783595e+23
1.919530033640685224e-02 2.483461989068110131e+23
1.925568643003505026e-02 2.693343137028159780e+23
1.925783991294680725e-02 2.700798742965793315e+23
1.925797092216617254e-02 2.701245956459261287e+23
1.925804657206795292e-02 2.701497457956189414e+23
1.935482660127938251e-02 3.028539675543163518e+23
1.941555439231657312e-02 3.227079171938204411e+23
1.942528011469198818e-02 3.259008259210910965e+23
1.942968869982650629e-02 3.273592795582913241e+23
1.951318195993917426e-02 3.540364666347242819e+23
1.951974251267616853e-02 3.561275996204957780e+23
1.953565898197476627e-02 3.610849712714257374e+23
1.954454168023116167e-02 3.639144771542427149e+23
1.956045814952978371e-02 3.689262796183249323e+23
1.957003327057935116e-02 3.718763799634960208e+23
1.958608079277144448e-02 3.768290807588049608e+23
1.963123174292162945e-02 3.907461718105895511e+23
1.966194267889621178e-02 4.001485527995578256e+23
1.972451546714591025e-02 4.183887506194406121e+23
1.975862379231583740e-02 4.289698894154455707e+23
1.981133925744530538e-02 4.449962187643968113e+23
1.983811739767405574e-02 4.530303642921405702e+23
1.990466821078047330e-02 4.726490920197011685e+23
1.993116679186021298e-02 4.804373060841337961e+23
1.999245430574377730e-02 4.982742862879228963e+23
2.001429211645190664e-02 5.046357357705528020e+23
2.002541333941702112e-02 5.078161616024475051e+23
2.005140949597922564e-02 5.152795147384931788e+23
2.005389370856547337e-02 5.160018940127526456e+23
2.007289741538799757e-02 5.215014169535135948e+23
2.007538162797424183e-02 5.222426523553061300e+23
2.009438533479675909e-02 5.276937257171988177e+23
2.014651773155219303e-02 5.425071739836509937e+23
2.016263244563384210e-02 5.467144815060735282e+23
2.019657050526670744e-02 5.567263803138280302e+23
2.021453156664920064e-02 5.618165866770408984e+23
2.024911018049057460e-02 5.716318542711261097e+23
2.027107593822465373e-02 5.773311348643075950e+23
2.030333063190436702e-02 5.863869889930213846e+23
2.033467779850163179e-02 5.951290852024125951e+23
2.035740272720585817e-02 6.015412915940569656e+23
2.037951943081546535e-02 6.076679845883080794e+23
2.039925387987154629e-02 6.131429988477088951e+23
2.041585418691980319e-02 6.178185258408264147e+23
2.043558863597587719e-02 6.232536923190673864e+23
2.047109959525661438e-02 6.330163468175295067e+23
2.049393217704593637e-02 6.392049829036104100e+23
2.049513814097679229e-02 6.395372277322543740e+23
2.049651986626421438e-02 6.399187073536866281e+23
2.051231430764748759e-02 6.442938971499787232e+23
2.051611864406039168e-02 6.453561759840023096e+23
2.053335678364897124e-02 6.500671514173036781e+23
2.057240108149077304e-02 6.606375265610918401e+23
2.062346248295454307e-02 6.745304169172259538e+23
2.068286091362510695e-02 6.907462103747132224e+23
2.069697146701039367e-02 6.946032302493388128e+23
2.072555808414014780e-02 7.022808793515797533e+23
2.073157141395627623e-02 7.039348804040320939e+23
2.073665594399357048e-02 7.052484407310303332e+23
2.074233649262858734e-02 7.067864625915664395e+23
2.077754902077727159e-02 7.161231160889398054e+23
2.078272513358528015e-02 7.175052296312606037e+23
2.080088167081600367e-02 7.222884982724577953e+23
2.082306178508306141e-02 7.277241843548484891e+23
2.082721698415057610e-02 7.288115396490550764e+23
2.083961535047280586e-02 7.320609215844079611e+23
2.086203982899543716e-02 7.379613622394069514e+23
2.086521767298609928e-02 7.387938991049288177e+23
2.087186554617754056e-02 7.405727840478624135e+23
2.090082305667730067e-02 7.482109196684095180e+23
2.092011364593087189e-02 7.535872663425893217e+23
2.094352285612746667e-02 7.597365967829678068e+23
2.096433168500327210e-02 7.647889171148361454e+23
2.099448848716968519e-02 7.726490258386927862e+23
2.105769611780736184e-02 7.893147953700734375e+23
2.106169529306781141e-02 7.903516267259357540e+23
2.110832866165594790e-02 8.024610454118314080e+23
2.113578068878876545e-02 8.094549315760320068e+23
2.115372729634594148e-02 8.140870507834329971e+23
2.118307976005932153e-02 8.211816421415360397e+23
2.122014891704530198e-02 8.309467912009806523e+23
2.122174725367808462e-02 8.313569946991184828e+23
2.122253859072020798e-02 8.315444266088357702e+23
2.130782233927267649e-02 8.530011473660368346e+23
2.130865672961099189e-02 8.532033267478770819e+23
2.131287263661677325e-02 8.542584242119770825e+23
2.133072577505493173e-02 8.586349745279438705e+23
2.133268118831070301e-02 8.591502261356317335e+23
2.135053432674885454e-02 8.635857327919174705e+23
2.135248974000462929e-02 8.640487717470958613e+23
2.136689676173886623e-02 8.676168084338758008e+23
2.137536477550372807e-02 8.697634077852634374e+23
2.137832034943281875e-02 8.704855708589249045e+23
2.144918776059454718e-02 8.882179653626764502e+23
2.146279923311423393e-02 8.915008427321196712e+23
2.150116667745579496e-02 9.008791149818585945e+23
2.155043309447633379e-02 9.126860138998826543e+23
2.161818728943169787e-02 9.293736909921292858e+23
2.162871414320570104e-02 9.319069412408069141e+23
2.165268651491017438e-02 9.375717126908593853e+23
2.172254583951985576e-02 9.541885590404263271e+23
2.178718681826884856e-02 9.696474240269516894e+23
2.178872804760411189e-02 9.700155422586307609e+23
2.179584596262762811e-02 9.716231253951863471e+23
2.179707425130143761e-02 9.718786375962564221e+23
2.180370007335420690e-02 9.734352944807419807e+23
2.180687046704011048e-02 9.741675533104966114e+23
2.183131659771793062e-02 9.798750563771993943e+23
2.183801445195727997e-02 9.814556009702155448e+23
2.184073495684555818e-02 9.820650780656099435e+23
2.186011297229778841e-02 9.866145779207535875e+23
2.186152350254407656e-02 9.869555894958151350e+23
2.186424750172143161e-02 9.875714652253882826e+23
2.186651885575372628e-02 9.881023866114523707e+23
2.189018955411088305e-02 9.935852402706747406e+23
2.190468419776435763e-02 9.968974646983409512e+23
2.192495316004215017e-02 1.001022228319329694e+24
2.194223393746023293e-02 1.004933551737160233e+24
2.195323382855808581e-02 1.007466039156030162e+24
2.198304047300688249e-02 1.014143350039540442e+24
2.201099097620354619e-02 1.020487720459110210e+24
2.202380552855725399e-02 1.023507852225973378e+24
2.203940659427382556e-02 1.027065619696947426e+24
2.209896739075264266e-02 1.040754873926173334e+24
2.210854529651914632e-02 1.042542518337023020e+24
2.211699728811817797e-02 1.044391404358927741e+24
2.212854533136964647e-02 1.046920315670103861e+24
2.212972031599694939e-02 1.047135830668290843e+24
2.213657925108741126e-02 1.048657525900347120e+24
2.214294099644667155e-02 1.050002027260101542e+24
2.214408205025781770e-02 1.050237511637343685e+24
2.215619219367278778e-02 1.052935403615654500e+24
2.216623057995565499e-02 1.055079078934267161e+24
2.222672991105365328e-02 1.068230197109424289e+24
2.226236621271948657e-02 1.076195001865132873e+24
2.227017375211353539e-02 1.077907462635439528e+24
2.227915584065124840e-02 1.079780845227563939e+24
2.231688057101989184e-02 1.087982764061962900e+24
2.236041477195199398e-02 1.097008063236353198e+24
2.237311276725010081e-02 1.099740910256472235e+24
2.237614499574974714e-02 1.100384504645802216e+24
2.238793121709932096e-02 1.102813708652760097e+24
2.239814203642271490e-02 1.105002817864292159e+24
2.240293079655983691e-02 1.106024002909508144e+24
2.241384599857383988e-02 1.108245682576576274e+24
2.241863475871096537e-02 1.109303349782814344e+24
2.242737059570337407e-02 1.111415337773774114e+24
2.242958213624221889e-02 1.111876698847605894e+24
2.243616212158035597e-02 1.113177263830479009e+24
2.243760836901860511e-02 1.113464127121797465e+24
2.253355581781881639e-02 1.133054991337188930e+24
2.253660408564649859e-02 1.133653994893365563e+24
2.256304084606877008e-02 1.139042175138581214e+24
2.258967588567984200e-02 1.144391804270980020e+24
2.268771292816145271e-02 1.164575284826571333e+24
2.269096121111312606e-02 1.165200574372637649e+24
2.273110730484844896e-02 1.173137071910771929e+24
2.274174340234107541e-02 1.174782578210142459e+24
2.284187003850409250e-02 1.194257514400326516e+24
2.284188236969180927e-02 1.194260695485477892e+24
2.284192908296830971e-02 1.194274307539546520e+24
2.286164897270331550e-02 1.198001014046245607e+24
2.286170429979805796e-02 1.198016503032560801e+24
2.289606182712049590e-02 1.204463807394199277e+24
2.289627233960786490e-02 1.204493893509201047e+24
2.289649472720194090e-02 1.204492699016454579e+24
2.300835629594819368e-02 1.226646319844377619e+24
2.301507330682120087e-02 1.228909503376190421e+24
2.310523374622736395e-02 1.257549139069826222e+24
2.312111396343658615e-02 1.262330555173298005e+24
2.322904493160756964e-02 1.287375100170153864e+24
2.324456251318310698e-02 1.290218654296025244e+24
2.331423332488022013e-02 1.300348054285082442e+24
2.334573319967123139e-02 1.304375970636923608e+24
2.344973356726693173e-02 1.313538031693149491e+24
2.345807269816188589e-02 1.314093656453421354e+24
2.348619516376602295e-02 1.315555314900880377e+24
2.353405699173176727e-02 1.317916545522906203e+24
2.353622253518070431e-02 1.318003061004076105e+24
2.353904741094794625e-02 1.318151158746791025e+24
2.354950967885368132e-02 1.318609988244874897e+24
2.370428400934462485e-02 1.322994216404921463e+24
2.383994141042340698e-02 1.325675060671648641e+24
2.389014586022634307e-02 1.326743980972679165e+24
2.390168667304208919e-02 1.327584687946776212e+24
2.391201932394431545e-02 1.327285169351766667e+24
2.393302656505303522e-02 1.327696926701415182e+24
2.402077841170294562e-02 1.329597023143650975e+24
2.405617414376013535e-02 1.330372697079954960e+24
2.409908933673953965e-02 1.331593249231112231e+24
2.415986354636176850e-02 1.333327246156188120e+24
2.437152316393773749e-02 1.341569009009426038e+24
2.444334146500197480e-02 1.344020731882577416e+24
2.460854036175945392e-02 1.352117450607640923e+24
2.463530913849492146e-02 1.353451451890071398e+24
2.483848529221177256e-02 1.364857572769611066e+24
2.483950083350136562e-02 1.364968346374452648e+24
2.486466502739506299e-02 1.367197165174281514e+24
2.504713377702470073e-02 1.380283591050503039e+24
2.506843022266409815e-02 1.381719721715714255e+24
2.527747954397156077e-02 1.399914233326760708e+24
2.529837515311642027e-02 1.401727068746290106e+24
2.551740257417240212e-02 1.424733614517300501e+24
2.558267809253800956e-02 1.432201233171207242e+24
2.585442999569037559e-02 1.466367563745528054e+24
2.587220092874139427e-02 1.468752957174375181e+24
2.619145741720833517e-02 1.517916409587341659e+24
2.621136818071395647e-02 1.521640498315205892e+24
2.624337675473052342e-02 1.527196064150544936e+24
2.659138079357181716e-02 1.596211413050901114e+24
2.666178489205862576e-02 1.613061483397992147e+24
2.672318717454630344e-02 1.627332562623492008e+24
2.680397300692324847e-02 1.647643208052482473e+24
2.687141145576472934e-02 1.666183741622573355e+24
2.715267171648814981e-02 1.759033127794501845e+24
2.723500616837864347e-02 1.791661058477258183e+24
2.732698835648781840e-02 1.829809478996888169e+24
2.755023725091516190e-02 1.946413647201009129e+24
2.765416208885110999e-02 2.012416002484143250e+24
2.792761987638825785e-02 2.235472009084833754e+24
2.803186396333322630e-02 2.351174821293923303e+24
2.807359538326655371e-02 2.401725358961656223e+24
2.808488132028237952e-02 2.417138848814361198e+24
2.810021766587997294e-02 2.438144895750514900e+24
2.815603317039986134e-02 2.519445549869389715e+24
2.817673788660841547e-02 2.551700953531468233e+24
2.827381476634957536e-02 2.727826446241042610e+24
2.831304900764033960e-02 2.812674378650250400e+24
2.843664676232222216e-02 3.143246985160945977e+24
2.844371598619398547e-02 3.166143723283117328e+24
2.845412301924735501e-02 3.201083606291439805e+24
2.853869347432589840e-02 3.524917377213496583e+24
2.856221345226388555e-02 3.633504765007899809e+24
2.862000403697544451e-02 3.938057203838010800e+24
2.875312891335497431e-02 4.921555275587690699e+24
2.876153737915936037e-02 4.999742912236099899e+24
2.880832782051780463e-02 5.477737023247149970e+24
2.881439166764312304e-02 5.545895623556309711e+24
2.883348543744028783e-02 5.766719513259712992e+24
2.884785857965492181e-02 5.942872434493025287e+24
2.885390937503183595e-02 6.018109427308293660e+24
2.887873664058654768e-02 6.343785916416099950e+24
2.891236009867658580e-02 6.817905481376966661e+24
2.898155948636059465e-02 7.911398055775593675e+24
2.898435801326610523e-02 7.957068531218766820e+24
2.898500312450019711e-02 7.968025689654819186e+24
2.898592402119243294e-02 7.983504840077989231e+24
2.899125391164985785e-02 8.072463991588935592e+24
2.899397424099686010e-02 8.120778749480162552e+24
2.899712218524728644e-02 8.175232807009743809e+24
2.900272180155355484e-02 8.269314941445630968e+24
2.901718464203707423e-02 8.517387863066996550e+24
2.906232379488764977e-02 9.314366902454674405e+24
2.908816361541621126e-02 9.782387658433528494e+24
2.909448158765700482e-02 9.896874658099648163e+24
2.912652016049750367e-02 1.048189766549714834e+25
2.913285679138736400e-02 1.059857228179566113e+25
2.913912774654695698e-02 1.071251421432619505e+25
2.917054496236849703e-02 1.128729095816018620e+25
2.919170446107273442e-02 1.167391765893992224e+25
2.921539625751278652e-02 1.210344694151428831e+25
2.921781082586209083e-02 1.214740284656799968e+25
2.922436422685243188e-02 1.226543375343561149e+25
2.925569709181615255e-02 1.282852771219813556e+25
2.926298490433012697e-02 1.295934095830884484e+25
2.927341671930147951e-02 1.314543691360861828e+25
2.930815246924112216e-02 1.376197266826643192e+25
2.933174928397938586e-02 1.417560910628353259e+25
2.939372610348011880e-02 1.525019241459413633e+25
2.941634889463890304e-02 1.563760750846858625e+25
2.944755128905993807e-02 1.616993301484461992e+25
2.948527601632824902e-02 1.680937206017819626e+25
2.952446730263010716e-02 1.746671822835931623e+25
2.956512023001891046e-02 1.814486504249321610e+25
2.958695010887875398e-02 1.850446988698887518e+25
2.959763674454440538e-02 1.868053384922093036e+25
2.961721607178756377e-02 1.900345691875339268e+25
2.962790270745322210e-02 1.917929881527932301e+25
2.964748203469637355e-02 1.950011239944003308e+25
2.965816867036203536e-02 1.967510345222078181e+25
2.970985464234507378e-02 2.051874509526847701e+25
2.973122058402159415e-02 2.086631688398698930e+25
2.976947419491149383e-02 2.148760120145009081e+25
2.978908137284027105e-02 2.180535869186047905e+25
2.985529476441212832e-02 2.287144163970264405e+25
2.988407695148445967e-02 2.333355383176037879e+25
2.990593562967788430e-02 2.368438915359509725e+25
2.991999407531852756e-02 2.390852634776053833e+25
2.999999505753821877e-02 2.518332054370654528e+25
3.003693331894734600e-02 2.577346936142810100e+25
3.003925440599973865e-02 2.580942073728365145e+25
3.004312107284850750e-02 2.586983648559393283e+25
3.004544215990090361e-02 2.590660626259481651e+25
3.004930882674968287e-02 2.596880307767241517e+25
3.005162991380207552e-02 2.600530939296530654e+25
3.005829289044901695e-02 2.611176842161689461e+25
3.007582791742182196e-02 2.638951287774458454e+25
3.011181264727544327e-02 2.696016207706597206e+25
3.015874856777743876e-02 2.770327699599811074e+25
3.019571347716315871e-02 2.828706215820425821e+25
3.021681462672469454e-02 2.862006231805958837e+25
3.025173607456176431e-02 2.916901526206034149e+25
3.027162336620890098e-02 2.948191293278867735e+25
3.032109846652435853e-02 3.025996319991912788e+25
3.034650869898377831e-02 3.065937244244859350e+25
3.035319074320813951e-02 3.076607800487785447e+25
3.035522124821634152e-02 3.079787918495309557e+25
3.038449816464035627e-02 3.125534845256184731e+25
3.038764549940183371e-02 3.130579463444300018e+25
3.039540521636460366e-02 3.142811872064186446e+25
3.044765176739943485e-02 3.224578678710786088e+25
3.045294106990127994e-02 3.233016058691076541e+25
3.045835410894605008e-02 3.241516815873006898e+25
3.047204162894049523e-02 3.262944132273544557e+25
3.051705463157506487e-02 3.333399836348391161e+25
3.052907008849858536e-02 3.352114474017301721e+25
3.054979014385264882e-02 3.384533645806915720e+25
3.055795287447755568e-02 3.397304987861563601e+25
3.059886365144302497e-02 3.461293117109376166e+25
3.060697059360467306e-02 3.474003438770374657e+25
3.061222479090832879e-02 3.482164499644971091e+25
3.061581773425905637e-02 3.487776768121335725e+25
3.070435944458411656e-02 3.625955298716722414e+25
3.072605268425553440e-02 3.659923632081263860e+25
3.074242365327964008e-02 3.685456178176286858e+25
3.076806678200067618e-02 3.725409336709602608e+25
3.077773684602023302e-02 3.740437859355544042e+25
3.079804048560379551e-02 3.772119391262092136e+25
3.087262251565095483e-02 3.888469044521593272e+25
3.091270839264056297e-02 3.950909010769287749e+25
3.092107182613644534e-02 3.963942812759513721e+25
3.092207217594751187e-02 3.965432414008838085e+25
3.093616956119999914e-02 3.987297107039324374e+25
3.096707759983750863e-02 4.035420746363111380e+25
3.098491051599781831e-02 4.063192672355905984e+25
3.098857925261115989e-02 4.068897896381540476e+25
3.100641216877147999e-02 4.096662443388694539e+25
3.101500311573375523e-02 4.110052091864231822e+25
3.102966265378947347e-02 4.132959879557993822e+25
3.106285501946410774e-02 4.184605403434391657e+25
3.108133565966300638e-02 4.213459164327047878e+25
3.109738750939504762e-02 4.238160729775933387e+25
3.112190571868065150e-02 4.276518897955714425e+25
3.113042095428242978e-02 4.289768287032497703e+25
3.114153006970654669e-02 4.307039743606665731e+25
3.118418300454446623e-02 4.373432397921755432e+25
3.120139094649014566e-02 4.400241461007880946e+25
3.122303102397994135e-02 4.433689897416874084e+25
3.125333350300278645e-02 4.480994698682138928e+25
3.127000913157795131e-02 4.506910544575524257e+25
3.129421144784274439e-02 4.544651202503543336e+25
3.132173937322334234e-02 4.587457237684278690e+25
3.132461117291353292e-02 4.591895438650661775e+25
3.132941186481397189e-02 4.599423001089170162e+25
3.135037213191005367e-02 4.632014431186147791e+25
3.135517282381048570e-02 4.639537291655178192e+25
3.137613309090658137e-02 4.672143836519060953e+25
3.138093378280701340e-02 4.679551250539794113e+25
3.143540351092154878e-02 4.764199984243132998e+25
3.145715067444656426e-02 4.798070071255214903e+25
3.146272129689565294e-02 4.806807366939263449e+25
3.152513977325332312e-02 4.904003295330807402e+25
3.155858528904002813e-02 4.956351273774598612e+25
3.160124598650214389e-02 5.022674739526819638e+25
3.164372719635824560e-02 5.089053735356189875e+25
3.167485196137839049e-02 5.137375316246550539e+25
3.173593872011822026e-02 5.232546123503356077e+25
3.174534129855770964e-02 5.247323393128125322e+25
3.175059076289555443e-02 5.255564597743736535e+25
3.177601768568315971e-02 5.295358684783936201e+25
3.178126715002100450e-02 5.303553645049582869e+25
3.180669407280860284e-02 5.343415047650086100e+25
3.181194353714644762e-02 5.351550684030330751e+25
3.187668200845960448e-02 5.452596673734614204e+25
3.187845811260468787e-02 5.455456201131784351e+25
3.189840595800090550e-02 5.486452353228387707e+25
3.194451779551551324e-02 5.558768568239368128e+25
3.195674759009923399e-02 5.577973695815874242e+25
3.202559853788268518e-02 5.685742179911997540e+25
3.204730524655990259e-02 5.719946196922546414e+25
3.208308051099562769e-02 5.776262717471090094e+25
3.214932985027787321e-02 5.880760772628323394e+25
3.217370414706590548e-02 5.919306980471766087e+25
3.217805176397380701e-02 5.926186047136240261e+25
3.219376060350586516e-02 5.951009797876235869e+25
3.219810822041378057e-02 5.957917997040794885e+25
3.221381705994583178e-02 5.982885419569028682e+25
3.221816467685374719e-02 5.989698084624748196e+25
3.226431963947461873e-02 6.063188441295200237e+25
3.231390441366950583e-02 6.142422965382604622e+25
3.231902554607320177e-02 6.150471159012922134e+25
3.233397727736303517e-02 6.174677757146466096e+25
3.235828719511046198e-02 6.213742848951352461e+25
3.236710782543218007e-02 6.228048818877791056e+25
3.241419942832078627e-02 6.304353164610343561e+25
3.244174100885444806e-02 6.349967248058098057e+25
3.245872239622515920e-02 6.378136885385664642e+25
3.250398501658258166e-02 6.454587202442170214e+25
3.251079655129394952e-02 6.466372556910771302e+25
3.252846747934290406e-02 6.497126897190370456e+25
3.256898928626893869e-02 6.569616023822076583e+25
3.257019303343046401e-02 6.571579100922752732e+25
3.259798269327520565e-02 6.624326545475920281e+25
3.260234066821984800e-02 6.632792160354198101e+25
3.262751582471651313e-02 6.682643964987302253e+25
3.264863393295576455e-02 6.727029831449189875e+25
3.266522735385851695e-02 6.763950676686888165e+25
3.267435241859499573e-02 6.784761496981802854e+25
3.270570469365265132e-02 6.862131432584117661e+25
3.272535532371349115e-02 6.915188792740266883e+25
3.274136116210257796e-02 6.962215059049811682e+25
3.276989355097496837e-02 7.055485160097629145e+25
3.283176500681680987e-02 7.314462224769324283e+25
3.285887361883060853e-02 7.461661228830609471e+25
3.289888422604129309e-02 7.726325631451250713e+25
3.290058620744327339e-02 7.739168446150683010e+25
3.290674655831699741e-02 7.786071021567022132e+25
3.300807643339397079e-02 8.750021894028278877e+25
3.302631570325333804e-02 8.942660296469507369e+25
3.305179608862363755e-02 9.212728341566215312e+25
3.307219994872691998e-02 9.426149311518637380e+25
3.307941556074741468e-02 9.500135426822291488e+25
3.310145190317462238e-02 9.722985502126212304e+25
3.312702032015409082e-02 9.972784725824808860e+25
3.313654178840429870e-02 1.006316210013149142e+26
3.316663527204653794e-02 1.033944583832913603e+26
3.318195587309385325e-02 1.047437331883383840e+26
3.321652883240822779e-02 1.076619509420161851e+26
3.323518794862873049e-02 1.091603989181755533e+26
3.324913655933749851e-02 1.102609519998488697e+26
3.326245984301307718e-02 1.113005580691460677e+26
3.329641259536701703e-02 1.138353127698927425e+26
3.332041481244842063e-02 1.155931571291965776e+26
3.333132272431536119e-02 1.163635112568023534e+26
3.333494993023784075e-02 1.166182010678420544e+26
3.334005463118407120e-02 1.169693578675035716e+26
3.334148070463280322e-02 1.170665406872328591e+26
3.334558321517862994e-02 1.173531667874108666e+26
3.334684302844348469e-02 1.174437005887964286e+26
3.342057090814402193e-02 1.223162506805363526e+26
3.342612910533865334e-02 1.226688761351544413e+26
3.342780361615926149e-02 1.227703804840524229e+26
3.343208519215008778e-02 1.230451386582686921e+26
3.343916218400584672e-02 1.234830524997245585e+26
3.346452955048442174e-02 1.250378045916948359e+26
3.346873134841544389e-02 1.252867044739640436e+26
3.347243355503209949e-02 1.255120022010587399e+26
3.350937829580073052e-02 1.276301671729578050e+26
3.357840253987121049e-02 1.312524250355787814e+26
3.359245280259384042e-02 1.319721725687250389e+26
3.361164555131495452e-02 1.328910008884895386e+26
3.365581732751283389e-02 1.348567633403980171e+26
3.369227552925802699e-02 1.363626776712334147e+26
3.370606217605161270e-02 1.369006239243717582e+26
3.371920839740378401e-02 1.373975681776865560e+26
3.372859060588527524e-02 1.377463941577753765e+26
3.373664273192159002e-02 1.380380195177921465e+26
3.376132224800544590e-02 1.388842810324911343e+26
3.380482872957524948e-02 1.403111025417298678e+26
3.381320681450367821e-02 1.405724071353032183e+26
3.382037142501091720e-02 1.407804042488923475e+26
3.383303423762942796e-02 1.411635791206367579e+26
3.384785409528000277e-02 1.415818569672135284e+26
3.385730897888150626e-02 1.418334709054427385e+26
3.389222989962843019e-02 1.427383516396555714e+26
3.390625742185069541e-02 1.430879333089759072e+26
3.391397302942449760e-02 1.432747245688961011e+26
3.392791362845636038e-02 1.435953382137638021e+26
3.393574121226702878e-02 1.437721662511837972e+26
3.396698735591872909e-02 1.444427961403835082e+26
3.399414937489837057e-02 1.449891247890956294e+26
3.400405684631157416e-02 1.451531995039326473e+26
3.400441888770378007e-02 1.451690721066428730e+26
3.401459106702259955e-02 1.453675510220948596e+26
3.401812111675845546e-02 1.454326924867483845e+26
3.403956550305631268e-02 1.458150554154847385e+26
3.404302355423118737e-02 1.458739232335434127e+26
3.410208634183239246e-02 1.468293066553871594e+26
3.410728916669845262e-02 1.469015633286618776e+26
3.411476176166102631e-02 1.470102393349602413e+26
3.414909058064281161e-02 1.474516592446426147e+26
3.422010683121384095e-02 1.482285024365823708e+26
3.422767919905977257e-02 1.483001801957173490e+26
3.423511643981846236e-02 1.483604209528449166e+26
3.425515760705444279e-02 1.485574966097224617e+26
3.434359726839045918e-02 1.491528067318275697e+26
3.434806923142109253e-02 1.491749033549954389e+26
3.435145455726684727e-02 1.491923026519937431e+26
3.435478250377109466e-02 1.491988861573973477e+26
3.435825876585649891e-02 1.492177071202534849e+26
3.436152257373104729e-02 1.492405221058941077e+26
3.445260932974236051e-02 1.495465203675227759e+26
3.445291752018767722e-02 1.495425306485294076e+26
3.445610477785766151e-02 1.495364415599519280e+26
3.447183009288974642e-02 1.495600415832155182e+26
3.447913407875426856e-02 1.495576731143468250e+26
3.455251237985172003e-02 1.495135129206398437e+26
3.455937132695208192e-02 1.495002281002748652e+26
3.457946150063960500e-02 1.494772672085739967e+26
3.461173358515672732e-02 1.493677953218654604e+26
3.465195908395638652e-02 1.491741190898981373e+26
3.465922629904673313e-02 1.491464848454443658e+26
3.467009393117241600e-02 1.490786343683397235e+26
3.467736114626276261e-02 1.490370952938530080e+26
3.472239421379759439e-02 1.487334392974890906e+26
3.474905153692198212e-02 1.485338610259157658e+26
3.476892072422789470e-02 1.483554338157597733e+26
3.478310798840123647e-02 1.482155737736238343e+26
3.484343875057183126e-02 1.475397846394208333e+26
3.485548456980078896e-02 1.473836386045817986e+26
3.488274662684021782e-02 1.470251740193348005e+26
3.488885483053971726e-02 1.469480029976821557e+26
3.496127354605838011e-02 1.458311048712086990e+26
3.496191760267960275e-02 1.458108822007060152e+26
3.496217443091836213e-02 1.458013670451259899e+26
3.497908862764723126e-02 1.455010324042191557e+26
3.497934545588598371e-02 1.455076949421614641e+26
3.499625965261484589e-02 1.451888967342621047e+26
3.507832400986458238e-02 1.434916849619159674e+26
3.507840135635213741e-02 1.434887149741457665e+26
3.509004580220866087e-02 1.432106977433556382e+26
3.509989942827415610e-02 1.429770065331796459e+26
3.510082203194277856e-02 1.429476189369841213e+26
3.519690178954822113e-02 1.402784101627872754e+26
3.519755578259665257e-02 1.402554392680241147e+26
3.520335364402053802e-02 1.400839943625939073e+26
3.524148731046516936e-02 1.388429772066696651e+26
3.524486276151543585e-02 1.387227236431515940e+26
3.524694849343778386e-02 1.386506664259986612e+26
3.524847975084764024e-02 1.385990689540982723e+26
3.524889672312182809e-02 1.385859735253569562e+26
3.525259433403342413e-02 1.384537407224903980e+26
3.530761105876795147e-02 1.364051473207935991e+26
3.530954243081386307e-02 1.363287466870965820e+26
3.531199422265084154e-02 1.362418540905950830e+26
3.531543066144868931e-02 1.361023550476350126e+26
3.531620151249758449e-02 1.360730164626238447e+26
3.533700915449738272e-02 1.352065463123062446e+26
3.537361292688442210e-02 1.336103759079515710e+26
3.538271855001932226e-02 1.331957936747842071e+26
3.539100301467274640e-02 1.328097506139283980e+26
3.539281512705353544e-02 1.327183341612289757e+26
3.541144052180535823e-02 1.318383232590741267e+26
3.541924615702488066e-02 1.314569865689386469e+26
3.541988673404407317e-02 1.314234253626431192e+26
3.542400173345803399e-02 1.312176509500283400e+26
3.544318139072264590e-02 1.302364333039102748e+26
3.552322854719924816e-02 1.258304847138848801e+26
3.553240253984348701e-02 1.252793654350767386e+26
3.554173690287389109e-02 1.247209852446352590e+26
3.559714096477577944e-02 1.212471370418231740e+26
3.562721093737360872e-02 1.192617767920204656e+26
3.563325673561643092e-02 1.188553854836641636e+26
3.563920873860766669e-02 1.184496622770498782e+26
3.564630416821421705e-02 1.179663924884102593e+26
3.565604856542949064e-02 1.172957447773134522e+26
3.570108097306158579e-02 1.140805603658671953e+26
3.571314495750355783e-02 1.131803814326033279e+26
3.573146071143568775e-02 1.118183899739933409e+26
3.573850356849808674e-02 1.112900299392263304e+26
3.579053243416613350e-02 1.071245736626243083e+26
3.579541712750015231e-02 1.067230450930630901e+26
3.581835350544562008e-02 1.047609239878108721e+26
3.582095857156668284e-02 1.045281545969476979e+26
3.586936119752279217e-02 1.001067790527768011e+26
3.587736426362910652e-02 9.933961652901295215e+25
3.587763113011868676e-02 9.930965166680873238e+25
3.589558983002844039e-02 9.754150346498541142e+25
3.589586450336156032e-02 9.752068515318057077e+25
3.589644588357852190e-02 9.745321496841660353e+25
3.594435329803934848e-02 9.254542598048429844e+25
3.595037575386387380e-02 9.191129892700072592e+25
3.595693045726694459e-02 9.121477801083027955e+25
3.597529352194004520e-02 8.926424822800549985e+25
3.598033739645427331e-02 8.872630233734451189e+25
3.599529086020732127e-02 8.716111377315139263e+25
3.603670477559674235e-02 8.286785541158837127e+25
3.604047141358501100e-02 8.249746926065798989e+25
3.605729070285125515e-02 8.090348779768177875e+25
3.608833995360908459e-02 7.824931789095001360e+25
3.609434292937609146e-02 7.778079920025903846e+25
3.610219452139232232e-02 7.719118348749117829e+25
3.610551300321502427e-02 7.694714352112922619e+25
3.611297478284244966e-02 7.642058302888061746e+25
3.613238879857201546e-02 7.514766727101494406e+25
3.614185395500808806e-02 7.457627680654797470e+25
3.614437999471101920e-02 7.442709683926675326e+25
3.621657747302119146e-02 7.105186885936713612e+25
3.622102990587300342e-02 7.088376978048086977e+25
3.622805673736551046e-02 7.062899579698401094e+25
3.623465323786938252e-02 7.040109260296545977e+25
3.623745534633487225e-02 7.030471738263313792e+25
3.624639379679188422e-02 7.001155252092477421e+25
3.627763131484945669e-02 6.907414789840229298e+25
3.631270510055140122e-02 6.815967162733455496e+25
3.632596062368449036e-02 6.784357345935237484e+25
3.633557108952972792e-02 6.762300441547225894e+25
3.634711095299374140e-02 6.736527831995189080e+25
3.641043488824398378e-02 6.608270629167032520e+25
3.641200038136644529e-02 6.605221520485066287e+25
3.641334729676946880e-02 6.602494551032700357e+25
3.641463293187056222e-02 6.600154626504357262e+25
3.641667646703165839e-02 6.596137518490347547e+25
3.647851859029139360e-02 6.484558752763971771e+25
3.648775760141739072e-02 6.468595749611354626e+25
3.650696774869337941e-02 6.435734161624555115e+25
3.653839991202662701e-02 6.382966848450402791e+25
3.656243476731287773e-02 6.343146255722709625e+25
3.663037229613988477e-02 6.232281737989670255e+25
3.663344542302413021e-02 6.227358885754083307e+25
3.666627784828342673e-02 6.174711464044024078e+25
3.668860516554361267e-02 6.138891316568525789e+25
3.668965521248594708e-02 6.137080517155976929e+25
3.670304932429228895e-02 6.115864094411844296e+25
3.672136790393359246e-02 6.086523054400452045e+25
3.675208407734310845e-02 6.037815190477876325e+25
3.678868069944516567e-02 5.979918796939405074e+25
3.679228517687277433e-02 5.974194203945955915e+25
3.680734894727165363e-02 5.950169798409248399e+25
3.681095342469926923e-02 5.944576510465785052e+25
3.682601719509817628e-02 5.920845951129080785e+25
3.690260009490573673e-02 5.799857998319574296e+25
3.691487728788771933e-02 5.780490905051580161e+25
3.695360662848085759e-02 5.719560974634337062e+25
3.696195842782455665e-02 5.706654763910374835e+25
3.703599688050392830e-02 5.590188616545574904e+25
3.704594464430753520e-02 5.574601588711150567e+25
3.708965518502009562e-02 5.506164428147375381e+25
3.709789966055092314e-02 5.493256655067182499e+25
3.716891875792095040e-02 5.381990200114361515e+25
3.717701200072733719e-02 5.369294810914696458e+25
3.718049840190786048e-02 5.363864803293910551e+25
3.720124621199312476e-02 5.331637540098287407e+25
3.720473261317364805e-02 5.325792533651497979e+25
3.722548042325888457e-02 5.293439648966621550e+25
3.724914664579936224e-02 5.256297099008375656e+25
3.725616178558817382e-02 5.245336232780240804e+25
3.727085925205236155e-02 5.222552700046415300e+25
3.730979835495926850e-02 5.162093064407959066e+25
3.739430524649284271e-02 5.030130502113687996e+25
3.740071156414986192e-02 5.020215943031616609e+25
3.740910384266422223e-02 5.006918385534267211e+25
3.743581299286426883e-02 4.965469286538471829e+25
3.747157222122792647e-02 4.909535342033800713e+25
3.747396076799516806e-02 4.905792871413052086e+25
3.755501759549363661e-02 4.779991527372541396e+25
3.758051441789134889e-02 4.740168298928355034e+25
3.761540356517135975e-02 4.685523193693865666e+25
3.761627680888388059e-02 4.684248186410323905e+25
3.762992073061161014e-02 4.662896504770060669e+25
3.764293797519293466e-02 4.642662038121168166e+25
3.764403627319133638e-02 4.641077258498599496e+25
3.766881493366028982e-02 4.602805288370383507e+25
3.766930192841992653e-02 4.602178460814038458e+25
3.769608035651460243e-02 4.560359886898992815e+25
3.769817107697161912e-02 4.557075266154003993e+25
3.770170809523270411e-02 4.551662390906409177e+25
3.770268133919264797e-02 4.550052815835281844e+25
3.774219051470576597e-02 4.488880517902657519e+25
3.776547777516362642e-02 4.452376357553951880e+25
3.782315472025830905e-02 4.362757833130059924e+25
3.782765846440198226e-02 4.355766352859165841e+25
3.785294376376658471e-02 4.316504247300050491e+25
3.787925564922160065e-02 4.275700462138820471e+25
3.789122960277273300e-02 4.256860964539680891e+25
3.792829614754449769e-02 4.199143136505559690e+25
3.794540164038200797e-02 4.172462846223749282e+25
3.798871617362898495e-02 4.105009335231133083e+25
3.799153334141783245e-02 4.100522574835394092e+25
3.800468190620457515e-02 4.080329988277599460e+25
3.807186919660518476e-02 3.975311797824371210e+25
3.807665639308287220e-02 3.967975756523310227e+25
3.809784120471389202e-02 3.935102813906019163e+25
3.809995438033461634e-02 3.931728749182353037e+25
3.812113919196564310e-02 3.898745244750870244e+25
3.812325236758635355e-02 3.895516777260186025e+25
3.813567330102622666e-02 3.876154732462675643e+25
3.820473576142847938e-02 3.768472386219585621e+25
3.824496831802966929e-02 3.705714751952534316e+25
3.826829771906362782e-02 3.669151088991696162e+25
3.834065475246106053e-02 3.556512329662593866e+25
3.834093690983767649e-02 3.555888616163786182e+25
3.834101729944650733e-02 3.555791658716510213e+25
3.840767813485685550e-02 3.451814515778848850e+25
3.841976572204407886e-02 3.432952242086254048e+25
3.846263197274833734e-02 3.365863568295663890e+25
3.847551601944646654e-02 3.345576686498007968e+25
3.849678289752339611e-02 3.312200341830771784e+25
3.850966694422153919e-02 3.292204814471611710e+25
3.853093382229848263e-02 3.258908182332354407e+25
3.853855972980732569e-02 3.247028113725641054e+25
3.853970473592025631e-02 3.245202385306602965e+25
3.857481583044732737e-02 3.190276170047071530e+25
3.858150033668458767e-02 3.179780478984655461e+25
3.858565894871146540e-02 3.173138493050153244e+25
3.865637006588391877e-02 3.062273420944086877e+25
3.873212053157187168e-02 2.942995184556916466e+25
3.873954872607747457e-02 2.931375009683149010e+25
3.879019004321916653e-02 2.851576728393308534e+25
3.882427952365822416e-02 2.797733934474224041e+25
3.888274072645916263e-02 2.705199186533847745e+25
3.890143365665563180e-02 2.675616727303491506e+25
3.898057909644900287e-02 2.550187669803411721e+25
3.899195352306446954e-02 2.531890175966084113e+25
3.899247661918241875e-02 2.531070889063160028e+25
3.899296551248540577e-02 2.530208836195148880e+25
3.899405010790239767e-02 2.528355673500469240e+25
3.899781027571368880e-02 2.522507016339706081e+25
3.901024608714602493e-02 2.502847630948298108e+25
3.901532269329640451e-02 2.494802565542072451e+25
3.902178068754500601e-02 2.484587041163029788e+25
3.902685729369538559e-02 2.476538756333561396e+25
3.907623253508809430e-02 2.397198660948025648e+25
3.914963011060277470e-02 2.279789043468386952e+25
3.915919290216885590e-02 2.264385044796929891e+25
3.918974509223949187e-02 2.215221540420104039e+25
3.921578600588804253e-02 2.173215776532510399e+25
3.930289915359740094e-02 2.031549009055153034e+25
3.930811892980926037e-02 2.023133964440614655e+25
3.935263289078357735e-02 1.950301474906087419e+25
3.936241632300525178e-02 1.934242901707039746e+25
3.945616819659202718e-02 1.779212943766133020e+25
3.947695018604027023e-02 1.744698515537766775e+25
3.947729147437778474e-02 1.744060297988620167e+25
3.949807346382605555e-02 1.709137648687938812e+25
3.949841475216355619e-02 1.708607287191233188e+25
3.950202611813379699e-02 1.702575343708335212e+25
3.951804358632342307e-02 1.675693740140686748e+25
3.955161399217255180e-02 1.618831152358247257e+25
3.958964501900866240e-02 1.553684528421056991e+25
3.959369404506462436e-02 1.546770829055632003e+25
3.964201576392940851e-02 1.463380162261103691e+25
3.965528065966677368e-02 1.439956590512544427e+25
3.969990771039826061e-02 1.361940060295649135e+25
3.971569600692829299e-02 1.333853565691563262e+25
3.976471578304604376e-02 1.246217377525557518e+25
3.978464067081011191e-02 1.210174489394766889e+25
3.981017040178785188e-02 1.163621949609881881e+25
3.982325052739706106e-02 1.139796684075768391e+25
3.984392365712480927e-02 1.101932942791746770e+25
3.985311967734314620e-02 1.085140782001065038e+25
3.987251451637619654e-02 1.049487088597802253e+25
3.990081146547289070e-02 9.979056213262812305e+24
3.990963575965032761e-02 9.816829980501737581e+24
3.993123668191442266e-02 9.425281627898123571e+24
3.994932445209043587e-02 9.100121809402483716e+24
3.995450550987919569e-02 9.006929325740839938e+24
3.995795540469765372e-02 8.946156901108112333e+24
3.997808817497786049e-02 8.590913632291684610e+24
4.002842026576249046e-02 7.738718655706292296e+24
4.003024995816494708e-02 7.709921485688450593e+24
4.004761536205218159e-02 7.427113505600952183e+24
4.005309812071349701e-02 7.339357256378819709e+24
4.005719011967514426e-02 7.275995337923615271e+24
4.005835929189277556e-02 7.257728477737811228e+24
4.007965556315355032e-02 6.932213490378920560e+24
4.010241213201232863e-02 6.599137582089190932e+24
4.015362408052534915e-02 5.918122018899593477e+24
4.016102207501802412e-02 5.828088939227192479e+24
4.016595165796954525e-02 5.768060761249841158e+24
4.018224069813227523e-02 5.578830421665993820e+24
4.018448157763132578e-02 5.553035199274939016e+24
4.020073496804444507e-02 5.373573832073195033e+24
4.020505891751356697e-02 5.327595888626873540e+24
4.023262751149658117e-02 5.049381644101891039e+24
4.028022537687161314e-02 4.624144510328051922e+24
4.032053566042041737e-02 4.311428286811878585e+24
4.036160666958719945e-02 4.039761531113341261e+24
4.040679510097545252e-02 3.783056996296699016e+24
4.042191235629588597e-02 3.704858753786783046e+24
4.047802312197038010e-02 3.447075698585274994e+24
4.051815442166082498e-02 3.291140672346952716e+24
4.054620833483466719e-02 3.194110897462939480e+24
4.054932930094112126e-02 3.182210724199557163e+24
4.058886811071333450e-02 3.057954997224394990e+24
4.062048678645216460e-02 2.968521516442913778e+24
4.065013861344757978e-02 2.891959290807226464e+24
4.070468886447622253e-02 2.767384381136855026e+24
4.072618544875679369e-02 2.722548786937080851e+24
4.076362064102335286e-02 2.650689075810626515e+24
4.117850535580021287e-02 2.134557472397443182e+24
4.129525924180538210e-02 2.043626205962123470e+24
4.145938352029911872e-02 1.941538238761635747e+24
4.156021615065540881e-02 1.888859151405789959e+24
4.175577689167997431e-02 1.800611237080137036e+24
4.178179469328330981e-02 1.790057706474106350e+24
4.187093245468304081e-02 1.754853108606607353e+24
4.196833352710942211e-02 1.719049265087450098e+24
4.233304842755970798e-02 1.610248535857133773e+24
4.244825436393129259e-02 1.581449749920046398e+24
4.250431439315308091e-02 1.566900493010421124e+24
4.268180590633781357e-02 1.531170871957747665e+24
4.270407021782147983e-02 1.525339907148571445e+24
4.271951629065481176e-02 1.522937801185126221e+24
4.290788485029352339e-02 1.487228659818138331e+24
4.299077821737834482e-02 1.474136206696336704e+24
4.302437774794171804e-02 1.467304874934891113e+24
4.307280885546271865e-02 1.460968738003242988e+24
4.314782781032958786e-02 1.450959877945077994e+24
4.326204014410186399e-02 1.434605374604811430e+24
4.342227664086726474e-02 1.416273921315453725e+24
4.359885821432347291e-02 1.397306459389160468e+24
4.366598530755920471e-02 1.391333421694554481e+24
4.392519594910790359e-02 1.370763093763703848e+24
4.398996987798538261e-02 1.364382428240472005e+24
4.425153368389234815e-02 1.348889590553079343e+24
4.439254203181528663e-02 1.342332863676758104e+24
4.444587145686427349e-02 1.340906087093193729e+24
4.448088028026275093e-02 1.338686986741956091e+24
4.453661010355500910e-02 1.334976586322932931e+24
4.457866932921104169e-02 1.333833118718704140e+24
4.464020922983621270e-02 1.332183904892013202e+24
4.471959686116237787e-02 1.329852210264808888e+24
4.483454700280814498e-02 1.325126427542982710e+24
4.496993433091546477e-02 1.322021887291324189e+24
4.501243673446990445e-02 1.320823147702792051e+24
4.506895531685029682e-02 1.319823781811292236e+24
4.507019419804583066e-02 1.319842943232405504e+24
4.518296542162214546e-02 1.318007888031872415e+24
4.518348918957957455e-02 1.318012271058953752e+24
4.525109274968902584e-02 1.316793741704346890e+24
4.529670380377936317e-02 1.315314922535178637e+24
4.530411448523953555e-02 1.315184350844519837e+24
4.535480114787665551e-02 1.313916492956193369e+24
4.535581403350641416e-02 1.313899569822283770e+24
4.539883343006904243e-02 1.313047040444553593e+24
4.541763266973994351e-02 1.312921068870416470e+24
4.541812893603320439e-02 1.313004570847061467e+24
4.547828597716744442e-02 1.310229853443132502e+24
4.548005826888360664e-02 1.310098038200245594e+24
4.549434648087605920e-02 1.309323242782697678e+24
4.551107844408752712e-02 1.308561979790759872e+24
4.553973099320714202e-02 1.306798789414517264e+24
4.556452963607411644e-02 1.305114510151855085e+24
4.561759771323385670e-02 1.301225080181982595e+24
4.565205263923256124e-02 1.297612322226264961e+24
4.567964061659258307e-02 1.294411351651333024e+24
4.569452206526250504e-02 1.292575600249615273e+24
4.570761821707851336e-02 1.291159546658530838e+24
4.573483999092924773e-02 1.286672433673903152e+24
4.575582171889634037e-02 1.283173708691018640e+24
4.577544526435621541e-02 1.279615173032091513e+24
4.580047064155999548e-02 1.275095903640587709e+24
4.581389175709935091e-02 1.271967880095360061e+24
4.583649918683146279e-02 1.266364960523233622e+24
4.584775676569632918e-02 1.263526908089443115e+24
4.587533693121056966e-02 1.256748186336131902e+24
4.590785431092300056e-02 1.247898242288763842e+24
4.593721900750386000e-02 1.239392647804745956e+24
4.594558648823144492e-02 1.236718309980556157e+24
4.599906894255571810e-02 1.218630339415882351e+24
4.600168567226188554e-02 1.218163259015480694e+24
4.604468783460752973e-02 1.210280955855866352e+24
4.605265111382417231e-02 1.208741592357552496e+24
4.608043978813974179e-02 1.203771360410138587e+24
4.609551703360078440e-02 1.200805620881316616e+24
4.613000390858008892e-02 1.194013623757668379e+24
4.615339587673790434e-02 1.189745946134008807e+24
4.615932832970772587e-02 1.188564966276830039e+24
4.617002247475686383e-02 1.186517824243681326e+24
4.617616030507337016e-02 1.184716604102943856e+24
4.617969121775202662e-02 1.184018546960885915e+24
4.619066237533344527e-02 1.181103499942785045e+24
4.622822240087005180e-02 1.174005321122494554e+24
4.624261671302341142e-02 1.171340191971890990e+24
4.624645640497912491e-02 1.170621729171672962e+24
4.624812187069417269e-02 1.170283987366325208e+24
4.625001403953733770e-02 1.169928840877632301e+24
4.628601144927690925e-02 1.164104874446009976e+24
4.628639477170115590e-02 1.164047152843171996e+24
4.628679363834439786e-02 1.163958366577913806e+24
4.628725755685678123e-02 1.163865645439792406e+24
4.629708740723586374e-02 1.161860938930366305e+24
4.635642397463233394e-02 1.149194536317812992e+24
4.636883862192179434e-02 1.146680423154250565e+24
4.640222780348757237e-02 1.139969705443602576e+24
4.640901514702253094e-02 1.138611071095326095e+24
4.642535003940710669e-02 1.135336873816520602e+24
4.642694293016714352e-02 1.134992287221045210e+24
4.651770788567549664e-02 1.116501859578236845e+24
4.652874973648608165e-02 1.114146337137935885e+24
4.655382151143495212e-02 1.109111665596268445e+24
4.655411055728795461e-02 1.109080551770525427e+24
4.660627377715448327e-02 1.098481904698985357e+24
4.661920711318656707e-02 1.095732029163138649e+24
4.662391154712163671e-02 1.094795159365924459e+24
4.666977781842274881e-02 1.084244346141026239e+24
4.668779633466606932e-02 1.081131876040361804e+24
4.670345378445025369e-02 1.077802680114683182e+24
4.670872254175681415e-02 1.076668231820785824e+24
4.674723901667928588e-02 1.068838000727178013e+24
4.674889656212766892e-02 1.068398753002264440e+24
4.676693172715863656e-02 1.064663820652749385e+24
4.676845978891127492e-02 1.064338555902893035e+24
4.678189970660695529e-02 1.061117690325762048e+24
4.680940512131596259e-02 1.055102778788304296e+24
4.685523462545814616e-02 1.044946994101196698e+24
4.691500934812325996e-02 1.032604447899225298e+24
4.691750846919081480e-02 1.031980390200405731e+24
4.693014335092850209e-02 1.029290577061702107e+24
4.698173273741796524e-02 1.016431185029912840e+24
4.698862485327533201e-02 1.014802914329159285e+24
4.701652059713398030e-02 1.008945449357366406e+24
4.701961234498983067e-02 1.008289428278393711e+24
4.704750808884845120e-02 1.001929683924977191e+24
4.710187527726885509e-02 9.896815902228247384e+23
4.710855131079379893e-02 9.881734001365518039e+23
4.714386233089388339e-02 9.800790337639708990e+23
4.715874156641459980e-02 9.765959932150395269e+23
4.720885183957985315e-02 9.649692171407825809e+23
4.723969569594906742e-02 9.582377132712841068e+23
4.724564490752729273e-02 9.568525078278233475e+23
4.726626782259458343e-02 9.521142718668888898e+23
4.726965792770410763e-02 9.513181976322628177e+23
4.727049221467467810e-02 9.511075371956411365e+23
4.734470038264309427e-02 9.330156451306689423e+23
4.734819551921523595e-02 9.321601913665243704e+23
4.737415414776884048e-02 9.261480661935536451e+23
4.738002333013673767e-02 9.246703018024244682e+23
4.738069441929509962e-02 9.244380729354941010e+23
4.738243634203193749e-02 9.240262007874747923e+23
4.738824186677689787e-02 9.226247607081421735e+23
4.738998357313110865e-02 9.222523322524088507e+23
4.739075785313461714e-02 9.220605025415510014e+23
4.739644793800813771e-02 9.207599291301085714e+23
4.740054808118990964e-02 9.198522228654891053e+23
4.740262295097573408e-02 9.193628933384202669e+23
4.742244768189358278e-02 9.148814944092333854e+23
4.751612402351983871e-02 8.915781587407974160e+23
4.760049218467445054e-02 8.716148528798417530e+23
4.760098455926575073e-02 8.714856329060451468e+23
4.762250064625782320e-02 8.650175499742002199e+23
4.765224932225497340e-02 8.581481114973234549e+23
4.767844631050212334e-02 8.516502175899651964e+23
4.776838842481774539e-02 8.295925332520688681e+23
4.778837462099012195e-02 8.245210250398581538e+23
4.779367062202206223e-02 8.232007725635767317e+23
4.782179459301944685e-02 8.161909727787910536e+23
4.783449334931417357e-02 8.126675793460614534e+23
4.787536955032457853e-02 8.026711905194805276e+23
4.791145922999815593e-02 7.929975941111460355e+23
4.791472265010562198e-02 7.921340222809477963e+23
4.791673949993545401e-02 7.916196787066851127e+23
4.794951105009114672e-02 7.833225157144230735e+23
4.794996786983782289e-02 7.832039733043863770e+23
4.795373588003574994e-02 7.822664850234738968e+23
4.797633927635619466e-02 7.763918489399294291e+23
4.798798909326066481e-02 7.730622859815828933e+23
4.800347682352656964e-02 7.694323032039304441e+23
4.801300475165085763e-02 7.669873162559700127e+23
4.803408967438958788e-02 7.615301635115025359e+23
4.804950867925258245e-02 7.575439106755677903e+23
4.809294903300177088e-02 7.462477613327411524e+23
4.810641705917972910e-02 7.420019216257842298e+23
4.812696882221439987e-02 7.366919680060593013e+23
4.816725167901651089e-02 7.262813914946741721e+23
4.818194610931984811e-02 7.225281188881715712e+23
4.820377436317955372e-02 7.168487267721359718e+23
4.822582964491344687e-02 7.113995167086534417e+23
4.823270606184618808e-02 7.095720077964274964e+23
4.823893235598800816e-02 7.079371557722841583e+23
4.824408182659216393e-02 7.065955032435132927e+23
4.825362416014638417e-02 7.040603607360574933e+23
4.828148406193169540e-02 6.967657284156496659e+23
4.833207474949537119e-02 6.826235500898891512e+23
4.833400882539419519e-02 6.821240803357456345e+23
4.833483452062105334e-02 6.819323804569293847e+23
4.836355595829047727e-02 6.742382617614891352e+23
4.836438165351736318e-02 6.740185204304665620e+23
4.839310309118678710e-02 6.662445102543399939e+23
4.839573899959546954e-02 6.655425596806986161e+23
4.846605627292344814e-02 6.471648326333852769e+23
4.846868144299558423e-02 6.464624868379277341e+23
4.846872492110190778e-02 6.464628892125021717e+23
4.852903368034416909e-02 6.298751879188888095e+23
4.853073451076046763e-02 6.294209691343031821e+23
4.861667725399347606e-02 6.057629625076519524e+23
4.862101380014817453e-02 6.045844316379728346e+23
4.866240341680196785e-02 5.929334378602480544e+23
4.866770616278877359e-02 5.913734556091222464e+23
4.875874851360362250e-02 5.666278489267120542e+23
4.877330267919444823e-02 5.628493742490489151e+23
4.877681458819625032e-02 5.619082717123609698e+23
4.878658169288054708e-02 5.591249237595089388e+23
4.879009360188237693e-02 5.581316956847760998e+23
4.879986070656663899e-02 5.553776781875614088e+23
4.880337261556844802e-02 5.543917671656020152e+23
4.889695869857322436e-02 5.278701909274911320e+23
4.889721398626852011e-02 5.277951864475846632e+23
4.889723561941289320e-02 5.277823111334465131e+23
4.893922717234146236e-02 5.155218188559871723e+23
4.894617842224591175e-02 5.134961178116585727e+23
4.902267702075458616e-02 4.911481808708447125e+23
4.903333042341759263e-02 4.883649214123550232e+23
4.907910973232704199e-02 4.755611625258407208e+23
4.909784920355073773e-02 4.700703550724513611e+23
4.914814005524065915e-02 4.552463526740544255e+23
4.916843644390787166e-02 4.492851756971337806e+23
4.917750308707655865e-02 4.466031688626553624e+23
4.919779947574375034e-02 4.405915050796448932e+23
4.924000402789981135e-02 4.270415094845951443e+23
4.925351441406787545e-02 4.233056857766528350e+23
4.926011626893651157e-02 4.213489923744388350e+23
4.926026626469737907e-02 4.213016209173066589e+23
4.927056600542539799e-02 4.175892358136284389e+23
4.927256919709139399e-02 4.169995373574306073e+23
4.927260240459802737e-02 4.169959974568523370e+23
4.928764711153826167e-02 4.128054390097860939e+23
4.937006557345034741e-02 3.884592801054323219e+23
4.937816273145882728e-02 3.859843802208096768e+23
4.937870757223857682e-02 3.858218364719460631e+23
4.946716670823204237e-02 3.588411021041229869e+23
4.947745430427361729e-02 3.556408873501053724e+23
4.948349662978514946e-02 3.537573461186399888e+23
4.948647649179582775e-02 3.528270748733866760e+23
4.948842328857317591e-02 3.522068652054470564e+23
4.952861922146280238e-02 3.395375742438911320e+23
4.954894391402449305e-02 3.330596729693739302e+23
4.954904209493041917e-02 3.330232735519929585e+23
4.956649008660456157e-02 3.278795242705091696e+23
4.956881237288641995e-02 3.271320355709999791e+23
4.959306054799541424e-02 3.189927732300172147e+23
4.960886007780794527e-02 3.138138535944135482e+23
4.963860158382340376e-02 3.039510936981745162e+23
4.966478464426803824e-02 2.953397910075153014e+23
4.967927025326018819e-02 2.905874100042040439e+23
4.968857356113791368e-02 2.874244808491925923e+23
4.972536702105398443e-02 2.753253807077347023e+23
4.974417625504238410e-02 2.688646768933990134e+23
4.976439081407482007e-02 2.619138892393766789e+23
4.977358810664242461e-02 2.587240605257772365e+23
4.979006377425482938e-02 2.529619286471824586e+23
4.981795736370819155e-02 2.432545946311771921e+23
4.983869902080405312e-02 2.359805179339232814e+23
4.987534503354236481e-02 2.230111988464702372e+23
4.989155398737173813e-02 2.172384571446333098e+23
4.993502467481782808e-02 2.020124428297280611e+23
4.994720534090309888e-02 1.977663686725604768e+23
4.995109219855831811e-02 1.964280686457277907e+23
4.997326868294177382e-02 1.888323054163789433e+23
4.999812664771411536e-02 1.807614312786544757e+23
5.000539755611733278e-02 1.781239339739988298e+23
5.000593741006109649e-02 1.779984410492501481e+23
5.006031198934868254e-02 1.606673999870094737e+23
5.013110508211973682e-02 1.402241169997228451e+23
5.013315762607023496e-02 1.396789027102414088e+23
5.013477685693761704e-02 1.392788923703312211e+23
5.017947071498012751e-02 1.284195376597308497e+23
5.022396025393720959e-02 1.191429380444854063e+23
5.026237785359442822e-02 1.121025984197645094e+23
5.027019717519165543e-02 1.107908442522149286e+23
5.029862944061155861e-02 1.059450382340701605e+23
5.030312033426087570e-02 1.052931750583307097e+23
5.030610640574187387e-02 1.048431331137798338e+23
5.031148836509133360e-02 1.040986990930319565e+23
5.031393863665581390e-02 1.037336548791502305e+23
5.036939716801234340e-02 9.686216832414636625e+22
5.038155536188206746e-02 9.539470441770556536e+22
5.049570928864642594e-02 8.463263153594317144e+22
5.053537089979343033e-02 8.129945997484848526e+22
5.057876439109610517e-02 7.836485292702041322e+22
5.066784938323351528e-02 7.355435422763048973e+22
5.074853854586161561e-02 7.027733208916862330e+22
5.075717052937876034e-02 6.995629719233664909e+22
5.076486812058739889e-02 6.966750332997267043e+22
5.093980829934892374e-02 6.372145343315722843e+22
5.105952668219407992e-02 6.174598106060844276e+22
5.110514323694812650e-02 6.087591642241807732e+22
5.114990750309139633e-02 6.031688034116676302e+22
5.121455175373335750e-02 5.819271343988201751e+22
5.127693223517896387e-02 5.768300916344746515e+22
5.139552110654931061e-02 5.619045205947917848e+22
5.149425936907656848e-02 5.488396010227452032e+22
5.157649045936527066e-02 5.389658077995362314e+22
5.165499625484643725e-02 5.289713797385365016e+22
5.175745981218122377e-02 5.129357652553747556e+22
5.189497986660806389e-02 4.995786039400201611e+22
5.207270652002912725e-02 4.922673918442770058e+22
5.214868657909133010e-02 4.865607493088490973e+22
5.234514321696810690e-02 4.688844661323204238e+22
5.239858994645338330e-02 4.657264390274274663e+22
5.247400972468441865e-02 4.599683913175141450e+22
5.272785110441590567e-02 4.449376120370577487e+22
5.280492668049039523e-02 4.412361923484177347e+22
5.314119274862828812e-02 4.261719044215413093e+22
5.314621695867779300e-02 4.259907706037193199e+22
5.323709638938473043e-02 4.253756266175412778e+22
5.350648933929481182e-02 4.212786540259514201e+22
5.355453439284064976e-02 4.206172486758923292e+22
5.391596618724921186e-02 4.060896766763664723e+22
5.396787603705303221e-02 4.066368890059034408e+22
5.428242366241523009e-02 4.001079746478035750e+22
5.429478737302975005e-02 3.999658181161965217e+22
5.436426134842307217e-02 3.994678091272164265e+22
5.446903230884760083e-02 3.994502804525787854e+22
5.448767753287803856e-02 3.992737640883734079e+22
5.464327724466545161e-02 3.983918135255651844e+22
5.468781099019572739e-02 3.984076418897247260e+22
5.475879378136670750e-02 3.985486636999974794e+22
5.478790966630497222e-02 3.950081405689226330e+22
5.487803844057073666e-02 3.955917414327450285e+22
5.490183875750270087e-02 3.955616669433267120e+22
5.505040498622217754e-02 3.967400576722602977e+22
5.505598654205832998e-02 3.966501550307981604e+22
5.506355290961990195e-02 3.967256191462070341e+22
5.516040027033994320e-02 3.943646829991120654e+22
5.529068683596528866e-02 3.991798160215013274e+22
5.534756083238129287e-02 3.994562217212295669e+22
5.537144615961529792e-02 3.998826113648491391e+22
5.548272156968658830e-02 4.017339757013289350e+22
5.548546665433153058e-02 4.017213904689553211e+22
5.549956168842332116e-02 4.019972535378333663e+22
5.551581021663681836e-02 4.009245559346237853e+22
5.552122634251210886e-02 4.015026412454917282e+22
5.559539199965524842e-02 4.015265706471057261e+22
5.563292249860239680e-02 4.017442872068939973e+22
5.564168130903651005e-02 4.016540258426818029e+22
5.565658091228684740e-02 3.983985646353064867e+22
5.568718558856763229e-02 3.915576287974182093e+22
5.568905407686366993e-02 3.915223605380243050e+22
5.569752106226380506e-02 3.914100331165627764e+22
5.573622590978675323e-02 3.930808091778083717e+22
5.576755240143619480e-02 3.910582263838485879e+22
5.578552964824635280e-02 3.932824003251713710e+22
5.580649162080757175e-02 3.917091537862616783e+22
5.584711743803536660e-02 3.882177029647897513e+22
5.586337343003964367e-02 3.864789190177963219e+22
5.587793119183059876e-02 3.849307674049026562e+22
5.589105544303243911e-02 3.821409535869865637e+22
5.591572340972591343e-02 3.769131924477804387e+22
5.595919445864310643e-02 3.701816859431265318e+22
5.602383537859220025e-02 3.631778820395557192e+22
5.603822344440204800e-02 3.628801043132004381e+22
5.604202525925353756e-02 3.628097826902868230e+22
5.604700652712092668e-02 3.627568095530589985e+22
5.605240903169874528e-02 3.656711003676834634e+22
5.605540047039921092e-02 3.655543575564926740e+22
5.605766761312122592e-02 3.654429490276598389e+22
5.607658817052754013e-02 3.652311325519402710e+22
5.613135335152313193e-02 3.635509722609575002e+22
5.617008980003258822e-02 3.661178111335381703e+22
5.618683645775780083e-02 3.626104632406088824e+22
5.619692114605541466e-02 3.622822390058598164e+22
5.620830051432848529e-02 3.619441544553608669e+22
5.622118104622370743e-02 3.617084870190248965e+22
5.623215955653605019e-02 3.613893302931304114e+22
5.626232241785628779e-02 3.598903626751375573e+22
5.628524767713385252e-02 3.589908127455516610e+22
5.629610500401558554e-02 3.585739186175615382e+22
5.630627573865638197e-02 3.582594132039110859e+22
5.633833734528215925e-02 3.610234873136223669e+22
5.639994438757606893e-02 3.582098619305382694e+22
5.643358174416340800e-02 3.569892178683603871e+22
5.645074395942568241e-02 3.562032592001652962e+22
5.646648024309144920e-02 3.522914348758957713e+22
5.651786830032157899e-02 3.502777240280091538e+22
5.652603574860488173e-02 3.499705051184690207e+22
5.657381049815426999e-02 3.506133344665551975e+22
5.664003031979473329e-02 3.473672752815857572e+22
5.673821181468315100e-02 3.426798710941369867e+22
5.674485594117372605e-02 3.423723378077885006e+22
5.678619976926627816e-02 3.400918799766667867e+22
5.678695613317021051e-02 3.400674231115212390e+22
5.679458818489434985e-02 3.396128049183498174e+22
5.679662397819622982e-02 3.394420553664090341e+22
5.680638198401446320e-02 3.388709327728183083e+22
5.680841777731631542e-02 3.387338588486240095e+22
5.681817578313454881e-02 3.380933352689579852e+22
5.682021157643640102e-02 3.380038877371726981e+22
5.684895601882854893e-02 3.365259775848825959e+22
5.691064301376895507e-02 3.298092794960666008e+22
5.693205109162501748e-02 3.284865962478423297e+22
5.694297990754075556e-02 3.277537204901906271e+22
5.701736498448683327e-02 3.260909704532922152e+22
5.702375223809778848e-02 3.224402272326756650e+22
5.706157389369475447e-02 3.200802585334379027e+22
5.706561575132979014e-02 3.198323581298749211e+22
5.706620256455772339e-02 3.198015311245376435e+22
5.713360581490762452e-02 3.149010139702167916e+22
5.713664100764066778e-02 3.147029497984483485e+22
5.715878457958327441e-02 3.129937839204185040e+22
5.716181977231631073e-02 3.127981824188501878e+22
5.717979894952322090e-02 3.114145104868986480e+22
5.719965681074608288e-02 3.100177697100288072e+22
5.722790362990687330e-02 3.080647403941306302e+22
5.725665674596967097e-02 3.089090318080584502e+22
5.730545591160567803e-02 3.052825836212840930e+22
5.737704424064892644e-02 2.958691145465647753e+22
5.740059364804284137e-02 2.971262262312705825e+22
5.744311110491990419e-02 2.937379956992563688e+22
5.747293385109871616e-02 2.911916413765818935e+22
5.755443167055177695e-02 2.838555039816996199e+22
5.756907540769222453e-02 2.825755504409954170e+22
5.762956546387016515e-02 2.770473604213013846e+22
5.766456592737033426e-02 2.738826145008898277e+22
5.767111740984016965e-02 2.733236858365553515e+22
5.769113003169382831e-02 2.714962435083443005e+22
5.769586822713929086e-02 2.709398021468247504e+22
5.772927790458459024e-02 2.680309952849099568e+22
5.773861289702832134e-02 2.671904175977606309e+22
5.774697090070736449e-02 2.663996603526753445e+22
5.776412155191176789e-02 2.647460781124453243e+22
5.781058728997652552e-02 2.601088021240815288e+22
5.783200019628204763e-02 2.579561108713397394e+22
5.792969430587605745e-02 2.479523659421198372e+22
5.795323945808886906e-02 2.455760308769427921e+22
5.800597388735423410e-02 2.399304199855814371e+22
5.802999564355570267e-02 2.344330162093412896e+22
5.811241771104475734e-02 2.255032306756316928e+22
5.814445670574996256e-02 2.221075676810920434e+22
5.820136048473193574e-02 2.157807388505307664e+22
5.821876807224194567e-02 2.139605031093785539e+22
5.823492957938616182e-02 2.120334611567766772e+22
5.824228744706999583e-02 2.112092567010491656e+22
5.824872589351543645e-02 2.104475813432869572e+22
5.825920725789143079e-02 2.083944355128747334e+22
5.826928710035164660e-02 2.072307752283040173e+22
5.827893476549963342e-02 2.060539788807762031e+22
5.828909562054159638e-02 2.056449075686539054e+22
5.833436116064859289e-02 2.002017312921160044e+22
5.838361046309172714e-02 1.942766746571198851e+22
5.841590163412491155e-02 1.905276502329612304e+22
5.845742298445093243e-02 1.850530797608088109e+22
5.852849727319447276e-02 1.779861080203262847e+22
5.855731949919417562e-02 1.742509547621246933e+22
5.860419826395197457e-02 1.647369170438953160e+22
5.862575034836026849e-02 1.618822736558415675e+22
5.872229795569069294e-02 1.512633265796147262e+22
5.873102853529664491e-02 1.499526272792502731e+22
5.873436031934205909e-02 1.494816640750086364e+22
5.873683331415188030e-02 1.495812796562472226e+22
5.874844195940943231e-02 1.477429338895900947e+22
5.875573243475937929e-02 1.466259263199540517e+22
5.875819728919525614e-02 1.462201891206868658e+22
5.876829557570382306e-02 1.446639082919952174e+22
5.877715701384156333e-02 1.431397228299770292e+22
5.879688077398220747e-02 1.400644449866941360e+22
5.881378897117930937e-02 1.374278286319752210e+22
5.885530252005072988e-02 1.307688015506688914e+22
5.886343107843137329e-02 1.295182209046065604e+22
5.890114335459026990e-02 1.230088444290805216e+22
5.890387501408793358e-02 1.225793027766495478e+22
5.894504923374774275e-02 1.157852857674152018e+22
5.896639051217505284e-02 1.115507994822155698e+22
5.896905486704116101e-02 1.110706324552100191e+22
5.899890085318110905e-02 1.062494810890163349e+22
5.902374460170474457e-02 1.024268795667554081e+22
5.904043841854152153e-02 1.000720947959862762e+22
5.904594453894928402e-02 9.930676062962541658e+21
5.906934994591872545e-02 9.609346915274305044e+21
5.907491472326543980e-02 9.533632624855535845e+21
5.909331082290771031e-02 9.276350989057126302e+21
5.911384748256976601e-02 8.987357267510649946e+21
5.911827198404542155e-02 8.926702128674388312e+21
5.913011111639505241e-02 8.775836829185658061e+21
5.914495338168005573e-02 8.595429823083072979e+21
5.916243169360619475e-02 8.392143736572876947e+21
5.922517153018362623e-02 7.598238061707103568e+21
5.923141937926797163e-02 7.538198515366234161e+21
5.924006008218253572e-02 7.464209538819335127e+21
5.924218966938445824e-02 7.445774660933514166e+21
5.930390904278785152e-02 6.945050993919428395e+21
5.933761865132199803e-02 6.667597325221804114e+21
5.933873809729414694e-02 6.660704840854677750e+21
5.937747232659096319e-02 6.421448161150998938e+21
5.939330552402040386e-02 6.341714628883310969e+21
5.939474587427942542e-02 6.334687390281881354e+21
5.944574271318164849e-02 6.094886161494016262e+21
5.945366582740160832e-02 6.068650949168865477e+21
5.945396808817545592e-02 6.067565303562257826e+21
5.953810083782463958e-02 5.738889171441105764e+21
5.958725253072292422e-02 5.649268197098497507e+21
5.962612769687981873e-02 5.445467649807119024e+21
5.965382867375947779e-02 5.363561115878794723e+21
5.966839581391304020e-02 5.334754980322843034e+21
5.969120165522194543e-02 5.275522980749071352e+21
5.970631793460304260e-02 5.242498350299950875e+21
5.977747162422761273e-02 5.113687261548438880e+21
5.988272825071360578e-02 4.933131782770371068e+21
5.989710113966294908e-02 4.798790259869709500e+21
5.990136817395218249e-02 4.793720039938613838e+21
5.997246106912008240e-02 4.712273865941108916e+21
6.008599341286627316e-02 4.672342715048834630e+21
6.010401856794201497e-02 4.565844687249071407e+21
6.011213212805881917e-02 4.559706081855859589e+21
6.011647330315725984e-02 4.556435009433446121e+21
6.015891191613277622e-02 4.507828115130892681e+21
6.018431314335635773e-02 4.479094345318769099e+21
6.029430340228041085e-02 4.384033935114449191e+21
6.031237558997794290e-02 4.440645753820448031e+21
6.033188889260971549e-02 4.425216713800575615e+21
6.036308410045724410e-02 4.403936257083922973e+21
6.054349949486422661e-02 4.199401482848806896e+21
6.062517410641517224e-02 4.150010595872765641e+21
6.074049212510033297e-02 4.078121426572961907e+21
6.082080391824990634e-02 4.039738573716594360e+21
6.085555802589993901e-02 4.026255095959893049e+21
6.093241541193757799e-02 3.957468251844155802e+21
6.097032461220071309e-02 3.942181665353214984e+21
6.107527524738276536e-02 3.895224872986839876e+21
6.122378367124506338e-02 3.829258524087387423e+21
6.125350306131813888e-02 3.848029695793585717e+21
6.145461486272418145e-02 3.741684721119259001e+21
6.146401759395135611e-02 3.740716016274029674e+21
6.196855186988787373e-02 3.527502855532079743e+21
6.238728637350938327e-02 3.309365213105624187e+21
6.262673509457132581e-02 3.290820078407788265e+21
6.280907412623928932e-02 3.250897598850289631e+21
6.308132754280962318e-02 3.202144133967724937e+21
6.308697165874582735e-02 3.201540250062628585e+21
6.308980049017123837e-02 3.194804070271465554e+21
6.368591161364266229e-02 3.064298372389674680e+21
6.389522938075027636e-02 3.026142774726082691e+21
6.397452344540863201e-02 3.013840805311061426e+21
6.401713790098867429e-02 3.017181513921129873e+21
6.407378315063752550e-02 3.000798011530831987e+21
6.426299136113446109e-02 2.982982654495082676e+21
6.459663228045173233e-02 2.582110529958265750e+21
6.495176383945221177e-02 2.728420707125967716e+21
6.497475449892380073e-02 2.727240437746061279e+21
6.522799562650481719e-02 2.659335455391399018e+21
6.552895811801451309e-02 2.590486750320441950e+21
6.559555483723111813e-02 2.562660787733410611e+21
6.567610164333827216e-02 2.539326987007182766e+21
6.570409803382175340e-02 2.538839976410826670e+21
6.572135621086860890e-02 2.543863819347536904e+21
6.598821178806529852e-02 2.388682268421682889e+21
6.631758956700777030e-02 2.319824411522240610e+21
6.654158684207800434e-02 2.273428470496200491e+21
6.656354537284210615e-02 2.278078857818777059e+21
6.722165094989325518e-02 2.275587586342174065e+21
6.730141279034503043e-02 2.252461156708612047e+21
6.733546002834731037e-02 2.238228717777420288e+21
6.740972490413255080e-02 2.229471357223253836e+21
6.754736859617933853e-02 2.193168994521302434e+21
6.765386458284373961e-02 2.156498751225754550e+21
6.816992491210246974e-02 2.251672855648499663e+21
6.835731778419820714e-02 2.281326548410216743e+21
6.837744368407686069e-02 1.971395546065515577e+21
6.899999999999996414e-02 2.071507176696623661e+21
