-2.131628207280300602e-17 2.550632707792456122e+21
1.021774682420236455e-03 2.892848927650746991e+21
1.082835948172075234e-03 2.980369637022957044e+21
1.241994295263289467e-03 2.648811596006021923e+21
1.308613317468570016e-03 2.666587354198220210e+21
1.338128377213827509e-03 2.675478598670377026e+21
2.043549364840494161e-03 3.275543596980910424e+21
2.483988590526593244e-03 2.826519971803159855e+21
3.105927898113776571e-03 3.106338584903480246e+21
3.122299546832294978e-03 3.106588839006602527e+21
3.165443902327151355e-03 3.124160974148588274e+21
3.585056431888627819e-03 3.222182444215657038e+21
3.739238026257346754e-03 3.271611319967488147e+21
4.048008356104052137e-03 3.383499088776223261e+21
4.117539528234406658e-03 3.464960644365191479e+21
4.254746910328229687e-03 3.508565179321830867e+21
4.565196580609391826e-03 3.268494588009924002e+21
4.669803641425716509e-03 3.677906047987786187e+21
5.046505936913562099e-03 3.737891180801364591e+21
5.337404328494105635e-03 3.810382153394216763e+21
5.597362546324682366e-03 3.874094588074622714e+21
5.629016031545432640e-03 3.888541421476305699e+21
5.678208321360081468e-03 3.900581761969596924e+21
5.765915814811968694e-03 3.914627350728934949e+21
5.834151170948871472e-03 3.934840774219478335e+21
6.343476301928085634e-03 4.071285487947427611e+21
6.364867070456106841e-03 4.074164842598404456e+21
6.564847047988699343e-03 4.109955360424976187e+21
6.734604294155943464e-03 4.245107435834686046e+21
6.867282700773874420e-03 4.282342196714776035e+21
6.906527813171817187e-03 4.320005896970870718e+21
6.943077550850983506e-03 4.325757668815287091e+21
6.961857002195841713e-03 4.354216528536247206e+21
7.355954554584343344e-03 4.530230690000954982e+21
7.515911492826351029e-03 4.627901971287916413e+21
7.582400068424288361e-03 4.652146520191336972e+21
7.691264534491214049e-03 4.759336328356736008e+21
7.749660780325364449e-03 4.777410339137071874e+21
7.915812691249126884e-03 4.827218499924342604e+21
8.005599775480423327e-03 4.892495761205911093e+21
8.069247456886394915e-03 4.911213936196505829e+21
8.143367006066383820e-03 4.978474913434088505e+21
8.174667836637677584e-03 5.022798866949024514e+21
8.197578877465415068e-03 5.035188567672270881e+21
8.628977163876125692e-03 5.441741620344772362e+21
8.652466590411049194e-03 5.462166645316551442e+21
8.770383791034373072e-03 5.576616752475516436e+21
8.961665839257091509e-03 5.849639553698439889e+21
9.021723143299119688e-03 5.944906860983074423e+21
9.084139138020294602e-03 6.056079239826658820e+21
9.126433077551973291e-03 6.120986608817404903e+21
9.143336102745255184e-03 6.161470419305199829e+21
9.151114442324867829e-03 6.172530249828226040e+21
9.269780242380832452e-03 6.441573370279960248e+21
9.356809073802921026e-03 6.686288737977702023e+21
9.386951011944855844e-03 6.795325980159134138e+21
9.470203811756401635e-03 7.208482342320858989e+21
9.480850854109995271e-03 7.250355580418031354e+21
9.549084918796208604e-03 7.601907660471421370e+21
9.661214588500197792e-03 8.334592123369119810e+21
9.795495708145477570e-03 9.823237412422764462e+21
9.820353924306371440e-03 1.013729496563795047e+22
9.822992868479971107e-03 1.017106152454811655e+22
9.850114835910925640e-03 1.055950268740069333e+22
9.873812467295187828e-03 1.090371336820154276e+22
9.903964376570833020e-03 1.138328481356582381e+22
9.923829391105464318e-03 1.173459623753693947e+22
9.925738336229219735e-03 1.176492890140909450e+22
9.937866732174470419e-03 1.198083686388727598e+22
9.972741171267451854e-03 1.262462674674845221e+22
9.978878491793108027e-03 1.273579879814243602e+22
1.000133059889276796e-02 1.315371570298894051e+22
1.000870335941539922e-02 1.330682860972141445e+22
1.001189949860078685e-02 1.336372668778374024e+22
1.007179870294331626e-02 1.466129364513870945e+22
1.007415178934337185e-02 1.471574742725250410e+22
1.007551932944589571e-02 1.473983561750567662e+22
1.009709713959489399e-02 1.517045400862163626e+22
1.009784118922979305e-02 1.518692681213437333e+22
1.011098793619809658e-02 1.545705925892931322e+22
1.011146227025623741e-02 1.546739252809099431e+22
1.012613530583605231e-02 1.576512209965695789e+22
1.014265030956428178e-02 1.608364269612543928e+22
1.014434076286827545e-02 1.611498796786896391e+22
1.016703598711285808e-02 1.658536425919530559e+22
1.019674672021861003e-02 1.716362225782578846e+22
1.019724936395571303e-02 1.717250092560557487e+22
1.019966167999347521e-02 1.722523374555860723e+22
1.024279838482855358e-02 1.807008430102038132e+22
1.025328107620962145e-02 1.825910305592672518e+22
1.026184459297238040e-02 1.842849614977095329e+22
1.027142787708379933e-02 1.859885128784973450e+22
1.028309460473656248e-02 1.881428546596345636e+22
1.029039725766969261e-02 1.897848783557323496e+22
1.030424573848422697e-02 1.923498559741757279e+22
1.034699463583585270e-02 2.000517336119907661e+22
1.041201310471871061e-02 2.110876560256485714e+22
1.043432419706747868e-02 2.146395190030965827e+22
1.045711578561956019e-02 2.184767479766388310e+22
1.047993510813565940e-02 2.221025316137167382e+22
1.049243271727058266e-02 2.240751371849256298e+22
1.051638305186538246e-02 2.288025040650698018e+22
1.051882208388589014e-02 2.291818655599059953e+22
1.062811195348468789e-02 2.458657064962388446e+22
1.063718416581395897e-02 2.472416964351332922e+22
1.063977285279696719e-02 2.475980466863010428e+22
1.070275594069763220e-02 2.567911279539905783e+22
1.070721845617770597e-02 2.575204466291355576e+22
1.075354639552530446e-02 2.648353950826132354e+22
1.075639027479380512e-02 2.652164153391866656e+22
1.077378197485538182e-02 2.675457740454100363e+22
1.077434205817550186e-02 2.676184552926857291e+22
1.079173375823708377e-02 2.699997007716234035e+22
1.079229384155720728e-02 2.700768873647703694e+22
1.081043046442124560e-02 2.723924273168925485e+22
1.081502377897753352e-02 2.730607446291719913e+22
1.085145951676737448e-02 2.780523465387611364e+22
1.088866955110842465e-02 2.829772395765285729e+22
1.091281637194264735e-02 2.863756662994987962e+22
1.096900736220381492e-02 2.936451726313758969e+22
1.105324192216972611e-02 3.042909101137257615e+22
1.105812213710187161e-02 3.048863498070987165e+22
1.108370115534495180e-02 3.083876152001723525e+22
1.117134401201776671e-02 3.192774424673927142e+22
1.118502100440678902e-02 3.209047951803269775e+22
1.122757472309531164e-02 3.262648612378171880e+22
1.124092099371442992e-02 3.278335880965305192e+22
1.124374692639994698e-02 3.281382707385982150e+22
1.126585051932358847e-02 3.307838196201367693e+22
1.128648377727555982e-02 3.330163476375000003e+22
1.129936914533718854e-02 3.344642704678500434e+22
1.131887829733288671e-02 3.366990859694123463e+22
1.133101721594678007e-02 3.381331275426781830e+22
1.134136427984110650e-02 3.392194201066126128e+22
1.136246205435306744e-02 3.418827328725292207e+22
1.137602149550759681e-02 3.433626527429738208e+22
1.140388995727916951e-02 3.462965146649457223e+22
1.143929972716306413e-02 3.501485697779333543e+22
1.150064532912379971e-02 3.571720132936514457e+22
1.153796939225947352e-02 3.611133052926083832e+22
1.157420254676253847e-02 3.648241161011071235e+22
1.165066015016535776e-02 3.731330833238603910e+22
1.165834731093337226e-02 3.740254641023930388e+22
1.168093985109405243e-02 3.761895941317727355e+22
1.169636576463221542e-02 3.775306310746057055e+22
1.170197790399484482e-02 3.780150077037840695e+22
1.179598366969505409e-02 3.871170411390710684e+22
1.182789702213340663e-02 3.898007840704794146e+22
1.182804026049640543e-02 3.898019370811920692e+22
1.182827861318833454e-02 3.898143135385438388e+22
1.184798405332085011e-02 3.913851907110507590e+22
1.185018166108860876e-02 3.916496912662755122e+22
1.186065414501830464e-02 3.926359958148716534e+22
1.186285175278606330e-02 3.929074050622537335e+22
1.193440096041136975e-02 3.992052948056291882e+22
1.195321422853387779e-02 4.006626289670494251e+22
1.196609691864289338e-02 4.015962556924720212e+22
1.197832650239070117e-02 4.024817915484653696e+22
1.200017165230056297e-02 4.042108414886692048e+22
1.205665371678441358e-02 4.091112806028797595e+22
1.207909423182138356e-02 4.106315852537943766e+22
1.208475658697919647e-02 4.111396545972039739e+22
1.211373135304500033e-02 4.134078238283746666e+22
1.216183846467425167e-02 4.165403651812569488e+22
1.217639590630690063e-02 4.182538789772618786e+22
1.218043610586470350e-02 4.185098532472723656e+22
1.219499354749735767e-02 4.193887327783626788e+22
1.219903374705516054e-02 4.197436870353181737e+22
1.221359118868782165e-02 4.209008988652715377e+22
1.221713807993333838e-02 4.211898381438661584e+22
1.224914910602661368e-02 4.230897115823049644e+22
1.227943979538416094e-02 4.251425354053194036e+22
1.228330635068053747e-02 4.253439226939766630e+22
1.234208396346468846e-02 4.290857180031849018e+22
1.238499388925563306e-02 4.317836202486676010e+22
1.241391395810392990e-02 4.335820253491114279e+22
1.246734562632674341e-02 4.366304705808344652e+22
1.248914197935242602e-02 4.376717351560906854e+22
1.250207974907541035e-02 4.382656040479214902e+22
1.255010869676284786e-02 4.406262014799109318e+22
1.257368502679308622e-02 4.420818280628136968e+22
1.257519372739671591e-02 4.421483545761994821e+22
1.260292386577749162e-02 4.434234513087255911e+22
1.263343618654732235e-02 4.447461792304974948e+22
1.264630348925470903e-02 4.461034368119330990e+22
1.264914754273554522e-02 4.461828431763069731e+22
1.266471334700063935e-02 4.467057767226261530e+22
1.270688631615910294e-02 4.444375746045893044e+22
1.272156837965122446e-02 4.449788107157700975e+22
1.273081793351733652e-02 4.454571307865067854e+22
1.275763292517378793e-02 4.464740955620083394e+22
1.276377477060018292e-02 4.466256904733255637e+22
1.280333321097981529e-02 4.478151321164708210e+22
1.283517068994463259e-02 4.488644795172229480e+22
1.283750271720474241e-02 4.489296835614705975e+22
1.283981909894925562e-02 4.489833842329562120e+22
1.285207479359630478e-02 4.492079760047292914e+22
1.285498010650898242e-02 4.492673582416680872e+22
1.286783705508763760e-02 4.495009926984541562e+22
1.287657332206828924e-02 4.498427235441174590e+22
1.291776415015248938e-02 4.554564775399301474e+22
1.292593387526474319e-02 4.559266020013230365e+22
1.295408148494689785e-02 4.566221168858816001e+22
1.295696104029811849e-02 4.566567770582714365e+22
1.295836546402214483e-02 4.566778537279175524e+22
1.298188200993998821e-02 4.577760861513528954e+22
1.300704787678337235e-02 4.602290847319947477e+22
1.300888184339506724e-02 4.606305584482381673e+22
1.300904471348178840e-02 4.606311816298138645e+22
1.300972923331026807e-02 4.606972558625422180e+22
1.301170797260599657e-02 4.611351406590670196e+22
1.304663676978332250e-02 4.679148260707638916e+22
1.306230631759370923e-02 4.705360435711064408e+22
1.309611330231611956e-02 4.764120026551780848e+22
1.312106568724403025e-02 4.802977816815920900e+22
1.312919158666199342e-02 4.815382171793473982e+22
1.316100517290860576e-02 4.858134677915107852e+22
1.317776623299642645e-02 4.879575702057879024e+22
1.320972505322462812e-02 4.912295829929460970e+22
1.325573934983854951e-02 4.946309008852177964e+22
1.325574136834653874e-02 4.946307799606847812e+22
1.325574268120666664e-02 4.946312717720764180e+22
1.325574697472831423e-02 4.946309087080271053e+22
1.327213482033997791e-02 4.955151566456420408e+22
1.332504194387551175e-02 4.976134309021505238e+22
1.333148082207054330e-02 5.014267889268367871e+22
1.333480716195985585e-02 5.014647498314860200e+22
1.335293506711929777e-02 5.015122237970556178e+22
1.354724000643075903e-02 5.018210071800737641e+22
1.356693827837489146e-02 5.014513322124415861e+22
1.361472025632372469e-02 5.005645428868551121e+22
1.363572648706688241e-02 5.000266521095299505e+22
1.364770996420098560e-02 4.997436312675276345e+22
1.365969534387068487e-02 4.993914715032416734e+22
1.378769964295110777e-02 4.973076934109704067e+22
1.380311418526525107e-02 4.969804543586434286e+22
1.386949088215119752e-02 4.962889332771037748e+22
1.402485733325909215e-02 4.979202671344333147e+22
1.403360054060673150e-02 4.975721436288587609e+22
1.403852113455218015e-02 4.980689682795800507e+22
1.405916835157103827e-02 4.978346333864209049e+22
1.453147041500153606e-02 4.983263777861112378e+22
1.457812527096512441e-02 4.985610132918866071e+22
1.484417200029812360e-02 5.031508170065104916e+22
1.501002127304180110e-02 5.089825247453170264e+22
1.502075840651827948e-02 5.091978163812064192e+22
1.502956156584384605e-02 5.093529310648483604e+22
1.506823985690526613e-02 5.105580266156894192e+22
1.511647721785938474e-02 5.116080609892949085e+22
1.514843186163719949e-02 5.155712177561849247e+22
1.515476366616523747e-02 5.171152274470784624e+22
1.524959519509990445e-02 5.158312688810460814e+22
1.564866332863150064e-02 5.320498420222090491e+22
1.577082892793008409e-02 5.372980385205277478e+22
1.579183987913070422e-02 5.381188883949577621e+22
1.586680816928674395e-02 5.421744624645704568e+22
1.591996293145591171e-02 5.448160158577080664e+22
1.597052427162734198e-02 5.458862254661413372e+22
1.605015290590502616e-02 5.508324191370899934e+22
1.607674640400375346e-02 5.480611953767729437e+22
1.612465165887566262e-02 5.540983473694337663e+22
1.617021961532459293e-02 5.560748740071922231e+22
1.619773250544612880e-02 5.624090674638274272e+22
1.628668463872077338e-02 5.680748796016666765e+22
1.641111121032117273e-02 5.713043778984174682e+22
1.662242090795321148e-02 5.886839706096728487e+22
1.667425699359494085e-02 5.916757053269017939e+22
1.695284254730738613e-02 6.200107076142051937e+22
1.701537522367711081e-02 6.191794623204581127e+22
1.728326418666156078e-02 6.532244317954799724e+22
1.739990078531277601e-02 6.686583751664258672e+22
1.744347445349201178e-02 6.748097452359185282e+22
1.752064105273456671e-02 6.867714160893890658e+22
1.760368472032246626e-02 7.002213048284829922e+22
1.772743618622174208e-02 7.240330954048845696e+22
1.776389498715292073e-02 7.315869744198977795e+22
1.787602611158296828e-02 7.613237467269953697e+22
1.798172422399404308e-02 7.882496603063115894e+22
1.798738951025988589e-02 7.901836735716334030e+22
1.799335734998391834e-02 7.921424767927900019e+22
1.800278441404083718e-02 7.889335575491519709e+22
1.812284398464151375e-02 8.256311624230946996e+22
1.821088403336686493e-02 8.587680577157741098e+22
1.830728990916462295e-02 9.077079063136224621e+22
1.840708888526191439e-02 9.719247866965302601e+22
1.841148119448083112e-02 9.751164451488966220e+22
1.843849056008978193e-02 9.963754039492480283e+22
1.848500118928635833e-02 1.036948636652442191e+23
1.850420382517659751e-02 1.054829893047347954e+23
1.852003627786861367e-02 1.070259266861196221e+23
1.854063280164947383e-02 1.091987694936852718e+23
1.856051544897055830e-02 1.114678425870864671e+23
1.858097934086061151e-02 1.139310472605404716e+23
1.870466936053767973e-02 1.331188962727421343e+23
1.878545171481045203e-02 1.508399033072879875e+23
1.879157509120882655e-02 1.524037560335289035e+23
1.885184170901025788e-02 1.694445240035885900e+23
1.888930244320674579e-02 1.814727497581323553e+23
1.896951290529274442e-02 2.113867325230799357e+23
1.902145539146099518e-02 2.326496767960870247e+23
1.902312181147607084e-02 2.333974809633591195e+23
1.903156189688220284e-02 2.369179892577406256e+23
1.905188338149132674e-02 2.456271270987430510e+23
1.905642629840226601e-02 2.475935077357338682e+23
1.907149070907330005e-02 2.541133280139011613e+23
1.907662169367050492e-02 2.563034193031263389e+23
1.909346739402293866e-02 2.635704244561715669e+23
1.909850859171767154e-02 2.658475182217267616e+23
1.919506963917064213e-02 3.075650203398857755e+23
1.919530033640685224e-02 3.076526451885004659e+23
1.925568643003505026e-02 3.336528481384881612e+23
1.925783991294680725e-02 3.345764530891738390e+23
1.925797092216617254e-02 3.346318541650085093e+23
1.925804657206795292e-02 3.346630103215439935e+23
1.935482660127938251e-02 3.751771973177666909e+23
1.941555439231657312e-02 3.997723897418416065e+23
1.942528011469198818e-02 4.037277843229653881e+23
1.942968869982650629e-02 4.055345254760871121e+23
1.951318195993917426e-02 4.385823856107411011e+23
1.951974251267616853e-02 4.411728937887411953e+23
1.953565898197476627e-02 4.473141156977047000e+23
1.954454168023116167e-02 4.508193246427629717e+23
1.956045814952978371e-02 4.570279757350825257e+23
1.957003327057935116e-02 4.606825778415243624e+23
1.958608079277144448e-02 4.668180134445412809e+23
1.963123174292162945e-02 4.840585897106613973e+23
1.966194267889621178e-02 4.957063160210538931e+23
1.972451546714591025e-02 5.183023831635004678e+23
1.975862379231583740e-02 5.314103618086104738e+23
1.981133925744530538e-02 5.512638752771591289e+23
1.983811739767405574e-02 5.612166232619991108e+23
1.990466821078047330e-02 5.855204215993773630e+23
1.993116679186021298e-02 5.951685081867056946e+23
1.999245430574377730e-02 6.172650669843315887e+23
2.001429211645190664e-02 6.251456690300435814e+23
2.002541333941702112e-02 6.290855997630822796e+23
2.005140949597922564e-02 6.383312467111539775e+23
2.005389370856547337e-02 6.392261345182420356e+23
2.007289741538799757e-02 6.460389767891031110e+23
2.007538162797424183e-02 6.469572236793212620e+23
2.009438533479675909e-02 6.537100462671666767e+23
2.014651773155219303e-02 6.720610355048177394e+23
2.016263244563384210e-02 6.772730735159555727e+23
2.019657050526670744e-02 6.896758742777277689e+23
2.021453156664920064e-02 6.959816526860743155e+23
2.024911018049057460e-02 7.081408654914791492e+23
2.027107593822465373e-02 7.152011687838189040e+23
2.030333063190436702e-02 7.264196156391391284e+23
2.033467779850163179e-02 7.372493772894172569e+23
2.035740272720585817e-02 7.451928573328289757e+23
2.037951943081546535e-02 7.527826416680059525e+23
2.039925387987154629e-02 7.595651224498385893e+23
2.041585418691980319e-02 7.653571935579243681e+23
2.043558863597587719e-02 7.720903107069644343e+23
2.047109959525661438e-02 7.841843461655099511e+23
2.049393217704593637e-02 7.918508660473441980e+23
2.049513814097679229e-02 7.922624529544253874e+23
2.049651986626421438e-02 7.927350322142992736e+23
2.051231430764748759e-02 7.981550437960396130e+23
2.051611864406039168e-02 7.994710012338805125e+23
2.053335678364897124e-02 8.053069861055735309e+23
2.057240108149077304e-02 8.184016308038690406e+23
2.062346248295454307e-02 8.356122274441351366e+23
2.068286091362510695e-02 8.557004505795631094e+23
2.069697146701039367e-02 8.604785501438128077e+23
2.072555808414014780e-02 8.699896683404841965e+23
2.073157141395627623e-02 8.720386548490171067e+23
2.073665594399357048e-02 8.736659013498159424e+23
2.074233649262858734e-02 8.755712121397361351e+23
2.077754902077727159e-02 8.871375150209682280e+23
2.078272513358528015e-02 8.888496856522145944e+23
2.080088167081600367e-02 8.947752278405275409e+23
2.082306178508306141e-02 9.015089887205320074e+23
2.082721698415057610e-02 9.028560110457738379e+23
2.083961535047280586e-02 9.068813650674348720e+23
2.086203982899543716e-02 9.141908666963667546e+23
2.086521767298609928e-02 9.152222184101595851e+23
2.087186554617754056e-02 9.174259118490037927e+23
2.090082305667730067e-02 9.268880805293815685e+23
2.092011364593087189e-02 9.335483313536425766e+23
2.094352285612746667e-02 9.411661591849104845e+23
2.096433168500327210e-02 9.474250042730526466e+23
2.099448848716968519e-02 9.571621545983658374e+23
2.105769611780736184e-02 9.778078108499505242e+23
2.106169529306781141e-02 9.790922438190767339e+23
2.110832866165594790e-02 9.940934651029239733e+23
2.113578068878876545e-02 1.002757533721869209e+24
2.115372729634594148e-02 1.008495831092794770e+24
2.118307976005932153e-02 1.017284653936744130e+24
2.122014891704530198e-02 1.029381779826523222e+24
2.122174725367808462e-02 1.029889942407742891e+24
2.122253859072020798e-02 1.030122134196679617e+24
2.130782233927267649e-02 1.056702850001820340e+24
2.130865672961099189e-02 1.056953311049921270e+24
2.131287263661677325e-02 1.058260372188556392e+24
2.133072577505493173e-02 1.063682069287673751e+24
2.133268118831070301e-02 1.064320366107105583e+24
2.135053432674885454e-02 1.069815098671396309e+24
2.135248974000462929e-02 1.070388714139247975e+24
2.136689676173886623e-02 1.074808819644530745e+24
2.137536477550372807e-02 1.077468039941668959e+24
2.137832034943281875e-02 1.078362659939051580e+24
2.144918776059454718e-02 1.100329657850422442e+24
2.146279923311423393e-02 1.104396506267952657e+24
2.150116667745579496e-02 1.116014366865199204e+24
2.155043309447633379e-02 1.130640824931028799e+24
2.161818728943169787e-02 1.151313620647138369e+24
2.162871414320570104e-02 1.154451826475384246e+24
2.165268651491017438e-02 1.161469379755837611e+24
2.172254583951985576e-02 1.182054429977949449e+24
2.178718681826884856e-02 1.201204965877392955e+24
2.178872804760411189e-02 1.201660992980444202e+24
2.179584596262762811e-02 1.203652476749831133e+24
2.179707425130143761e-02 1.203969006822381681e+24
2.180370007335420690e-02 1.205897402864534567e+24
2.180687046704011048e-02 1.206804529553596018e+24
2.183131659771793062e-02 1.213875019061569805e+24
2.183801445195727997e-02 1.215833007335875717e+24
2.184073495684555818e-02 1.216588031272325527e+24
2.186011297229778841e-02 1.222223979330231664e+24
2.186152350254407656e-02 1.222646426540213866e+24
2.186424750172143161e-02 1.223409377144216052e+24
2.186651885575372628e-02 1.224067085786588329e+24
2.189018955411088305e-02 1.230859278253085497e+24
2.190468419776435763e-02 1.234962482052531699e+24
2.192495316004215017e-02 1.240072264393656707e+24
2.194223393746023293e-02 1.244917635634493051e+24
2.195323382855808581e-02 1.248054896459709378e+24
2.198304047300688249e-02 1.256326789863949547e+24
2.201099097620354619e-02 1.264186234517028128e+24
2.202380552855725399e-02 1.267927592124096100e+24
2.203940659427382556e-02 1.272334976119933401e+24
2.209896739075264266e-02 1.289293307541016308e+24
2.210854529651914632e-02 1.291507852368204450e+24
2.211699728811817797e-02 1.293798263636205993e+24
2.212854533136964647e-02 1.296931094375928898e+24
2.212972031599694939e-02 1.297198075674627590e+24
2.213657925108741126e-02 1.299083160994982469e+24
2.214294099644667155e-02 1.300748737478000397e+24
2.214408205025781770e-02 1.301040456960418100e+24
2.215619219367278778e-02 1.304382621961677877e+24
2.216623057995565499e-02 1.307038220014574463e+24
2.222672991105365328e-02 1.323329905376244938e+24
2.226236621271948657e-02 1.333196754041944645e+24
2.227017375211353539e-02 1.335318160882825718e+24
2.227915584065124840e-02 1.337638918666305176e+24
2.231688057101989184e-02 1.347799505731269176e+24
2.236041477195199398e-02 1.358980101454086460e+24
2.237311276725010081e-02 1.362365569011556851e+24
2.237614499574974714e-02 1.363162857668385098e+24
2.238793121709932096e-02 1.366172170425526624e+24
2.239814203642271490e-02 1.368884052273445726e+24
2.240293079655983691e-02 1.370149102538659891e+24
2.241384599857383988e-02 1.372901332881855203e+24
2.241863475871096537e-02 1.374211577466893386e+24
2.242737059570337407e-02 1.376827921046349237e+24
2.242958213624221889e-02 1.377399457961796625e+24
2.243616212158035597e-02 1.379010605807881287e+24
2.243760836901860511e-02 1.379365973806710958e+24
2.253355581781881639e-02 1.403635256148629450e+24
2.253660408564649859e-02 1.404377305420657011e+24
2.256304084606877008e-02 1.411052216027506251e+24
2.258967588567984200e-02 1.417679369325491949e+24
2.268771292816145271e-02 1.442682788505591124e+24
2.269096121111312606e-02 1.443457401053405564e+24
2.273110730484844896e-02 1.453289182810870513e+24
2.274174340234107541e-02 1.455327646169849364e+24
2.284187003850409250e-02 1.479453316643319942e+24
2.284188236969180927e-02 1.479457257391012562e+24
2.284192908296830971e-02 1.479474120086259677e+24
2.286164897270331550e-02 1.484090786974543479e+24
2.286170429979805796e-02 1.484109974824868731e+24
2.289606182712049590e-02 1.492096935084363577e+24
2.289627233960786490e-02 1.492134205949603616e+24
2.289649472720194090e-02 1.492132726211999200e+24
2.300835629594819368e-02 1.519576767499651680e+24
2.301507330682120087e-02 1.522380412970729262e+24
2.310523374622736395e-02 1.557859367105037850e+24
2.312111396343658615e-02 1.563782614311840623e+24
2.322904493160756964e-02 1.594807948490285892e+24
2.324456251318310698e-02 1.598330560607550708e+24
2.331423332488022013e-02 1.610878922806900772e+24
2.334573319967123139e-02 1.615868730022744797e+24
2.344973356726693173e-02 1.627218746953184634e+24
2.345807269816188589e-02 1.627907058295918832e+24
2.348619516376602295e-02 1.629717769721947571e+24
2.353405699173176727e-02 1.632642876638251266e+24
2.353622253518070431e-02 1.632750052547408425e+24
2.353904741094794625e-02 1.632933516932764697e+24
2.354950967885368132e-02 1.633501917717612592e+24
2.370428400934462485e-02 1.638933126520303396e+24
2.383994141042340698e-02 1.642254172860648216e+24
2.389014586022634307e-02 1.643578357866459631e+24
2.390168667304208919e-02 1.644619830713005812e+24
2.391201932394431545e-02 1.644248785321785777e+24
2.393302656505303522e-02 1.644758872843304988e+24
2.402077841170294562e-02 1.647112723859814339e+24
2.405617414376013535e-02 1.648073633431875062e+24
2.409908933673953965e-02 1.649585660799728415e+24
2.415986354636176850e-02 1.651733746675096018e+24
2.437152316393773749e-02 1.661943692024679586e+24
2.444334146500197480e-02 1.664980901046056655e+24
2.460854036175945392e-02 1.675011164762266747e+24
2.463530913849492146e-02 1.676663733541380362e+24
2.483848529221177256e-02 1.690793704359086866e+24
2.483950083350136562e-02 1.690930931364091836e+24
2.486466502739506299e-02 1.693692005420275262e+24
2.504713377702470073e-02 1.709903548074166086e+24
2.506843022266409815e-02 1.711682635305262516e+24
2.527747954397156077e-02 1.734222105044293496e+24
2.529837515311642027e-02 1.736467856403538750e+24
2.551740257417240212e-02 1.764968502795174442e+24
2.558267809253800956e-02 1.774219433401194522e+24
2.585442999569037559e-02 1.816544887836702591e+24
2.587220092874139427e-02 1.819499927461112830e+24
2.619145741720833517e-02 1.880403905884780793e+24
2.621136818071395647e-02 1.885017329243171102e+24
2.624337675473052342e-02 1.891899597400030587e+24
2.659138079357181716e-02 1.977396223740400667e+24
2.666178489205862576e-02 1.998270191496391914e+24
2.672318717454630344e-02 2.015949289654739190e+24
2.680397300692324847e-02 2.041110238482615692e+24
2.687141145576472934e-02 2.064078362173973100e+24
2.715267171648814981e-02 2.179100736105901116e+24
2.723500616837864347e-02 2.219520411418656724e+24
2.732698835648781840e-02 2.266778902517541453e+24
2.755023725091516190e-02 2.411228842225367557e+24
2.765416208885110999e-02 2.492992953990103108e+24
2.792761987638825785e-02 2.769316066602806793e+24
2.803186396333322630e-02 2.912649401117885252e+24
2.807359538326655371e-02 2.975271708957350136e+24
2.808488132028237952e-02 2.994366032204542096e+24
2.810021766587997294e-02 3.020388448551784273e+24
2.815603317039986134e-02 3.121104184238997013e+24
2.817673788660841547e-02 3.161062370855842182e+24
2.827381476634957536e-02 3.379247682681069269e+24
2.831304900764033960e-02 3.484357807886909040e+24
2.843664676232222216e-02 3.893873126339679219e+24
2.844371598619398547e-02 3.922237742218044783e+24
2.845412301924735501e-02 3.965521477878525821e+24
2.853869347432589840e-02 4.366688686588208834e+24
2.856221345226388555e-02 4.501207390855802510e+24
2.862000403697544451e-02 4.878488770259185163e+24
2.875312891335497431e-02 6.096852053085788886e+24
2.876153737915936037e-02 6.193711364153874491e+24
2.880832782051780463e-02 6.785853322569126376e+24
2.881439166764312304e-02 6.870288603545151444e+24
2.883348543744028783e-02 7.143846556449215764e+24
2.884785857965492181e-02 7.362065846923439483e+24
2.885390937503183595e-02 7.455269882795694544e+24
2.887873664058654768e-02 7.858719861824427081e+24
2.891236009867658580e-02 8.446062009444539988e+24
2.898155948636059465e-02 9.800687138883380730e+24
2.898435801326610523e-02 9.857263996519925208e+24
2.898500312450019711e-02 9.870837789805933995e+24
2.898592402119243294e-02 9.890013453762291388e+24
2.899125391164985785e-02 1.000021658174962646e+25
2.899397424099686010e-02 1.006006919226949560e+25
2.899712218524728644e-02 1.012752720383643636e+25
2.900272180155355484e-02 1.024407671365488331e+25
2.901718464203707423e-02 1.055139092996306731e+25
2.906232379488764977e-02 1.153869332192542362e+25
2.908816361541621126e-02 1.211848022855234236e+25
2.909448158765700482e-02 1.226030740722972768e+25
2.912652016049750367e-02 1.298503740140465065e+25
2.913285679138736400e-02 1.312957461262677276e+25
2.913912774654695698e-02 1.327072655888182188e+25
2.917054496236849703e-02 1.398276342058123411e+25
2.919170446107273442e-02 1.446171888566021028e+25
2.921539625751278652e-02 1.499382232521937828e+25
2.921781082586209083e-02 1.504827516281766186e+25
2.922436422685243188e-02 1.519449255489440577e+25
2.925569709181615255e-02 1.589205671270620841e+25
2.926298490433012697e-02 1.605410894294817862e+25
2.927341671930147951e-02 1.628464572337487057e+25
2.930815246924112216e-02 1.704841389698890035e+25
2.933174928397938586e-02 1.756082918585854112e+25
2.939372610348011880e-02 1.889202940350260831e+25
2.941634889463890304e-02 1.937196153467916463e+25
2.944755128905993807e-02 2.003140954998563342e+25
2.948527601632824902e-02 2.082355045682530194e+25
2.952446730263010716e-02 2.163787481435624358e+25
2.956512023001891046e-02 2.247796713628004700e+25
2.958695010887875398e-02 2.292344776450068781e+25
2.959763674454440538e-02 2.314155685202349335e+25
2.961721607178756377e-02 2.354159587845084652e+25
2.962790270745322210e-02 2.375942986965311696e+25
2.964748203469637355e-02 2.415685565298498857e+25
2.965816867036203536e-02 2.437363561387560969e+25
2.970985464234507378e-02 2.541874391784376658e+25
2.973122058402159415e-02 2.584931792473093450e+25
2.976947419491149383e-02 2.661896864630791253e+25
2.978908137284027105e-02 2.701260852245817441e+25
2.985529476441212832e-02 2.833327844281992443e+25
2.988407695148445967e-02 2.890574578517431973e+25
2.990593562967788430e-02 2.934036267637000833e+25
2.991999407531852756e-02 2.961802517061543687e+25
2.999999505753821877e-02 3.119724783115501312e+25
3.003693331894734600e-02 3.192832770976987427e+25
3.003925440599973865e-02 3.197286448881171522e+25
3.004312107284850750e-02 3.204770787850479862e+25
3.004544215990090361e-02 3.209325849777122325e+25
3.004930882674968287e-02 3.217030828360815230e+25
3.005162991380207552e-02 3.221553252493796404e+25
3.005829289044901695e-02 3.234741460519896436e+25
3.007582791742182196e-02 3.269148609560232206e+25
3.011181264727544327e-02 3.339840973053463252e+25
3.015874856777743876e-02 3.431898492853163688e+25
3.019571347716315871e-02 3.504218147271208972e+25
3.021681462672469454e-02 3.545470405879610449e+25
3.025173607456176431e-02 3.613475024311094768e+25
3.027162336620890098e-02 3.652236974562908220e+25
3.032109846652435853e-02 3.748622306156493429e+25
3.034650869898377831e-02 3.798101361569043866e+25
3.035319074320813951e-02 3.811320110346736163e+25
3.035522124821634152e-02 3.815259659519978142e+25
3.038449816464035627e-02 3.871931225504262196e+25
3.038764549940183371e-02 3.878180528632419475e+25
3.039540521636460366e-02 3.893334109459159423e+25
3.044765176739943485e-02 3.994627317686547463e+25
3.045294106990127994e-02 4.005079594377849534e+25
3.045835410894605008e-02 4.015610383125028474e+25
3.047204162894049523e-02 4.042154670606856614e+25
3.051705463157506487e-02 4.129435617440446038e+25
3.052907008849858536e-02 4.152619422312409623e+25
3.054979014385264882e-02 4.192780485868740137e+25
3.055795287447755568e-02 4.208601700651943687e+25
3.059886365144302497e-02 4.287870577178042913e+25
3.060697059360467306e-02 4.303616199533386474e+25
3.061222479090832879e-02 4.313726170466585318e+25
3.061581773425905637e-02 4.320678682160790294e+25
3.070435944458411656e-02 4.491855070801700237e+25
3.072605268425553440e-02 4.533935244967296010e+25
3.074242365327964008e-02 4.565565115501197289e+25
3.076806678200067618e-02 4.615059326815863626e+25
3.077773684602023302e-02 4.633676750391057000e+25
3.079804048560379551e-02 4.672924021258266698e+25
3.087262251565095483e-02 4.817058666333026609e+25
3.091270839264056297e-02 4.894409669292876393e+25
3.092107182613644534e-02 4.910556021011286546e+25
3.092207217594751187e-02 4.912401347931991725e+25
3.093616956119999914e-02 4.939487460192211759e+25
3.096707759983750863e-02 4.999103311888731813e+25
3.098491051599781831e-02 5.033507339609561718e+25
3.098857925261115989e-02 5.040575005193202563e+25
3.100641216877147999e-02 5.074969891782299979e+25
3.101500311573375523e-02 5.091557068248747091e+25
3.102966265378947347e-02 5.119935372407610273e+25
3.106285501946410774e-02 5.183914155713363617e+25
3.108133565966300638e-02 5.219658366966325479e+25
3.109738750939504762e-02 5.250258813715039295e+25
3.112190571868065150e-02 5.297777141457943860e+25
3.113042095428242978e-02 5.314190563746199800e+25
3.114153006970654669e-02 5.335586547262492439e+25
3.118418300454446623e-02 5.417834163798547710e+25
3.120139094649014566e-02 5.451045391202091784e+25
3.122303102397994135e-02 5.492481513915690860e+25
3.125333350300278645e-02 5.551082984137180900e+25
3.127000913157795131e-02 5.583187688747682314e+25
3.129421144784274439e-02 5.629941041104233607e+25
3.132173937322334234e-02 5.682969413042098152e+25
3.132461117291353292e-02 5.688467482895700623e+25
3.132941186481397189e-02 5.697792672184391209e+25
3.135037213191005367e-02 5.738167130362452282e+25
3.135517282381048570e-02 5.747486494823649731e+25
3.137613309090658137e-02 5.787879677265226052e+25
3.138093378280701340e-02 5.797056025976974721e+25
3.143540351092154878e-02 5.901919382649505303e+25
3.145715067444656426e-02 5.943877848648091380e+25
3.146272129689565294e-02 5.954701662703936413e+25
3.152513977325332312e-02 6.075108559065381359e+25
3.155858528904002813e-02 6.139957547283898697e+25
3.160124598650214389e-02 6.222119452615072933e+25
3.164372719635824560e-02 6.304350148937604865e+25
3.167485196137839049e-02 6.364211211829106947e+25
3.173593872011822026e-02 6.482109376037553389e+25
3.174534129855770964e-02 6.500415545870420069e+25
3.175059076289555443e-02 6.510624799349029752e+25
3.177601768568315971e-02 6.559921951949292463e+25
3.178126715002100450e-02 6.570073917651020727e+25
3.180669407280860284e-02 6.619454461169027343e+25
3.181194353714644762e-02 6.629532936087483808e+25
3.187668200845960448e-02 6.754709311387832783e+25
3.187845811260468787e-02 6.758251710999125067e+25
3.189840595800090550e-02 6.796649929266933446e+25
3.194451779551551324e-02 6.886235688157684751e+25
3.195674759009923399e-02 6.910027114856491354e+25
3.202559853788268518e-02 7.043531356346787076e+25
3.204730524655990259e-02 7.085903496820858370e+25
3.208308051099562769e-02 7.155668738691866849e+25
3.214932985027787321e-02 7.285121553285387239e+25
3.217370414706590548e-02 7.332872825686997594e+25
3.217805176397380701e-02 7.341394654539753178e+25
3.219376060350586516e-02 7.372146465156848476e+25
3.219810822041378057e-02 7.380704383524589432e+25
3.221381705994583178e-02 7.411634175611738151e+25
3.221816467685374719e-02 7.420073745755065983e+25
3.226431963947461873e-02 7.511114038343762385e+25
3.231390441366950583e-02 7.609270239822458816e+25
3.231902554607320177e-02 7.619240390140293147e+25
3.233397727736303517e-02 7.649227668426434501e+25
3.235828719511046198e-02 7.697621737377259793e+25
3.236710782543218007e-02 7.715344058330368669e+25
3.241419942832078627e-02 7.809870337372117212e+25
3.244174100885444806e-02 7.866377336268470342e+25
3.245872239622515920e-02 7.901274051165717342e+25
3.250398501658258166e-02 7.995981160348069674e+25
3.251079655129394952e-02 8.010580927823723020e+25
3.252846747934290406e-02 8.048679588169291207e+25
3.256898928626893869e-02 8.138479551009349728e+25
3.257019303343046401e-02 8.140911422641496846e+25
3.259798269327520565e-02 8.206255271865692140e+25
3.260234066821984800e-02 8.216742526118657043e+25
3.262751582471651313e-02 8.278499239318018696e+25
3.264863393295576455e-02 8.333484715681063688e+25
3.266522735385851695e-02 8.379222479184687503e+25
3.267435241859499573e-02 8.405003047609889461e+25
3.270570469365265132e-02 8.500849385745299715e+25
3.272535532371349115e-02 8.566577160265839111e+25
3.274136116210257796e-02 8.624833579725418135e+25
3.276989355097496837e-02 8.740377137743495578e+25
3.283176500681680987e-02 9.061199471605434960e+25
3.285887361883060853e-02 9.243550476647152841e+25
3.289888422604129309e-02 9.571418318720680833e+25
3.290058620744327339e-02 9.587328074244903193e+25
3.290674655831699741e-02 9.645431264690066755e+25
3.300807643339397079e-02 1.083957936051423036e+26
3.302631570325333804e-02 1.107822096355504103e+26
3.305179608862363755e-02 1.141278287019066086e+26
3.307219994872691998e-02 1.167717004194108573e+26
3.307941556074741468e-02 1.176882448329379523e+26
3.310145190317462238e-02 1.204489248704755507e+26
3.312702032015409082e-02 1.235434525672557650e+26
3.313654178840429870e-02 1.246630528759097224e+26
3.316663527204653794e-02 1.280856723194961798e+26
3.318195587309385325e-02 1.297571620034747601e+26
3.321652883240822779e-02 1.333722675791747433e+26
3.323518794862873049e-02 1.352285538781271315e+26
3.324913655933749851e-02 1.365919256062641905e+26
3.326245984301307718e-02 1.378797958116008342e+26
3.329641259536701703e-02 1.410198650679679185e+26
3.332041481244842063e-02 1.431974931550147559e+26
3.333132272431536119e-02 1.441518124474817513e+26
3.333494993023784075e-02 1.444673237059556661e+26
3.334005463118407120e-02 1.449023388458652733e+26
3.334148070463280322e-02 1.450227295031506385e+26
3.334558321517862994e-02 1.453778036272760261e+26
3.334684302844348469e-02 1.454899574409404157e+26
3.342057090814402193e-02 1.515261015848678998e+26
3.342612910533865334e-02 1.519629361033056090e+26
3.342780361615926149e-02 1.520886802967258698e+26
3.343208519215008778e-02 1.524290523633159407e+26
3.343916218400584672e-02 1.529715426445609145e+26
3.346452955048442174e-02 1.548975788183308226e+26
3.346873134841544389e-02 1.552059174784772481e+26
3.347243355503209949e-02 1.554850176478822902e+26
3.350937829580073052e-02 1.581090130610176698e+26
3.357840253987121049e-02 1.625962877269669426e+26
3.359245280259384042e-02 1.634879152680876353e+26
3.361164555131495452e-02 1.646261652762333968e+26
3.365581732751283389e-02 1.670613635377198362e+26
3.369227552925802699e-02 1.689268992014188060e+26
3.370606217605161270e-02 1.695933102314723633e+26
3.371920839740378401e-02 1.702089277393534131e+26
3.372859060588527524e-02 1.706410554460609740e+26
3.373664273192159002e-02 1.710023226831216316e+26
3.376132224800544590e-02 1.720506764999126683e+26
3.380482872957524948e-02 1.738182315040168723e+26
3.381320681450367821e-02 1.741419371945847701e+26
3.382037142501091720e-02 1.743996052606913723e+26
3.383303423762942796e-02 1.748742845794504482e+26
3.384785409528000277e-02 1.753924496730084623e+26
3.385730897888150626e-02 1.757041505218823293e+26
3.389222989962843019e-02 1.768251221777730991e+26
3.390625742185069541e-02 1.772581860368122407e+26
3.391397302942449760e-02 1.774895841647893034e+26
3.392791362845636038e-02 1.778867622621911703e+26
3.393574121226702878e-02 1.781058178906536411e+26
3.396698735591872909e-02 1.789365982012119296e+26
3.399414937489837057e-02 1.796133933929478566e+26
3.400405684631157416e-02 1.798166501292543426e+26
3.400441888770378007e-02 1.798363132042542726e+26
3.401459106702259955e-02 1.800821900696819413e+26
3.401812111675845546e-02 1.801628877050049442e+26
3.403956550305631268e-02 1.806365611839196904e+26
3.404302355423118737e-02 1.807094869883850933e+26
3.410208634183239246e-02 1.818930216752216993e+26
3.410728916669845262e-02 1.819825336734634377e+26
3.411476176166102631e-02 1.821171621588866495e+26
3.414909058064281161e-02 1.826639957783822504e+26
3.422010683121384095e-02 1.836263537624951893e+26
3.422767919905977257e-02 1.837151485984444580e+26
3.423511643981846236e-02 1.837897752080270632e+26
3.425515760705444279e-02 1.840339137083535741e+26
3.434359726839045918e-02 1.847713874417539510e+26
3.434806923142109253e-02 1.847987608704563463e+26
3.435145455726684727e-02 1.848203152234560511e+26
3.435478250377109466e-02 1.848284709092559621e+26
3.435825876585649891e-02 1.848517864304073025e+26
3.436152257373104729e-02 1.848800497708326067e+26
3.445260932974236051e-02 1.852591222442181311e+26
3.445291752018767722e-02 1.852541797565102040e+26
3.445610477785766151e-02 1.852466365572283305e+26
3.447183009288974642e-02 1.852758724069432307e+26
3.447913407875426856e-02 1.852729383335776321e+26
3.455251237985172003e-02 1.852182324219605024e+26
3.455937132695208192e-02 1.852017751071777268e+26
3.457946150063960500e-02 1.851733310174547032e+26
3.461173358515672732e-02 1.850377165906283947e+26
3.465195908395638652e-02 1.847977893181719473e+26
3.465922629904673313e-02 1.847635558511585535e+26
3.467009393117241600e-02 1.846795022750447946e+26
3.467736114626276261e-02 1.846280434215734471e+26
3.472239421379759439e-02 1.842518725603817727e+26
3.474905153692198212e-02 1.840046338060262213e+26
3.476892072422789470e-02 1.837835971128323670e+26
3.478310798840123647e-02 1.836103376576390619e+26
3.484343875057183126e-02 1.827731660435685252e+26
3.485548456980078896e-02 1.825797314033814131e+26
3.488274662684021782e-02 1.821356633350609499e+26
3.488885483053971726e-02 1.820400634127068373e+26
3.496127354605838011e-02 1.806564433454866438e+26
3.496191760267960275e-02 1.806313913805349545e+26
3.496217443091836213e-02 1.806196039489951097e+26
3.497908862764723126e-02 1.802475476027720412e+26
3.497934545588598371e-02 1.802558011945507627e+26
3.499625965261484589e-02 1.798608720713028754e+26
3.507832400986458238e-02 1.777583559949645706e+26
3.507840135635213741e-02 1.777546767563834777e+26
3.509004580220866087e-02 1.774102673510522682e+26
3.509989942827415610e-02 1.771207692846946624e+26
3.510082203194277856e-02 1.770843637550777575e+26
3.519690178954822113e-02 1.737777319897985544e+26
3.519755578259665257e-02 1.737492755082245154e+26
3.520335364402053802e-02 1.735368885358107914e+26
3.524148731046516936e-02 1.719995090738881859e+26
3.524486276151543585e-02 1.718505382414605638e+26
3.524694849343778386e-02 1.717612733306528555e+26
3.524847975084764024e-02 1.716973540744131468e+26
3.524889672312182809e-02 1.716811313791056031e+26
3.525259433403342413e-02 1.715173205934540207e+26
3.530761105876795147e-02 1.689795108568485719e+26
3.530954243081386307e-02 1.688848652956952397e+26
3.531199422265084154e-02 1.687772222283789180e+26
3.531543066144868931e-02 1.686044099811223260e+26
3.531620151249758449e-02 1.685680651668521045e+26
3.533700915449738272e-02 1.674946767716051785e+26
3.537361292688442210e-02 1.655173313451755059e+26
3.538271855001932226e-02 1.650037443995790145e+26
3.539100301467274640e-02 1.645255119510226863e+26
3.539281512705353544e-02 1.644122647036412191e+26
3.541144052180535823e-02 1.633221019441782919e+26
3.541924615702488066e-02 1.628496997757687730e+26
3.541988673404407317e-02 1.628081239530415264e+26
3.542400173345803399e-02 1.625532093821721967e+26
3.544318139072264590e-02 1.613376711040596356e+26
3.552322854719924816e-02 1.558795556861814481e+26
3.553240253984348701e-02 1.551968258332826624e+26
3.554173690287389109e-02 1.545051011197017519e+26
3.559714096477577944e-02 1.502016772263630481e+26
3.562721093737360872e-02 1.477422010958394931e+26
3.563325673561643092e-02 1.472387611167960478e+26
3.563920873860766669e-02 1.467361487861790462e+26
3.564630416821421705e-02 1.461374712867769982e+26
3.565604856542949064e-02 1.453066688983457488e+26
3.570108097306158579e-02 1.413236792540416353e+26
3.571314495750355783e-02 1.402085322172364360e+26
3.573146071143568775e-02 1.385212890668988623e+26
3.573850356849808674e-02 1.378667535013952998e+26
3.579053243416613350e-02 1.327065613971915456e+26
3.579541712750015231e-02 1.322091454079990113e+26
3.581835350544562008e-02 1.297784580684921090e+26
3.582095857156668284e-02 1.294901019574021238e+26
3.586936119752279217e-02 1.240128755366380666e+26
3.587736426362910652e-02 1.230625100220585752e+26
3.587763113011868676e-02 1.230253893718633861e+26
3.589558983002844039e-02 1.208349968231865316e+26
3.589586450336156032e-02 1.208092069742315863e+26
3.589644588357852190e-02 1.207256245065340678e+26
3.594435329803934848e-02 1.146458262076292087e+26
3.595037575386387380e-02 1.138602658278859035e+26
3.595693045726694459e-02 1.129974115585403612e+26
3.597529352194004520e-02 1.105810836184555651e+26
3.598033739645427331e-02 1.099146730374419725e+26
3.599529086020732127e-02 1.079757080995764111e+26
3.603670477559674235e-02 1.026571940094769856e+26
3.604047141358501100e-02 1.021983574344093958e+26
3.605729070285125515e-02 1.002237236816195323e+26
3.608833995360908459e-02 9.693572215513063427e+25
3.609434292937609146e-02 9.635531840393551510e+25
3.610219452139232232e-02 9.562489893881471099e+25
3.610551300321502427e-02 9.532258077150994032e+25
3.611297478284244966e-02 9.467027449002404186e+25
3.613238879857201546e-02 9.309337884960959764e+25
3.614185395500808806e-02 9.238553693089877027e+25
3.614437999471101920e-02 9.220073189679333424e+25
3.621657747302119146e-02 8.801947932446276720e+25
3.622102990587300342e-02 8.781123718195309425e+25
3.622805673736551046e-02 8.749562165014620666e+25
3.623465323786938252e-02 8.721329381276906897e+25
3.623745534633487225e-02 8.709390361444273280e+25
3.624639379679188422e-02 8.673072923350838430e+25
3.627763131484945669e-02 8.556946679065092177e+25
3.631270510055140122e-02 8.443660812647465127e+25
3.632596062368449036e-02 8.404502382882196248e+25
3.633557108952972792e-02 8.377178158043181741e+25
3.634711095299374140e-02 8.345250895463732812e+25
3.641043488824398378e-02 8.186365106885493957e+25
3.641200038136644529e-02 8.182587852846692165e+25
3.641334729676946880e-02 8.179209666808714738e+25
3.641463293187056222e-02 8.176310954333351175e+25
3.641667646703165839e-02 8.171334536942976697e+25
3.647851859029139360e-02 8.033110095821853151e+25
3.648775760141739072e-02 8.013335032215279310e+25
3.650696774869337941e-02 7.972625900829662103e+25
3.653839991202662701e-02 7.907257438242269997e+25
3.656243476731287773e-02 7.857927450237763996e+25
3.663037229613988477e-02 7.720587823793835010e+25
3.663344542302413021e-02 7.714489365054422418e+25
3.666627784828342673e-02 7.649269424729134300e+25
3.668860516554361267e-02 7.604895212186292806e+25
3.668965521248594708e-02 7.602651983063340031e+25
3.670304932429228895e-02 7.576368951902935066e+25
3.672136790393359246e-02 7.540021096367574795e+25
3.675208407734310845e-02 7.479681503749026844e+25
3.678868069944516567e-02 7.407959105785735121e+25
3.679228517687277433e-02 7.400867445809021580e+25
3.680734894727165363e-02 7.371105868801842122e+25
3.681095342469926923e-02 7.364176870304995905e+25
3.682601719509817628e-02 7.334779311724887404e+25
3.690260009490573673e-02 7.184898713473692312e+25
3.691487728788771933e-02 7.160906642709756339e+25
3.695360662848085759e-02 7.085426281150448684e+25
3.696195842782455665e-02 7.069437990254219264e+25
3.703599688050392830e-02 6.925159031583372099e+25
3.704594464430753520e-02 6.905849728445263112e+25
3.708965518502009562e-02 6.821069365361925772e+25
3.709789966055092314e-02 6.805079139009553947e+25
3.716891875792095040e-02 6.667241590341573791e+25
3.717701200072733719e-02 6.651514466408302210e+25
3.718049840190786048e-02 6.644787740550007870e+25
3.720124621199312476e-02 6.604864414503236828e+25
3.720473261317364805e-02 6.597623585621634496e+25
3.722548042325888457e-02 6.557544638924051421e+25
3.724914664579936224e-02 6.511532226291040392e+25
3.725616178558817382e-02 6.497953839770151449e+25
3.727085925205236155e-02 6.469729463399670277e+25
3.730979835495926850e-02 6.394831705820662814e+25
3.739430524649284271e-02 6.231355695820987633e+25
3.740071156414986192e-02 6.219073480839328056e+25
3.740910384266422223e-02 6.202600387223912733e+25
3.743581299286426883e-02 6.151252995932863039e+25
3.747157222122792647e-02 6.081961691549531845e+25
3.747396076799516806e-02 6.077325496601623150e+25
3.755501759549363661e-02 5.921482040557296986e+25
3.758051441789134889e-02 5.872148787412121915e+25
3.761540356517135975e-02 5.804454104811440771e+25
3.761627680888388059e-02 5.802874618176660393e+25
3.762992073061161014e-02 5.776424027489281833e+25
3.764293797519293466e-02 5.751357449402946668e+25
3.764403627319133638e-02 5.749394214945246439e+25
3.766881493366028982e-02 5.701982669863180800e+25
3.766930192841992653e-02 5.701206152144150755e+25
3.769608035651460243e-02 5.649401053117456837e+25
3.769817107697161912e-02 5.645332045329051599e+25
3.770170809523270411e-02 5.638626543156982798e+25
3.770268133919264797e-02 5.636632591949556824e+25
3.774219051470576597e-02 5.560851984065976989e+25
3.776547777516362642e-02 5.515630412292870699e+25
3.782315472025830905e-02 5.404610449205720620e+25
3.782765846440198226e-02 5.395949361706382408e+25
3.785294376376658471e-02 5.347311230941458980e+25
3.787925564922160065e-02 5.296763258281515693e+25
3.789122960277273300e-02 5.273424776182263511e+25
3.792829614754449769e-02 5.201923586233550689e+25
3.794540164038200797e-02 5.168871883349320389e+25
3.798871617362898495e-02 5.085310071230491731e+25
3.799153334141783245e-02 5.079751845665850546e+25
3.800468190620457515e-02 5.054737148886559989e+25
3.807186919660518476e-02 4.924639987582938036e+25
3.807665639308287220e-02 4.915552055822406509e+25
3.809784120471389202e-02 4.874828858253846181e+25
3.809995438033461634e-02 4.870649046730711109e+25
3.812113919196564310e-02 4.829788884526481054e+25
3.812325236758635355e-02 4.825789439724803104e+25
3.813567330102622666e-02 4.801803623036650923e+25
3.820473576142847938e-02 4.668406089638016602e+25
3.824496831802966929e-02 4.590661557639783827e+25
3.826829771906362782e-02 4.545366273675906317e+25
3.834065475246106053e-02 4.405828706156464203e+25
3.834093690983767649e-02 4.405056046150513950e+25
3.834101729944650733e-02 4.404935934685982785e+25
3.840767813485685550e-02 4.276128429263181182e+25
3.841976572204407886e-02 4.252761732003484028e+25
3.846263197274833734e-02 4.169651882389812715e+25
3.847551601944646654e-02 4.144520372104710471e+25
3.849678289752339611e-02 4.103173557071733161e+25
3.850966694422153919e-02 4.078402978404218718e+25
3.853093382229848263e-02 4.037154911726739577e+25
3.853855972980732569e-02 4.022437811811821869e+25
3.853970473592025631e-02 4.020176088546592009e+25
3.857481583044732737e-02 3.952133165169472791e+25
3.858150033668458767e-02 3.939131040421405564e+25
3.858565894871146540e-02 3.930902908592614134e+25
3.865637006588391877e-02 3.793562595394854592e+25
3.873212053157187168e-02 3.645800004059414569e+25
3.873954872607747457e-02 3.631404862052580641e+25
3.879019004321916653e-02 3.532550274789085484e+25
3.882427952365822416e-02 3.465849500237131044e+25
3.888274072645916263e-02 3.351216902049987243e+25
3.890143365665563180e-02 3.314569974948336420e+25
3.898057909644900287e-02 3.159187709695472965e+25
3.899195352306446954e-02 3.136520665092629138e+25
3.899247661918241875e-02 3.135505727586089832e+25
3.899296551248540577e-02 3.134437811346684772e+25
3.899405010790239767e-02 3.132142102337017151e+25
3.899781027571368880e-02 3.124896750927032492e+25
3.901024608714602493e-02 3.100542586936488292e+25
3.901532269329640451e-02 3.090576311881652596e+25
3.902178068754500601e-02 3.077921259293616985e+25
3.902685729369538559e-02 3.067950995998129940e+25
3.907623253508809430e-02 2.969664012169142592e+25
3.914963011060277470e-02 2.824216277092826441e+25
3.915919290216885590e-02 2.805133711575903095e+25
3.918974509223949187e-02 2.744229668845056468e+25
3.921578600588804253e-02 2.692192677764044885e+25
3.930289915359740094e-02 2.516695040454743527e+25
3.930811892980926037e-02 2.506270432947996377e+25
3.935263289078357735e-02 2.416045110098487253e+25
3.936241632300525178e-02 2.396151653749010208e+25
3.945616819659202718e-02 2.204099616315303917e+25
3.947695018604027023e-02 2.161342936572960871e+25
3.947729147437778474e-02 2.160552308862891658e+25
3.949807346382605555e-02 2.117289922419344623e+25
3.949841475216355619e-02 2.116632907430935653e+25
3.950202611813379699e-02 2.109160499833346707e+25
3.951804358632342307e-02 2.075859408849322633e+25
3.955161399217255180e-02 2.005417695631740258e+25
3.958964501900866240e-02 1.924713668970076407e+25
3.959369404506462436e-02 1.916148936921100869e+25
3.964201576392940851e-02 1.812844081049524110e+25
3.965528065966677368e-02 1.783826820527736415e+25
3.969990771039826061e-02 1.687179477133025104e+25
3.971569600692829299e-02 1.652385759939954666e+25
3.976471578304604376e-02 1.543821526848484420e+25
3.978464067081011191e-02 1.499171381854763270e+25
3.981017040178785188e-02 1.441501817648851493e+25
3.982325052739706106e-02 1.411986936467458134e+25
3.984392365712480927e-02 1.365081107716946530e+25
3.985311967734314620e-02 1.344278878679654587e+25
3.987251451637619654e-02 1.300110870437838750e+25
3.990081146547289070e-02 1.236211440838847763e+25
3.990963575965032761e-02 1.216114758274472679e+25
3.993123668191442266e-02 1.167609514597915705e+25
3.994932445209043587e-02 1.127328522161136958e+25
3.995450550987919569e-02 1.115783781648937733e+25
3.995795540469765372e-02 1.108255257404106366e+25
3.997808817497786049e-02 1.064247509181709927e+25
4.002842026576249046e-02 9.586770867150424614e+24
4.003024995816494708e-02 9.551096761008841543e+24
4.004761536205218159e-02 9.200752546879521337e+24
4.005309812071349701e-02 9.092039581428593155e+24
4.005719011967514426e-02 9.013546458568884432e+24
4.005835929189277556e-02 8.990917363115396285e+24
4.007965556315355032e-02 8.587667453415136680e+24
4.010241213201232863e-02 8.175051029725528512e+24
4.015362408052534915e-02 7.331404884313681206e+24
4.016102207501802412e-02 7.219871367709420826e+24
4.016595165796954525e-02 7.145508102457163547e+24
4.018224069813227523e-02 6.911088428056710620e+24
4.018448157763132578e-02 6.879133152558635756e+24
4.020073496804444507e-02 6.656815339467957722e+24
4.020505891751356697e-02 6.599857588634277481e+24
4.023262751149658117e-02 6.255204121544239786e+24
4.028022537687161314e-02 5.728417821528750899e+24
4.032053566042041737e-02 5.341023096904640295e+24
4.036160666958719945e-02 5.004480698076725292e+24
4.040679510097545252e-02 4.686473587814434521e+24
4.042191235629588597e-02 4.589601138147531474e+24
4.047802312197038010e-02 4.270257950399012851e+24
4.051815442166082498e-02 4.077084708950409222e+24
4.054620833483466719e-02 3.956883644558536308e+24
4.054932930094112126e-02 3.942141638875922399e+24
4.058886811071333450e-02 3.788212902498451998e+24
4.062048678645216460e-02 3.677422172594176440e+24
4.065013861344757978e-02 3.582576430403306402e+24
4.070468886447622253e-02 3.428252288599456701e+24
4.072618544875679369e-02 3.372709686840212517e+24
4.076362064102335286e-02 3.283689447701061193e+24
4.117850535580021287e-02 2.644302536144494443e+24
4.129525924180538210e-02 2.531656340421650097e+24
4.145938352029911872e-02 2.405189157177184720e+24
4.156021615065540881e-02 2.339929989259575398e+24
4.175577689167997431e-02 2.230607946139399851e+24
4.178179469328330981e-02 2.217534169419151877e+24
4.187093245468304081e-02 2.173922503390218108e+24
4.196833352710942211e-02 2.129568488275444022e+24
4.233304842755970798e-02 1.994785495277568172e+24
4.244825436393129259e-02 1.959109387304708736e+24
4.250431439315308091e-02 1.941085680973979287e+24
4.268180590633781357e-02 1.896823613051270051e+24
4.270407021782147983e-02 1.889600179024577350e+24
4.271951629065481176e-02 1.886624435810916136e+24
4.290788485029352339e-02 1.842387738240087402e+24
4.299077821737834482e-02 1.826168729144030048e+24
4.302437774794171804e-02 1.817706034565327993e+24
4.307280885546271865e-02 1.809856790288190233e+24
4.314782781032958786e-02 1.797457754640558213e+24
4.326204014410186399e-02 1.777197698215441301e+24
4.342227664086726474e-02 1.754488584362937626e+24
4.359885821432347291e-02 1.730991579223882715e+24
4.366598530755920471e-02 1.723592144432770471e+24
4.392519594910790359e-02 1.698109499209836168e+24
4.398996987798538261e-02 1.690205092624800726e+24
4.425153368389234815e-02 1.671012472587765519e+24
4.439254203181528663e-02 1.662889960076220815e+24
4.444587145686427349e-02 1.661122460651977672e+24
4.448088028026275093e-02 1.658373425873211772e+24
4.453661010355500910e-02 1.653776959592426149e+24
4.457866932921104169e-02 1.652360425020084296e+24
4.464020922983621270e-02 1.650317369035297179e+24
4.471959686116237787e-02 1.647428851685820606e+24
4.483454700280814498e-02 1.641574523642135404e+24
4.496993433091546477e-02 1.637728600392846520e+24
4.501243673446990445e-02 1.636243594534321597e+24
4.506895531685029682e-02 1.635005573965966110e+24
4.507019419804583066e-02 1.635029311246299004e+24
4.518296542162214546e-02 1.632756033594840943e+24
4.518348918957957455e-02 1.632761463313777572e+24
4.525109274968902584e-02 1.631251941656103599e+24
4.529670380377936317e-02 1.629419971462181872e+24
4.530411448523953555e-02 1.629258218439775862e+24
4.535480114787665551e-02 1.627687588292389291e+24
4.535581403350641416e-02 1.627666623808674225e+24
4.539883343006904243e-02 1.626610505106874153e+24
4.541763266973994351e-02 1.626454450670243798e+24
4.541812893603320439e-02 1.626557893414304336e+24
4.547828597716744442e-02 1.623120556555470564e+24
4.548005826888360664e-02 1.622957263034188435e+24
4.549434648087605920e-02 1.621997441750349619e+24
4.551107844408752712e-02 1.621054384492347872e+24
4.553973099320714202e-02 1.618870133510189363e+24
4.556452963607411644e-02 1.616783638090087148e+24
4.561759771323385670e-02 1.611965388519251586e+24
4.565205263923256124e-02 1.607489882012093281e+24
4.567964061659258307e-02 1.603524500214834931e+24
4.569452206526250504e-02 1.601250360220529568e+24
4.570761821707851336e-02 1.599496144394236478e+24
4.573483999092924773e-02 1.593937481657663250e+24
4.575582171889634037e-02 1.589603239919091779e+24
4.577544526435621541e-02 1.585194904332643013e+24
4.580047064155999548e-02 1.579596405961963292e+24
4.581389175709935091e-02 1.575721391449441649e+24
4.583649918683146279e-02 1.568780460759319660e+24
4.584775676569632918e-02 1.565264664212875321e+24
4.587533693121056966e-02 1.556867142624095217e+24
4.590785431092300056e-02 1.545903778320320932e+24
4.593721900750386000e-02 1.535366996309103316e+24
4.594558648823144492e-02 1.532054010408870345e+24
4.599906894255571810e-02 1.509646522876108229e+24
4.600168567226188554e-02 1.509067900810395398e+24
4.604468783460752973e-02 1.499303255278821157e+24
4.605265111382417231e-02 1.497396282336029266e+24
4.608043978813974179e-02 1.491239128441823965e+24
4.609551703360078440e-02 1.487565152118824684e+24
4.613000390858008892e-02 1.479151184418488845e+24
4.615339587673790434e-02 1.473864359142757558e+24
4.615932832970772587e-02 1.472401354055122044e+24
4.617002247475686383e-02 1.469865341914548837e+24
4.617616030507337016e-02 1.467633979452465539e+24
4.617969121775202662e-02 1.466769221983633897e+24
4.619066237533344527e-02 1.463158043980294586e+24
4.622822240087005180e-02 1.454364776483300378e+24
4.624261671302341142e-02 1.451063198119781135e+24
4.624645640497912491e-02 1.450173161994065522e+24
4.624812187069417269e-02 1.449754765378262042e+24
4.625001403953733770e-02 1.449314807726936804e+24
4.628601144927690925e-02 1.442100042244167064e+24
4.628639477170115590e-02 1.442028536342049320e+24
4.628679363834439786e-02 1.441918547374361306e+24
4.628725755685678123e-02 1.441803683862708088e+24
4.629708740723586374e-02 1.439320241161819314e+24
4.635642397463233394e-02 1.423629024181516748e+24
4.636883862192179434e-02 1.420514525409333177e+24
4.640222780348757237e-02 1.412201247256816168e+24
4.640901514702253094e-02 1.410518162716536789e+24
4.642535003940710669e-02 1.406462067094911376e+24
4.642694293016714352e-02 1.406035191115131606e+24
4.651770788567549664e-02 1.383129136308993818e+24
4.652874973648608165e-02 1.380211100730536164e+24
4.655382151143495212e-02 1.373974118848502967e+24
4.655411055728795461e-02 1.373935574845645985e+24
4.660627377715448327e-02 1.360805906105751390e+24
4.661920711318656707e-02 1.357399343516092381e+24
4.662391154712163671e-02 1.356238743483668303e+24
4.666977781842274881e-02 1.343168331799184972e+24
4.668779633466606932e-02 1.339312584754513723e+24
4.670345378445025369e-02 1.335188356527914733e+24
4.670872254175681415e-02 1.333782995062106131e+24
4.674723901667928588e-02 1.324082856973590816e+24
4.674889656212766892e-02 1.323538714225150530e+24
4.676693172715863656e-02 1.318911857235716041e+24
4.676845978891127492e-02 1.318508917280930838e+24
4.678189970660695529e-02 1.314518889406184538e+24
4.680940512131596259e-02 1.307067580337171110e+24
4.685523462545814616e-02 1.294486532388588490e+24
4.691500934812325996e-02 1.279196510871308516e+24
4.691750846919081480e-02 1.278423424401853217e+24
4.693014335092850209e-02 1.275091267493090390e+24
4.698173273741796524e-02 1.259160974506402035e+24
4.698862485327533201e-02 1.257143862860514870e+24
4.701652059713398030e-02 1.249887599546903107e+24
4.701961234498983067e-02 1.249074916637310806e+24
4.704750808884845120e-02 1.241196426630346303e+24
4.710187527726885509e-02 1.226023413608237826e+24
4.710855131079379893e-02 1.224155058551480318e+24
4.714386233089388339e-02 1.214127708248515224e+24
4.715874156641459980e-02 1.209812896441497782e+24
4.720885183957985315e-02 1.195409575529140952e+24
4.723969569594906742e-02 1.187070547558112590e+24
4.724564490752729273e-02 1.185354546624843615e+24
4.726626782259458343e-02 1.179484791098597060e+24
4.726965792770410763e-02 1.178498609496459951e+24
4.727049221467467810e-02 1.178237642069612735e+24
4.734470038264309427e-02 1.155825296284185728e+24
4.734819551921523595e-02 1.154765554960130265e+24
4.737415414776884048e-02 1.147317697744675151e+24
4.738002333013673767e-02 1.145487034249269647e+24
4.738069441929509962e-02 1.145199347726080304e+24
4.738243634203193749e-02 1.144689118006079750e+24
4.738824186677689787e-02 1.142953005521897299e+24
4.738998357313110865e-02 1.142491638881538124e+24
4.739075785313461714e-02 1.142253999072958640e+24
4.739644793800813771e-02 1.140642840843276217e+24
4.740054808118990964e-02 1.139518368799804724e+24
4.740262295097573408e-02 1.138912184407967700e+24
4.742244768189358278e-02 1.133360600152105059e+24
4.751612402351983871e-02 1.104492286487692665e+24
4.760049218467445054e-02 1.079761621855300020e+24
4.760098455926575073e-02 1.079601543370781588e+24
4.762250064625782320e-02 1.071588843094422126e+24
4.765224932225497340e-02 1.063078940970764955e+24
4.767844631050212334e-02 1.055029310570479768e+24
4.776838842481774539e-02 1.027704117332247839e+24
4.778837462099012195e-02 1.021421502206441616e+24
4.779367062202206223e-02 1.019785965426747267e+24
4.782179459301944685e-02 1.011102182918962731e+24
4.783449334931417357e-02 1.006737381794200471e+24
4.787536955032457853e-02 9.943537946619651597e+23
4.791145922999815593e-02 9.823700848085352202e+23
4.791472265010562198e-02 9.813002867945301260e+23
4.791673949993545401e-02 9.806631148556291429e+23
4.794951105009114672e-02 9.703845390311210950e+23
4.794996786983782289e-02 9.702376879738051405e+23
4.795373588003574994e-02 9.690763218064906681e+23
4.797633927635619466e-02 9.617987870219975042e+23
4.798798909326066481e-02 9.576741042787084466e+23
4.800347682352656964e-02 9.531772595829349296e+23
4.801300475165085763e-02 9.501483949217323774e+23
4.803408967438958788e-02 9.433880410303725537e+23
4.804950867925258245e-02 9.384498468561373626e+23
4.809294903300177088e-02 9.244561085900165795e+23
4.810641705917972910e-02 9.191963366927248487e+23
4.812696882221439987e-02 9.126183339693028556e+23
4.816725167901651089e-02 8.997216487116898556e+23
4.818194610931984811e-02 8.950720718583712165e+23
4.820377436317955372e-02 8.880364064999164787e+23
4.822582964491344687e-02 8.812858920349631376e+23
4.823270606184618808e-02 8.790219629257531473e+23
4.823893235598800816e-02 8.769966983306791658e+23
4.824408182659216393e-02 8.753346510439477475e+23
4.825362416014638417e-02 8.721941011557236175e+23
4.828148406193169540e-02 8.631574664505159131e+23
4.833207474949537119e-02 8.456380503651540911e+23
4.833400882539419519e-02 8.450193042107432027e+23
4.833483452062105334e-02 8.447818252371707906e+23
4.836355595829047727e-02 8.352503044071890847e+23
4.836438165351736318e-02 8.349780875165641600e+23
4.839310309118678710e-02 8.253475966479930522e+23
4.839573899959546954e-02 8.244780160296903686e+23
4.846605627292344814e-02 8.017115764839451040e+23
4.846868144299558423e-02 8.008415062642538379e+23
4.846872492110190778e-02 8.008420047208072148e+23
4.852903368034416909e-02 7.802930599879763149e+23
4.853073451076046763e-02 7.797303710046593734e+23
4.861667725399347606e-02 7.504226892701446879e+23
4.862101380014817453e-02 7.489627181022732710e+23
4.866240341680196785e-02 7.345293965565351606e+23
4.866770616278877359e-02 7.325968811143715325e+23
4.875874851360362250e-02 7.019418738718924603e+23
4.877330267919444823e-02 6.972610765700597767e+23
4.877681458819625032e-02 6.960952330573819412e+23
4.878658169288054708e-02 6.926472047881113924e+23
4.879009360188237693e-02 6.914167878455882857e+23
4.879986070656663899e-02 6.880050943449354700e+23
4.880337261556844802e-02 6.867837418128439320e+23
4.889695869857322436e-02 6.539286528377178995e+23
4.889721398626852011e-02 6.538357368332743229e+23
4.889723561941289320e-02 6.538197868182216617e+23
4.893922717234146236e-02 6.386314149329140869e+23
4.894617842224591175e-02 6.361219642414391833e+23
4.902267702075458616e-02 6.084372050146875020e+23
4.903333042341759263e-02 6.049892863561223708e+23
4.907910973232704199e-02 5.891279124744906075e+23
4.909784920355073773e-02 5.823258670319739181e+23
4.914814005524065915e-02 5.639618033422147581e+23
4.916843644390787166e-02 5.565770613129568322e+23
4.917750308707655865e-02 5.532545750614701978e+23
4.919779947574375034e-02 5.458072896743237076e+23
4.924000402789981135e-02 5.290214734062028639e+23
4.925351441406787545e-02 5.243935124298249420e+23
4.926011626893651157e-02 5.219695488331372518e+23
4.926026626469737907e-02 5.219108647864999975e+23
4.927056600542539799e-02 5.173119397534846398e+23
4.927256919709139399e-02 5.165814177453022558e+23
4.927260240459802737e-02 5.165770324948241938e+23
4.928764711153826167e-02 5.113857433791868436e+23
4.937006557345034741e-02 4.812255748013883749e+23
4.937816273145882728e-02 4.781596539247953078e+23
4.937870757223857682e-02 4.779582937454951981e+23
4.946716670823204237e-02 4.445343972424385571e+23
4.947745430427361729e-02 4.405699519319415718e+23
4.948349662978514946e-02 4.382366096994340459e+23
4.948647649179582775e-02 4.370841840656096082e+23
4.948842328857317591e-02 4.363158645841364485e+23
4.952861922146280238e-02 4.206210705608682641e+23
4.954894391402449305e-02 4.125962074161542322e+23
4.954904209493041917e-02 4.125511155997018727e+23
4.956649008660456157e-02 4.061790079633640149e+23
4.956881237288641995e-02 4.052530144591913985e+23
4.959306054799541424e-02 3.951700472320387333e+23
4.960886007780794527e-02 3.887543703776726153e+23
4.963860158382340376e-02 3.765363240142184959e+23
4.966478464426803824e-02 3.658685903690281087e+23
4.967927025326018819e-02 3.599813121406893965e+23
4.968857356113791368e-02 3.560630564490372280e+23
4.972536702105398443e-02 3.410746183319776647e+23
4.974417625504238410e-02 3.330710595447294840e+23
4.976439081407482007e-02 3.244603819197824531e+23
4.977358810664242461e-02 3.205088029128585852e+23
4.979006377425482938e-02 3.133706392598590165e+23
4.981795736370819155e-02 3.013451354492432349e+23
4.983869902080405312e-02 2.923339654658066880e+23
4.987534503354236481e-02 2.762674949265436506e+23
4.989155398737173813e-02 2.691161877656913943e+23
4.993502467481782808e-02 2.502541095865040576e+23
4.994720534090309888e-02 2.449940473609180267e+23
4.995109219855831811e-02 2.433361532305539491e+23
4.997326868294177382e-02 2.339264760282240684e+23
4.999812664771411536e-02 2.239282285858589623e+23
5.000539755611733278e-02 2.206608809751731021e+23
5.000593741006109649e-02 2.205054195831259875e+23
5.006031198934868254e-02 1.990356207931947986e+23
5.013110508211973682e-02 1.737103579059454329e+23
5.013315762607023496e-02 1.730349431379309520e+23
5.013477685693761704e-02 1.725394079062155738e+23
5.017947071498012751e-02 1.590867734674259826e+23
5.022396025393720959e-02 1.475948656535051174e+23
5.026237785359442822e-02 1.388732503107977735e+23
5.027019717519165543e-02 1.372482413013267288e+23
5.029862944061155861e-02 1.312452274709555189e+23
5.030312033426087570e-02 1.304376954222656514e+23
5.030610640574187387e-02 1.298801807422987457e+23
5.031148836509133360e-02 1.289579713716133592e+23
5.031393863665581390e-02 1.285057523862353132e+23
5.036939716801234340e-02 1.199933132610435830e+23
5.038155536188206746e-02 1.181754101120557132e+23
5.049570928864642594e-02 1.048432892693702257e+23
5.053537089979343033e-02 1.007141362700616907e+23
5.057876439109610517e-02 9.707872736214956533e+22
5.066784938323351528e-02 9.111945258259037186e+22
5.074853854586161561e-02 8.705985780866285253e+22
5.075717052937876034e-02 8.666215785346437533e+22
5.076486812058739889e-02 8.630439828492958826e+22
5.093980829934892374e-02 7.893839578501868002e+22
5.105952668219407992e-02 7.649116855568641609e+22
5.110514323694812650e-02 7.541332714556094205e+22
5.114990750309139633e-02 7.472078979329698038e+22
5.121455175373335750e-02 7.208935897928759352e+22
5.127693223517896387e-02 7.145793406431062393e+22
5.139552110654931061e-02 6.960894500535526438e+22
5.149425936907656848e-02 6.799045458518640637e+22
5.157649045936527066e-02 6.676728279500502283e+22
5.165499625484643725e-02 6.552916671720415717e+22
5.175745981218122377e-02 6.354266470168559354e+22
5.189497986660806389e-02 6.188797074397800589e+22
5.207270652002912725e-02 6.098225225700628811e+22
5.214868657909133010e-02 6.027530944004795400e+22
5.234514321696810690e-02 5.808555927555769631e+22
5.239858994645338330e-02 5.769434048000858417e+22
5.247400972468441865e-02 5.698102936559728512e+22
5.272785110441590567e-02 5.511900477445978771e+22
5.280492668049039523e-02 5.466046979967788515e+22
5.314119274862828812e-02 5.279429228177833276e+22
5.314621695867779300e-02 5.277185325250803820e+22
5.323709638938473043e-02 5.269564746037692098e+22
5.350648933929481182e-02 5.218810745113189915e+22
5.355453439284064976e-02 5.210617123852855017e+22
5.391596618724921186e-02 5.030647882015356800e+22
5.396787603705303221e-02 5.037426640465668394e+22
5.428242366241523009e-02 4.956545016272397533e+22
5.429478737302975005e-02 4.954783921479990693e+22
5.436426134842307217e-02 4.948614271014484836e+22
5.446903230884760083e-02 4.948396641339319727e+22
5.448767753287803856e-02 4.946209854437463792e+22
5.464327724466545161e-02 4.935283337674446445e+22
5.468781099019572739e-02 4.935479144242841072e+22
5.475879378136670750e-02 4.937225640491555068e+22
5.478790966630497222e-02 4.893365217652928781e+22
5.487803844057073666e-02 4.900594175979663078e+22
5.490183875750270087e-02 4.900221403128820190e+22
5.505040498622217754e-02 4.914817875695473420e+22
5.505598654205832998e-02 4.913704092460502116e+22
5.506355290961990195e-02 4.914638852562077352e+22
5.516040027033994320e-02 4.885390175351231165e+22
5.529068683596528866e-02 4.945038151217819156e+22
5.534756083238129287e-02 4.948461088974829938e+22
5.537144615961529792e-02 4.953742672982770817e+22
5.548272156968658830e-02 4.976674308916945250e+22
5.548546665433153058e-02 4.976518314873529041e+22
5.549956168842332116e-02 4.979935237359361694e+22
5.551581021663681836e-02 4.966646002575328726e+22
5.552122634251210886e-02 4.973807154846255966e+22
5.559539199965524842e-02 4.974100405248879231e+22
5.563292249860239680e-02 4.976795541437897769e+22
5.564168130903651005e-02 4.975676890923800094e+22
5.565658091228684740e-02 4.935347170530956830e+22
5.568718558856763229e-02 4.850599311342419365e+22
5.568905407686366993e-02 4.850162279051086843e+22
5.569752106226380506e-02 4.848770186281069052e+22
5.573622590978675323e-02 4.869464983520359639e+22
5.576755240143619480e-02 4.844406490379762585e+22
5.578552964824635280e-02 4.871958061288605195e+22
5.580649162080757175e-02 4.852466556568298167e+22
5.584711743803536660e-02 4.809209935144139987e+22
5.586337343003964367e-02 4.787667885073055823e+22
5.587793119183059876e-02 4.768487541187540104e+22
5.589105544303243911e-02 4.733925514888130802e+22
5.591572340972591343e-02 4.669160467369660776e+22
5.595919445864310643e-02 4.585764028784961179e+22
5.602383537859220025e-02 4.498990552640920119e+22
5.603822344440204800e-02 4.495299376389948860e+22
5.604202525925353756e-02 4.494427606392671673e+22
5.604700652712092668e-02 4.493770549912494984e+22
5.605240903169874528e-02 4.529872094015190257e+22
5.605540047039921092e-02 4.528425393080977116e+22
5.605766761312122592e-02 4.527044881050404232e+22
5.607658817052754013e-02 4.524417793219024336e+22
5.613135335152313193e-02 4.503594778051588234e+22
5.617008980003258822e-02 4.535386470253159304e+22
5.618683645775780083e-02 4.491934446276133991e+22
5.619692114605541466e-02 4.487866715807027927e+22
5.620830051432848529e-02 4.483676613229305397e+22
5.622118104622370743e-02 4.480755030686692069e+22
5.623215955653605019e-02 4.476799495902459226e+22
5.626232241785628779e-02 4.458225256116017273e+22
5.628524767713385252e-02 4.447077860457301253e+22
5.629610500401558554e-02 4.441911591277406926e+22
5.630627573865638197e-02 4.438013847902544619e+22
5.633833734528215925e-02 4.472250228577686834e+22
5.639994438757606893e-02 4.437385152898109800e+22
5.643358174416340800e-02 4.422258508494891962e+22
5.645074395942568241e-02 4.412519344147258357e+22
5.646648024309144920e-02 4.364056988447112010e+22
5.651786830032157899e-02 4.339103128701612799e+22
5.652603574860488173e-02 4.335296041486366278e+22
5.657381049815426999e-02 4.343252194384526757e+22
5.664003031979473329e-02 4.303029864092824450e+22
5.673821181468315100e-02 4.244947387367610017e+22
5.674485594117372605e-02 4.241136661814087726e+22
5.678619976926627816e-02 4.212880107177924100e+22
5.678695613317021051e-02 4.212577011607534777e+22
5.679458818489434985e-02 4.206944069178314510e+22
5.679662397819622982e-02 4.204828500902672964e+22
5.680638198401446320e-02 4.197751960530673310e+22
5.680841777731631542e-02 4.196053580987946028e+22
5.681817578313454881e-02 4.188117297351325699e+22
5.682021157643640102e-02 4.187008914395465410e+22
5.684895601882854893e-02 4.168696247993076023e+22
5.691064301376895507e-02 4.085480338403625848e+22
5.693205109162501748e-02 4.069091736366062607e+22
5.694297990754075556e-02 4.060011220231468247e+22
5.701736498448683327e-02 4.039402124594735638e+22
5.702375223809778848e-02 3.994175585656573107e+22
5.706157389369475447e-02 3.964934617042746186e+22
5.706561575132979014e-02 3.961863032071444759e+22
5.706620256455772339e-02 3.961481065635248498e+22
5.713360581490762452e-02 3.900763366520081980e+22
5.713664100764066778e-02 3.898309305966910243e+22
5.715878457958327441e-02 3.877132834446777306e+22
5.716181977231631073e-02 3.874709270866947159e+22
5.717979894952322090e-02 3.857565661183941489e+22
5.719965681074608288e-02 3.840259872893547472e+22
5.722790362990687330e-02 3.816061534541609907e+22
5.725665674596967097e-02 3.826516517561646134e+22
5.730545591160567803e-02 3.781584794369549507e+22
5.737704424064892644e-02 3.664959820953255569e+22
5.740059364804284137e-02 3.680529590799770321e+22
5.744311110491990419e-02 3.638549848795426639e+22
5.747293385109871616e-02 3.607001139967004613e+22
5.755443167055177695e-02 3.516108856990133702e+22
5.756907540769222453e-02 3.500250623599816842e+22
5.762956546387016515e-02 3.431758309243338988e+22
5.766456592737033426e-02 3.392548192208588007e+22
5.767111740984016965e-02 3.385623207194827476e+22
5.769113003169382831e-02 3.362981855391619691e+22
5.769586822713929086e-02 3.356087923472398601e+22
5.772927790458459024e-02 3.320048622625873304e+22
5.773861289702832134e-02 3.309634150127730531e+22
5.774697090070736449e-02 3.299836987190200920e+22
5.776412155191176789e-02 3.279349829927601124e+22
5.781058728997652552e-02 3.221896237097818889e+22
5.783200019628204763e-02 3.195225476533300337e+22
5.792969430587605745e-02 3.071284291364718641e+22
5.795323945808886906e-02 3.041842659850229436e+22
5.800597388735423410e-02 2.971896825928752090e+22
5.802999564355570267e-02 2.903791146980605113e+22
5.811241771104475734e-02 2.793156374419641414e+22
5.814445670574996256e-02 2.751085996741341322e+22
5.820136048473193574e-02 2.672700502862170633e+22
5.821876807224194567e-02 2.650148720504271484e+22
5.823492957938616182e-02 2.626274032536343334e+22
5.824228744706999583e-02 2.616062641821690993e+22
5.824872589351543645e-02 2.606626027006255851e+22
5.825920725789143079e-02 2.581189961472928226e+22
5.826928710035164660e-02 2.566772965259109781e+22
5.827893476549963342e-02 2.552193311971511108e+22
5.828909562054159638e-02 2.547124213416097061e+22
5.833436116064859289e-02 2.479687073505752593e+22
5.838361046309172714e-02 2.406279688952574535e+22
5.841590163412491155e-02 2.359831701471683097e+22
5.845742298445093243e-02 2.292006141515841038e+22
5.852849727319447276e-02 2.204449132160514785e+22
5.855731949919417562e-02 2.158173367922596407e+22
5.860419826395197457e-02 2.040305500879528657e+22
5.862575034836026849e-02 2.004938636137747133e+22
5.872229795569069294e-02 1.873374913933636062e+22
5.873102853529664491e-02 1.857136459340127928e+22
5.873436031934205909e-02 1.851301584647967107e+22
5.873683331415188030e-02 1.852535224785193822e+22
5.874844195940943231e-02 1.829759787587149287e+22
5.875573243475937929e-02 1.815921024794991631e+22
5.875819728919525614e-02 1.810894329948195835e+22
5.876829557570382306e-02 1.791613367533743951e+22
5.877715701384156333e-02 1.772730187748362263e+22
5.879688077398220747e-02 1.734630194486233059e+22
5.881378897117930937e-02 1.701964800647356219e+22
5.885530252005072988e-02 1.619465456623850566e+22
5.886343107843137329e-02 1.603971873027467405e+22
5.890114335459026990e-02 1.523326963678278844e+22
5.890387501408793358e-02 1.518005316244837132e+22
5.894504923374774275e-02 1.433833765417801640e+22
5.896639051217505284e-02 1.381373189653427703e+22
5.896905486704116101e-02 1.375424406367174761e+22
5.899890085318110905e-02 1.315694818874347854e+22
5.902374460170474457e-02 1.268336453759126418e+22
5.904043841854152153e-02 1.239162739485995486e+22
5.904594453894928402e-02 1.229680942329165251e+22
5.906934994591872545e-02 1.189871139745990443e+22
5.907491472326543980e-02 1.180490831979383410e+22
5.909331082290771031e-02 1.148616141214879790e+22
5.911384748256976601e-02 1.112812769564643086e+22
5.911827198404542155e-02 1.105298221816124696e+22
5.913011111639505241e-02 1.086607479797863521e+22
5.914495338168005573e-02 1.064256807216465995e+22
5.916243169360619475e-02 1.039071621340574463e+22
5.922517153018362623e-02 9.407158198000399942e+21
5.923141937926797163e-02 9.332775301325664551e+21
5.924006008218253572e-02 9.241109772043065229e+21
5.924218966938445824e-02 9.218270693418094035e+21
5.930390904278785152e-02 8.597923806592115933e+21
5.933761865132199803e-02 8.254190730344136704e+21
5.933873809729414694e-02 8.245651571012360208e+21
5.937747232659096319e-02 7.949236981815915315e+21
5.939330552402040386e-02 7.850454440699718795e+21
5.939474587427942542e-02 7.841748313681519706e+21
5.944574271318164849e-02 7.544657810792810283e+21
5.945366582740160832e-02 7.512154215963674280e+21
5.945396808817545592e-02 7.510809166712700666e+21
5.953810083782463958e-02 7.103613420803857580e+21
5.958725253072292422e-02 6.992576486025764798e+21
5.962612769687981873e-02 6.740097564336511255e+21
5.965382867375947779e-02 6.638625056514811888e+21
5.966839581391304020e-02 6.602936753568335528e+21
5.969120165522194543e-02 6.529555233274826064e+21
5.970631793460304260e-02 6.488641269163938021e+21
5.977747162422761273e-02 6.329057377730818998e+21
5.988272825071360578e-02 6.105370151762504188e+21
5.989710113966294908e-02 5.938945420802615411e+21
5.990136817395218249e-02 5.932663880353080934e+21
5.997246106912008240e-02 5.831760614197454438e+21
6.008599341286627316e-02 5.782284174289835917e+21
6.010401856794201497e-02 5.650352414796438045e+21
6.011213212805881917e-02 5.642747289555494240e+21
6.011647330315725984e-02 5.638694746879584895e+21
6.015891191613277622e-02 5.578477443990261072e+21
6.018431314335635773e-02 5.542880284098790687e+21
6.029430340228041085e-02 5.425112738753478132e+21
6.031237558997794290e-02 5.495242916554453549e+21
6.033188889260971549e-02 5.476128422934215655e+21
6.036308410045724410e-02 5.449764650414029930e+21
6.054349949486422661e-02 5.196378765394961236e+21
6.062517410641517224e-02 5.135190523817587900e+21
6.074049212510033297e-02 5.046130637830192366e+21
6.082080391824990634e-02 4.998579823190886842e+21
6.085555802589993901e-02 4.981875636613146477e+21
6.093241541193757799e-02 4.896660538951892730e+21
6.097032461220071309e-02 4.877722673580983976e+21
6.107527524738276536e-02 4.819550449618371215e+21
6.122378367124506338e-02 4.737828679458110833e+21
6.125350306131813888e-02 4.761082103576996610e+21
6.145461486272418145e-02 4.629338883307785945e+21
6.146401759395135611e-02 4.628138746769870684e+21
6.196855186988787373e-02 4.364004559385702957e+21
6.238728637350938327e-02 4.093771854884471570e+21
6.262673509457132581e-02 4.070796940874504208e+21
6.280907412623928932e-02 4.021339966559268897e+21
6.308132754280962318e-02 3.960942938206540136e+21
6.308697165874582735e-02 3.960194832316767404e+21
6.308980049017123837e-02 3.951850007358106239e+21
6.368591161364266229e-02 3.790177167885481279e+21
6.389522938075027636e-02 3.742909351875496641e+21
6.397452344540863201e-02 3.727669439776396673e+21
6.401713790098867429e-02 3.731807841243561984e+21
6.407378315063752550e-02 3.711511762475213652e+21
6.426299136113446109e-02 3.689441652103463830e+21
6.459663228045173233e-02 3.192838358663920353e+21
6.495176383945221177e-02 3.374087801860000842e+21
6.497475449892380073e-02 3.372625647690473013e+21
6.522799562650481719e-02 3.288504273923024617e+21
6.552895811801451309e-02 3.203213827837799170e+21
6.559555483723111813e-02 3.168742754096595862e+21
6.567610164333827216e-02 3.139836623200503464e+21
6.570409803382175340e-02 3.139233301011472843e+21
6.572135621086860890e-02 3.145456850487501390e+21
6.598821178806529852e-02 2.953216762564039934e+21
6.631758956700777030e-02 2.867915024685649625e+21
6.654158684207800434e-02 2.810439271048730378e+21
6.656354537284210615e-02 2.816200180529413226e+21
6.722165094989325518e-02 2.813113685707275633e+21
6.730141279034503043e-02 2.784464475748222632e+21
6.733546002834731037e-02 2.766833195092217954e+21
6.740972490413255080e-02 2.755984490096985375e+21
6.754736859617933853e-02 2.711012829622105014e+21
6.765386458284373961e-02 2.665585484534918939e+21
6.816992491210246974e-02 2.783487522778165805e+21
6.835731778419820714e-02 2.820222615628409209e+21
6.837744368407686069e-02 2.436278233426239160e+21
6.899999999999996414e-02 2.562733998224342254e+21
