3.6312056737588646e-7	3.067344416910487e20
3.5555555555555553e-7	1.0493389887135125e21
3.482993197278911e-7	1.1291386965352962e20
3.413333333333333e-7	3.279488214578288e20
3.34640522875817e-7	3.0086487224677905e20
3.282051282051282e-7	2.8298746855351947e19
3.2201257861635214e-7	2.144024164715722e20
3.160493827160493e-7	3.3572615731834205e20
3.1030303030303027e-7	5.965599110275207e20
3.047619047619047e-7	3.067941965225473e20
2.9941520467836257e-7	7.974997934864032e20
2.942528735632184e-7	8.239339200897293e20
2.892655367231638e-7	2.7990562486363397e20
2.844444444444444e-7	9.219531294007396e20
2.797814207650273e-7	6.034720914474825e20
2.7526881720430106e-7	3.772411622168479e20
2.7089947089947086e-7	1.7075938512961356e20
2.666666666666666e-7	2.5764309716524263e20
2.6256410256410255e-7	2.6373050917835817e20
2.585858585858586e-7	2.2134061006466933e19
2.54726368159204e-7	2.03055912508396e20
2.5098039215686275e-7	1.0209803100111359e21
2.4734299516908207e-7	1.3734459547928177e21
2.4380952380952376e-7	2.0848866262131826e21
2.4037558685446006e-7	1.6300258810285387e21
2.37037037037037e-7	1.425300126113911e21
2.3378995433789952e-7	1.0985755832170138e21
2.3063063063063062e-7	2.5405801988071794e21
2.2755555555555555e-7	2.1566565748586342e21
2.245614035087719e-7	1.8616618167741742e21
2.2164502164502162e-7	1.3476371364126696e21
2.1880341880341878e-7	6.303436751227662e20
2.160337552742616e-7	2.1707016035328655e20
2.133333333333333e-7	4.1205413520760675e20
2.1069958847736624e-7	6.061862395016831e20
2.08130081300813e-7	4.791947758298793e20
2.0562248995983933e-7	6.574633978376767e20
2.0317460317460317e-7	3.366131415161574e20
2.0078431372549018e-7	6.479227383780485e19
1.9844961240310076e-7	1.249995497463435e19
1.961685823754789e-7	1.2909574622922814e20
1.939393939393939e-7	2.109135434789995e20
1.9176029962546815e-7	3.42671946767728e20
1.896296296296296e-7	5.58677504684542e20
1.8754578754578753e-7	7.344272806464122e20
1.8550724637681157e-7	6.191051727826953e20
1.8351254480286738e-7	9.224460579374784e20
1.8156028368794323e-7	7.214068610945248e20
1.7964912280701754e-7	6.077539477647608e20
1.7777777777777776e-7	4.8362533715256725e20
1.7594501718213055e-7	4.0419370464399334e20
1.7414965986394556e-7	1.9290517793837194e20
1.7239057239057235e-7	1.8125935013356457e20
1.7066666666666666e-7	1.3921320413562795e20
1.6897689768976896e-7	9.69054704253915e19
1.673202614379085e-7	1.6497403279152513e19
1.656957928802589e-7	4.917898870812173e18
1.641025641025641e-7	4.958897422617761e17
1.6253968253968253e-7	6.919316169822823e18
1.6100628930817607e-7	4.495244654463563e17
1.5950155763239874e-7	1.5059308645798666e17
1.5802469135802466e-7	1.973400825949079e18
1.565749235474006e-7	9.1849839679887e17
1.5515151515151514e-7	1.5883037423456906e18
1.5375375375375375e-7	6.235225141586609e18
1.5238095238095236e-7	8.428718725050185e17
1.510324483775811e-7	3.931205361629239e17
1.4970760233918129e-7	3.2548043809775094e18
1.4840579710144926e-7	7.338810628486716e17
1.471264367816092e-7	7.237556281053627e18
1.4586894586894585e-7	6.637665914239136e17
1.446327683615819e-7	4.367803422609017e18
1.434173669467787e-7	1.8489041488430288e17
1.422222222222222e-7	5.297165245999057e18
1.4104683195592285e-7	8.832826000727703e17
1.3989071038251365e-7	4.773490546099374e18
1.3875338753387534e-7	1.3210876047120082e18
1.3763440860215053e-7	1.6181354708718648e18
1.3653333333333334e-7	9.559636482051308e17
1.3544973544973543e-7	1.1701140658139776e18
1.3438320209973753e-7	1.1488375947728663e18
1.333333333333333e-7	6.935115871654382e17
1.3229974160206715e-7	1.0395427106312371e18
1.3128205128205127e-7	4.017255266775483e17
1.302798982188295e-7	5.915292831415843e17
1.292929292929293e-7	1.405024816377647e17
1.2832080200501253e-7	4.766163197877659e17
1.27363184079602e-7	6.061297088064018e16
1.2641975308641975e-7	3.3919158671150694e17
1.2549019607843138e-7	4.66907002600529e16
1.2457420924574208e-7	1.2049381906304808e17
1.2367149758454104e-7	2.5497747210811796e16
1.2278177458033572e-7	1.2229743784879678e16
1.2190476190476188e-7	8.99539688973537e16
1.210401891252955e-7	4.4727161464293025e15
1.2018779342723003e-7	1.9743199348208784e16
1.1934731934731933e-7	8.051972426474599e14
1.185185185185185e-7	4.465119892748198e16
1.1770114942528734e-7	6.216189967661958e15
1.1689497716894976e-7	6.8069146227705976e16
1.1609977324263038e-7	1.942336187889147e16
1.1531531531531531e-7	3.731069813655421e16
1.1454138702460848e-7	1.7100444854598744e16
1.1377777777777777e-7	7.577705038053256e15
1.1302428256070639e-7	7.66047081712981e16
1.1228070175438595e-7	7.062246012901915e16
1.1154684095860565e-7	3.77842171191626e17
1.1082251082251081e-7	3.0448868711211315e17
1.1010752688172043e-7	3.7307528059096474e17
1.0940170940170939e-7	4.819968858536801e17
1.0870488322717621e-7	5.159476747658127e17
1.080168776371308e-7	6.502493061730688e17
1.0733752620545073e-7	4.056088862455371e16
1.0666666666666666e-7	1.2443392227771622e18
1.0600414078674947e-7	8.758279567367168e17
1.0534979423868312e-7	4.455229989040776e16
1.0470347648261758e-7	1.6510082844916384e17
1.040650406504065e-7	3.24253795791144e17
1.0343434343434342e-7	2.741968451617989e17
1.0281124497991966e-7	6.028346074849274e16
1.0219560878243514e-7	1.0412610621367325e17
1.0158730158730159e-7	4.647230877778896e16
1.009861932938856e-7	5.829782550887187e16
1.0039215686274509e-7	3.5655590960804996e16
9.980506822612084e-8	1.8681279626519068e16
