3.6312056737588646e-7	3.114206502653884e20
3.5555555555555553e-7	1.0798067577717472e20
3.482993197278911e-7	2.3691329475002273e20
3.413333333333333e-7	1.2497742389517962e20
3.34640522875817e-7	3.2609867030044434e19
3.282051282051282e-7	2.7431072329946157e19
3.2201257861635214e-7	8.698798515243672e19
3.160493827160493e-7	2.7003666944509735e19
3.1030303030303027e-7	1.4802568501821132e20
3.047619047619047e-7	3.262263521114524e20
2.9941520467836257e-7	1.195887658719184e19
2.942528735632184e-7	5.2311421572922874e20
2.892655367231638e-7	2.852452678405373e20
2.844444444444444e-7	4.042858322486916e20
2.797814207650273e-7	6.220647041902894e20
2.7526881720430106e-7	1.1473908886471254e21
2.7089947089947086e-7	1.246038359736612e21
2.666666666666666e-7	1.999591796306829e21
2.6256410256410255e-7	2.9364690920789686e21
2.585858585858586e-7	2.0193969911466662e21
2.54726368159204e-7	3.912116070729169e21
2.5098039215686275e-7	3.4987241722687447e21
2.4734299516908207e-7	4.5896520494930875e21
2.4380952380952376e-7	5.563101408993154e21
2.4037558685446006e-7	6.775728351078246e21
2.37037037037037e-7	5.491891508950251e21
2.3378995433789952e-7	5.997363773336854e21
2.3063063063063062e-7	3.868720055516201e21
2.2755555555555555e-7	2.44780128375928e21
2.245614035087719e-7	1.7558557535450418e21
2.2164502164502162e-7	6.407291839037676e20
2.1880341880341878e-7	8.797389250921244e20
2.160337552742616e-7	1.1858693630915162e21
2.133333333333333e-7	1.583698854131202e21
2.1069958847736624e-7	1.5598671265795143e21
2.08130081300813e-7	2.0916075620756897e21
2.0562248995983933e-7	1.2127375653773184e21
2.0317460317460317e-7	1.6290921311293135e21
2.0078431372549018e-7	8.463164492060742e20
1.9844961240310076e-7	8.172585587661254e20
1.961685823754789e-7	5.1248461563556495e20
1.939393939393939e-7	3.39640661921134e20
1.9176029962546815e-7	2.1253076243717957e20
1.896296296296296e-7	1.8564494090651386e20
1.8754578754578753e-7	4.323259041089157e19
1.8550724637681157e-7	9.887987910448113e19
1.8351254480286738e-7	7.252601848033575e18
1.8156028368794323e-7	2.7384536941265154e19
1.7964912280701754e-7	4.711710062721794e18
1.7777777777777776e-7	5.130208092733927e18
1.7594501718213055e-7	2.830843591526929e18
1.7414965986394556e-7	7.925168504056084e18
1.7239057239057235e-7	1.7131048753330445e18
1.7066666666666666e-7	6.112904050396541e18
1.6897689768976896e-7	9.966758687206021e16
1.673202614379085e-7	2.2363929767044915e18
1.656957928802589e-7	1.4675511239741544e16
1.641025641025641e-7	8.18452440425857e18
1.6253968253968253e-7	5.130263943162548e18
1.6100628930817607e-7	3.474571715178022e18
1.5950155763239874e-7	1.2969213401715409e19
1.5802469135802466e-7	9.637767481658376e18
1.565749235474006e-7	1.1045834116748628e19
1.5515151515151514e-7	1.3055604502508421e19
1.5375375375375375e-7	2.2052450566302786e19
1.5238095238095236e-7	1.5294509480635633e18
1.510324483775811e-7	4.075767818198461e18
1.4970760233918129e-7	4.8749432693204486e17
1.4840579710144926e-7	6.941636313026998e18
1.471264367816092e-7	2.851098282469072e19
1.4586894586894585e-7	2.6420570874337485e19
1.446327683615819e-7	3.5142274864426066e19
1.434173669467787e-7	2.3835174940467495e19
1.422222222222222e-7	1.7628959382276933e18
1.4104683195592285e-7	3.9324930767949133e18
1.3989071038251365e-7	1.8120498788975813e19
1.3875338753387534e-7	1.5215611660655286e19
1.3763440860215053e-7	1.6539692427513676e19
1.3653333333333334e-7	2.970886090213031e17
1.3544973544973543e-7	7.720453705787906e18
1.3438320209973753e-7	9.419001122309935e18
1.333333333333333e-7	2.719189041107526e18
1.3229974160206715e-7	2.3961224792227256e18
1.3128205128205127e-7	2.983952786647907e18
1.302798982188295e-7	8.721558063968442e17
1.292929292929293e-7	1.0609752954139866e18
1.2832080200501253e-7	7.952735404389379e17
1.27363184079602e-7	1.129309412942075e17
1.2641975308641975e-7	3.511343024699781e17
1.2549019607843138e-7	5.8481279906908424e16
1.2457420924574208e-7	2.0625318255830195e17
1.2367149758454104e-7	1.7656381648643308e16
1.2278177458033572e-7	2.5220771209088563e17
1.2190476190476188e-7	4.026188373630093e15
1.210401891252955e-7	2.8974178910216595e17
1.2018779342723003e-7	1.1938826375330714e16
1.1934731934731933e-7	1.3200624298818122e17
1.185185185185185e-7	7.833152993681068e15
1.1770114942528734e-7	3.0725011951930224e16
1.1689497716894976e-7	4.401696143772172e15
1.1609977324263038e-7	1.3830984217307824e17
1.1531531531531531e-7	2.2655689579735415e15
1.1454138702460848e-7	1.7158573644802804e16
1.1377777777777777e-7	2.32700288998778e16
1.1302428256070639e-7	2.1391551279587064e16
1.1228070175438595e-7	3.564208770372128e16
1.1154684095860565e-7	6.031986593901666e15
1.1082251082251081e-7	6.33210423686988e16
1.1010752688172043e-7	1.3095237130666868e16
1.0940170940170939e-7	7.964534238575752e16
1.0870488322717621e-7	1.534359213515296e16
1.080168776371308e-7	1.1254950969376003e17
1.0733752620545073e-7	1.428097745647143e17
1.0666666666666666e-7	4.153216903798665e17
1.0600414078674947e-7	7.657666804684006e16
1.0534979423868312e-7	4.356437362848384e16
1.0470347648261758e-7	1.7387409693842192e17
1.040650406504065e-7	2.647878717608008e17
1.0343434343434342e-7	1.652000081467858e17
1.0281124497991966e-7	2.987625518056991e17
1.0219560878243514e-7	2.0179758845058358e17
1.0158730158730159e-7	3.4188563081871724e16
1.009861932938856e-7	1.8689860614112893e17
1.0039215686274509e-7	1.5348452698289974e16
9.980506822612084e-8	1.2065295937738632e17
