3.6312056737588646e-7	1.0193374951394188e21
3.5555555555555553e-7	2.814112773042834e19
3.482993197278911e-7	2.3434756421939872e20
3.413333333333333e-7	1.6479676486051257e20
3.34640522875817e-7	2.5575929824901097e20
3.282051282051282e-7	7.156214135280589e17
3.2201257861635214e-7	1.7488261843471568e20
3.160493827160493e-7	7.077313677339389e19
3.1030303030303027e-7	4.509087898789417e20
3.047619047619047e-7	8.236946563242346e19
2.9941520467836257e-7	3.5371227716133126e20
2.942528735632184e-7	4.6034105620569077e20
2.892655367231638e-7	1.2890833496649701e19
2.844444444444444e-7	2.937238116896673e20
2.797814207650273e-7	3.9063693282139334e20
2.7526881720430106e-7	1.4259780532878182e19
2.7089947089947086e-7	7.17264048681491e20
2.666666666666666e-7	4.785090932311991e20
2.6256410256410255e-7	7.611238207617352e20
2.585858585858586e-7	1.8767000791248882e21
2.54726368159204e-7	1.534727833193386e21
2.5098039215686275e-7	1.0072815038086539e21
2.4734299516908207e-7	2.100008941766413e21
2.4380952380952376e-7	2.4846889952224954e21
2.4037558685446006e-7	8.070976988501187e20
2.37037037037037e-7	1.4363323462943095e21
2.3378995433789952e-7	2.1418055960475924e21
2.3063063063063062e-7	1.1771375787255288e21
2.2755555555555555e-7	5.3167603855048796e20
2.245614035087719e-7	5.342089253271442e20
2.2164502164502162e-7	3.355011158347873e20
2.1880341880341878e-7	2.0114036520502074e20
2.160337552742616e-7	7.77724787711254e19
2.133333333333333e-7	5.270436760915436e20
2.1069958847736624e-7	4.5486727979263984e20
2.08130081300813e-7	6.482916133652398e19
2.0562248995983933e-7	3.148018215562044e20
2.0317460317460317e-7	4.617663395860198e20
2.0078431372549018e-7	1.7143125573912343e20
1.9844961240310076e-7	5.621497181495416e19
1.961685823754789e-7	2.2649443406191926e20
1.939393939393939e-7	2.0759078240393164e20
1.9176029962546815e-7	3.4834495817388687e19
1.896296296296296e-7	9.650215750101094e18
1.8754578754578753e-7	6.941369224495515e19
1.8550724637681157e-7	8.582290388684323e19
1.8351254480286738e-7	5.4418933351968694e19
1.8156028368794323e-7	1.4649874355514923e19
1.7964912280701754e-7	3.9381122731936543e18
1.7777777777777776e-7	8.668764952859215e19
1.7594501718213055e-7	1.4626080766890346e20
1.7414965986394556e-7	7.74761886500754e19
1.7239057239057235e-7	2.3792897571237986e19
1.7066666666666666e-7	1.9041213773545333e19
1.6897689768976896e-7	3.0807187779364823e19
1.673202614379085e-7	3.949300072008587e19
1.656957928802589e-7	8.572423897759377e19
1.641025641025641e-7	6.694616302072154e19
1.6253968253968253e-7	6.180907667702584e19
1.6100628930817607e-7	5.695324826100533e19
1.5950155763239874e-7	6.739478790367461e19
1.5802469135802466e-7	6.5055268776140866e19
1.565749235474006e-7	6.561063725446135e19
1.5515151515151514e-7	3.0287740575361753e19
1.5375375375375375e-7	2.9543786835684508e19
1.5238095238095236e-7	1.8598441675268383e19
1.510324483775811e-7	4.4630241010551245e18
1.4970760233918129e-7	7.21325122189577e16
1.4840579710144926e-7	2.7708615076504187e18
1.471264367816092e-7	1.1163290496779267e18
1.4586894586894585e-7	3.018609907386397e18
1.446327683615819e-7	3.463986706617621e18
1.434173669467787e-7	6.297669810693641e18
1.422222222222222e-7	4.510738651387884e18
1.4104683195592285e-7	2.4928512490310047e18
1.3989071038251365e-7	3.368288877078674e18
1.3875338753387534e-7	5.693022735666206e17
1.3763440860215053e-7	1.182081263296133e18
1.3653333333333334e-7	5.848571614340151e17
1.3544973544973543e-7	6.083089132376287e17
1.3438320209973753e-7	3.6539581202805766e17
1.333333333333333e-7	7.057362231641242e17
1.3229974160206715e-7	3.88488073507956e17
1.3128205128205127e-7	4.65171417786897e17
1.302798982188295e-7	3.5557910458256454e17
1.292929292929293e-7	3.1330906313780525e17
1.2832080200501253e-7	1.9372845366485037e17
1.27363184079602e-7	2.0686185139180816e17
1.2641975308641975e-7	7.616289721473542e16
1.2549019607843138e-7	9.38776260335609e16
1.2457420924574208e-7	3.5435083685024724e16
1.2367149758454104e-7	4.605581797101239e16
1.2278177458033572e-7	1.604896517314346e16
1.2190476190476188e-7	1.1601104252343774e16
1.210401891252955e-7	9.787322147587296e15
1.2018779342723003e-7	3.4008092505359115e15
1.1934731934731933e-7	8.723443217144193e15
1.185185185185185e-7	4.075284006430442e14
1.1770114942528734e-7	1.8257417309090858e15
1.1689497716894976e-7	1.054717029774462e14
1.1609977324263038e-7	1.7216614081797992e15
1.1531531531531531e-7	5.452675371326396e14
1.1454138702460848e-7	1.340837929723412e15
1.1377777777777777e-7	9.980908177491799e14
1.1302428256070639e-7	4.721040559599728e15
1.1228070175438595e-7	1.2788408312534545e15
1.1154684095860565e-7	6.86337103167888e15
1.1082251082251081e-7	4.2793354060091265e15
1.1010752688172043e-7	6.358949394046713e15
1.0940170940170939e-7	7.570511579607582e15
1.0870488322717621e-7	5.778005621638794e15
1.080168776371308e-7	6.732187165239735e15
1.0733752620545073e-7	6.283712719961359e15
1.0666666666666666e-7	4.410263074216203e15
1.0600414078674947e-7	5.850032136703694e15
1.0534979423868312e-7	1.179949022467816e15
1.0470347648261758e-7	6.384975714494724e15
1.040650406504065e-7	7.696776174269362e14
1.0343434343434342e-7	1.5965239517898228e16
1.0281124497991966e-7	2.337870178907416e16
1.0219560878243514e-7	2.2756464637932064e17
1.0158730158730159e-7	2.2855447211762028e16
1.009861932938856e-7	1.825420560461649e17
1.0039215686274509e-7	8.943960036556782e16
9.980506822612084e-8	3.244213257163658e17
