3.6312056737588646e-7	2.780441623210399e18
3.5555555555555553e-7	7.215403649778864e18
3.482993197278911e-7	1.1121364526168435e19
3.413333333333333e-7	1.3960859035664298e19
3.34640522875817e-7	1.2641983079426132e19
3.282051282051282e-7	8.01274047549956e18
3.2201257861635214e-7	1.1179332622338111e19
3.160493827160493e-7	4.464941576536753e18
3.1030303030303027e-7	4.162114724379874e18
3.047619047619047e-7	2.745138114909429e18
2.9941520467836257e-7	2.682348601246771e18
2.942528735632184e-7	2.639328868327082e18
2.892655367231638e-7	1.9389564814347884e18
2.844444444444444e-7	3.6548888324457984e18
2.797814207650273e-7	4.659838748548507e17
2.7526881720430106e-7	1.0744457467753275e19
2.7089947089947086e-7	3.4793829401271885e18
2.666666666666666e-7	2.5112468387271623e19
2.6256410256410255e-7	1.3287506230922285e19
2.585858585858586e-7	2.66115629874863e19
2.54726368159204e-7	2.3189939146675704e19
2.5098039215686275e-7	3.6729931624532935e19
2.4734299516908207e-7	2.389343319870083e19
2.4380952380952376e-7	1.9008822547394265e19
2.4037558685446006e-7	9.179899887717236e18
2.37037037037037e-7	9.6174573105368e18
2.3378995433789952e-7	1.1736475982257365e19
2.3063063063063062e-7	1.0453018267298355e19
2.2755555555555555e-7	1.3415423119771738e19
2.245614035087719e-7	8.40938877595958e18
2.2164502164502162e-7	6.774836635303553e18
2.1880341880341878e-7	3.162290072909187e18
2.160337552742616e-7	4.012808235219492e17
2.133333333333333e-7	2.1113188261254442e17
2.1069958847736624e-7	2.190870985804121e17
2.08130081300813e-7	3.5084431505789376e17
2.0562248995983933e-7	3.565229305435585e17
2.0317460317460317e-7	1.9586120851725395e17
2.0078431372549018e-7	2.5400418086254612e16
1.9844961240310076e-7	1.673018206189956e17
1.961685823754789e-7	1.3359987659974197e17
1.939393939393939e-7	1.0787342432542072e16
1.9176029962546815e-7	1.196706833143809e17
1.896296296296296e-7	5.493678653897934e15
1.8754578754578753e-7	6.644737901010495e16
1.8550724637681157e-7	5.323650930693046e16
1.8351254480286738e-7	4.461809167343406e16
1.8156028368794323e-7	7.977883703733875e16
1.7964912280701754e-7	2.473352822657843e16
1.7777777777777776e-7	5.958432045159907e16
1.7594501718213055e-7	1.8232618152265656e16
1.7414965986394556e-7	2.7246909237228184e16
1.7239057239057235e-7	2.529857072300879e16
1.7066666666666666e-7	2.7754250798710045e15
1.6897689768976896e-7	3.0623380087147724e16
1.673202614379085e-7	9.303552615673788e15
1.656957928802589e-7	5.821767479631504e15
1.641025641025641e-7	2.9871064695323788e16
1.6253968253968253e-7	1.5577623135903642e16
1.6100628930817607e-7	2.933117483456569e14
1.5950155763239874e-7	4.288652470160534e15
1.5802469135802466e-7	1.6102660633109924e16
1.565749235474006e-7	1.0895968374408516e16
1.5515151515151514e-7	6.180117384021266e15
1.5375375375375375e-7	1.1131950492304842e16
1.5238095238095236e-7	2.2621996884806475e15
1.510324483775811e-7	8.949874451609428e15
1.4970760233918129e-7	1.5388049181513105e15
1.4840579710144926e-7	5.614113629439219e15
1.471264367816092e-7	1.0571416693696888e15
1.4586894586894585e-7	2.484186165183232e15
1.446327683615819e-7	9.788742443658748e14
1.434173669467787e-7	1.0485926086606392e15
1.422222222222222e-7	1.3157848526423655e15
1.4104683195592285e-7	5.748148218458742e14
1.3989071038251365e-7	1.7313243845084628e15
1.3875338753387534e-7	4.144767120128222e14
1.3763440860215053e-7	1.3680779775446355e15
1.3653333333333334e-7	4.652451437538831e14
1.3544973544973543e-7	7.69174097143064e14
1.3438320209973753e-7	4.43191945458967e14
1.333333333333333e-7	4.11051639279313e14
1.3229974160206715e-7	4.0843782326771494e14
1.3128205128205127e-7	2.158811855951798e14
1.302798982188295e-7	3.681331889434531e14
1.292929292929293e-7	1.969317748571213e14
1.2832080200501253e-7	3.3391190313145144e14
1.27363184079602e-7	2.6145772219193156e14
1.2641975308641975e-7	2.790222860043175e14
1.2549019607843138e-7	2.0991054771531438e14
1.2457420924574208e-7	1.5438969331860134e14
1.2367149758454104e-7	1.3381927468958808e14
1.2278177458033572e-7	1.6185781813072466e14
1.2190476190476188e-7	9.59054295422276e13
1.210401891252955e-7	5.9440450547569414e13
1.2018779342723003e-7	7.498580942983819e13
1.1934731934731933e-7	1.1572194916730384e14
1.185185185185185e-7	1.3833137852524598e14
1.1770114942528734e-7	5.7900088672493516e13
1.1689497716894976e-7	6.671541521224095e13
1.1609977324263038e-7	3.239498923172828e13
1.1531531531531531e-7	2.497689555083968e13
1.1454138702460848e-7	2.6939604423991508e13
1.1377777777777777e-7	1.1598645576753634e14
1.1302428256070639e-7	1.8287454735184875e13
1.1228070175438595e-7	6.561755600259959e13
1.1154684095860565e-7	2.293764699959759e13
1.1082251082251081e-7	4.6142081494315734e13
1.1010752688172043e-7	9.515503569680979e12
1.0940170940170939e-7	4.845988803534599e13
1.0870488322717621e-7	1.1737385880653045e13
1.080168776371308e-7	1.4558041718622006e13
1.0733752620545073e-7	1.8326249746673016e13
1.0666666666666666e-7	7.426218411438619e12
1.0600414078674947e-7	3.006506351416878e13
1.0534979423868312e-7	3.1882043319955933e12
1.0470347648261758e-7	5.360663053565083e13
1.040650406504065e-7	5.781071100227765e11
1.0343434343434342e-7	4.5687765142575805e13
1.0281124497991966e-7	8.316386182770096e12
1.0219560878243514e-7	2.2843012395093688e13
1.0158730158730159e-7	9.073964766905344e12
1.009861932938856e-7	8.192154477581281e12
1.0039215686274509e-7	1.86324610050355e13
9.980506822612084e-8	1.3957919932936078e11
