3.6312056737588646e-7	9.903290475510743e19
3.5555555555555553e-7	9.053858974747129e19
3.482993197278911e-7	7.425583899779762e19
3.413333333333333e-7	3.3044825439335113e19
3.34640522875817e-7	4.347678210488267e19
3.282051282051282e-7	9.86184420470745e18
3.2201257861635214e-7	5.560073163537919e18
3.160493827160493e-7	4.626762637975305e18
3.1030303030303027e-7	7.201204321169736e19
3.047619047619047e-7	4.47672496598899e19
2.9941520467836257e-7	1.6342444605048488e19
2.942528735632184e-7	1.1144329298932092e20
2.892655367231638e-7	3.988048364864046e19
2.844444444444444e-7	2.0638282496318513e19
2.797814207650273e-7	9.822091027249165e19
2.7526881720430106e-7	1.4826446260972975e20
2.7089947089947086e-7	9.742156340455106e19
2.666666666666666e-7	1.945065500891055e20
2.6256410256410255e-7	2.922393301463854e20
2.585858585858586e-7	6.166562329805865e19
2.54726368159204e-7	2.1859446963744624e20
2.5098039215686275e-7	2.0584697134886e20
2.4734299516908207e-7	1.011043339041367e20
2.4380952380952376e-7	5.002711510987715e19
2.4037558685446006e-7	4.221490202196098e19
2.37037037037037e-7	2.8856463853926605e18
2.3378995433789952e-7	8.081644649884638e19
2.3063063063063062e-7	3.418331699291516e19
2.2755555555555555e-7	1.7289947788932822e20
2.245614035087719e-7	2.2789882343835645e20
2.2164502164502162e-7	2.1413989659851368e20
2.1880341880341878e-7	2.705576367043809e20
2.160337552742616e-7	3.150108341235753e20
2.133333333333333e-7	1.3278965830098964e20
2.1069958847736624e-7	2.009963826208681e20
2.08130081300813e-7	8.697862557330101e19
2.0562248995983933e-7	2.7437115924654506e19
2.0317460317460317e-7	2.976614992648297e19
2.0078431372549018e-7	4.433241309870897e18
1.9844961240310076e-7	2.326520599221582e19
1.961685823754789e-7	2.097165985897029e19
1.939393939393939e-7	2.1635844189822476e19
1.9176029962546815e-7	5.762741008891653e19
1.896296296296296e-7	5.770851847186907e19
1.8754578754578753e-7	2.8197841087014175e19
1.8550724637681157e-7	5.917012855795219e19
1.8351254480286738e-7	1.6749408092992897e19
1.8156028368794323e-7	3.736294992575057e18
1.7964912280701754e-7	4.195194227724922e18
1.7777777777777776e-7	1.4355892549289107e19
1.7594501718213055e-7	5.92659573302475e18
1.7414965986394556e-7	3.839224967885362e18
1.7239057239057235e-7	8.603974071523604e18
1.7066666666666666e-7	6.823696492675822e18
1.6897689768976896e-7	3.23957644370269e16
1.673202614379085e-7	4.789599193066373e18
1.656957928802589e-7	1.0156381287769033e18
1.641025641025641e-7	1.3944382241810033e18
1.6253968253968253e-7	3.982308736121665e18
1.6100628930817607e-7	7.00556159629647e17
1.5950155763239874e-7	3.5880952409149553e18
1.5802469135802466e-7	2.4855877953743575e18
1.565749235474006e-7	1.1985959454776038e18
1.5515151515151514e-7	2.2044392739936184e18
1.5375375375375375e-7	1.2791691299105654e18
1.5238095238095236e-7	3.93650085255525e17
1.510324483775811e-7	1.1606675898007508e18
1.4970760233918129e-7	2.5687746581361285e18
1.4840579710144926e-7	9.268635367361117e16
1.471264367816092e-7	2.3804906509129037e18
1.4586894586894585e-7	2.448955332708304e18
1.446327683615819e-7	9.084203799867049e17
1.434173669467787e-7	4.255405832578432e18
1.422222222222222e-7	1.6001439550672532e18
1.4104683195592285e-7	1.0765682103065723e18
1.3989071038251365e-7	1.7148468386489132e18
1.3875338753387534e-7	4.634431941923489e17
1.3763440860215053e-7	1.106391550328219e17
1.3653333333333334e-7	4.5621292002902656e17
1.3544973544973543e-7	4.372539638813017e17
1.3438320209973753e-7	1.094852209914897e17
1.333333333333333e-7	8.806869226856261e16
1.3229974160206715e-7	7.035196651902776e16
1.3128205128205127e-7	1.163116188502266e17
1.302798982188295e-7	3.5186978401289372e16
1.292929292929293e-7	3.3344029558413948e16
1.2832080200501253e-7	2.97842730496338e16
1.27363184079602e-7	1.0080390467416772e16
1.2641975308641975e-7	4.032650039069466e16
1.2549019607843138e-7	2.4624562427947985e15
1.2457420924574208e-7	2.388045624423365e16
1.2367149758454104e-7	1.4485736631838542e15
1.2278177458033572e-7	1.6994719497418488e16
1.2190476190476188e-7	4.063618381304801e15
1.210401891252955e-7	1.6999083452139384e16
1.2018779342723003e-7	4.399798979305477e15
1.1934731934731933e-7	1.27304574616079e16
1.185185185185185e-7	4.520683709061768e15
1.1770114942528734e-7	4.4443991600082e15
1.1689497716894976e-7	1.1196545178080056e15
1.1609977324263038e-7	1.1676123658819775e15
1.1531531531531531e-7	1.2179149455880642e16
1.1454138702460848e-7	9.840928140851262e13
1.1377777777777777e-7	1.8863250132821172e15
1.1302428256070639e-7	3.0226251402265675e15
1.1228070175438595e-7	3.662965068537396e15
1.1154684095860565e-7	3.148205879360113e15
1.1082251082251081e-7	4.0075970721786985e15
1.1010752688172043e-7	1.023221398902222e15
1.0940170940170939e-7	2.194055479237529e15
1.0870488322717621e-7	3.7870068778479035e15
1.080168776371308e-7	5.839338504759048e14
1.0733752620545073e-7	3.681126743005445e15
1.0666666666666666e-7	2.5846789433863162e14
1.0600414078674947e-7	6.482787014156001e15
1.0534979423868312e-7	1.7842590775021148e15
1.0470347648261758e-7	6.460523243322741e15
1.040650406504065e-7	8.653088372178034e14
1.0343434343434342e-7	9.732324775172108e15
1.0281124497991966e-7	5.26861514182943e15
1.0219560878243514e-7	2.769641082083889e16
1.0158730158730159e-7	3.6110226500540184e16
1.009861932938856e-7	6.25800114469828e16
1.0039215686274509e-7	1.3737493422795373e17
9.980506822612084e-8	1.2489942447560014e17
