3.6312056737588646e-7	2.146600222520596e20
3.5555555555555553e-7	3.144033650558716e19
3.482993197278911e-7	1.3781792400691193e20
3.413333333333333e-7	9.760178575563845e19
3.34640522875817e-7	8.046805160004846e19
3.282051282051282e-7	7.732980294033857e19
3.2201257861635214e-7	1.9133700255520383e19
3.160493827160493e-7	3.688631635606281e19
3.1030303030303027e-7	1.0214988525634339e20
3.047619047619047e-7	7.928989398101411e19
2.9941520467836257e-7	6.116628245026721e19
2.942528735632184e-7	1.2780375379867587e20
2.892655367231638e-7	9.489405935334772e19
2.844444444444444e-7	1.6823361826296089e19
2.797814207650273e-7	8.020031554777548e19
2.7526881720430106e-7	1.0490576488560728e20
2.7089947089947086e-7	3.6683174185218834e19
2.666666666666666e-7	4.84928095767484e19
2.6256410256410255e-7	7.663500246955853e19
2.585858585858586e-7	5.996250545437663e19
2.54726368159204e-7	1.1780959230371268e20
2.5098039215686275e-7	5.368099161550635e19
2.4734299516908207e-7	2.937425609488018e19
2.4380952380952376e-7	3.044965488573857e20
2.4037558685446006e-7	3.014608039830154e20
2.37037037037037e-7	3.353209512803341e19
2.3378995433789952e-7	3.722929851984944e20
2.3063063063063062e-7	2.799801388477403e20
2.2755555555555555e-7	4.513160636933143e19
2.245614035087719e-7	1.511063277568933e20
2.2164502164502162e-7	1.1843659920186419e20
2.1880341880341878e-7	5.573506685466981e19
2.160337552742616e-7	1.108411599878646e20
2.133333333333333e-7	1.0601114354340841e19
2.1069958847736624e-7	2.0198068100641033e20
2.08130081300813e-7	2.2276144407216472e20
2.0562248995983933e-7	2.639746845573033e19
2.0317460317460317e-7	1.9834600652776335e20
2.0078431372549018e-7	9.24592650744363e19
1.9844961240310076e-7	5.834017578304987e18
1.961685823754789e-7	7.0140232816956785e19
1.939393939393939e-7	9.733319439118367e18
1.9176029962546815e-7	6.122730786656813e19
1.896296296296296e-7	9.913515914126108e19
1.8754578754578753e-7	1.3992621321700278e19
1.8550724637681157e-7	2.4893789862009102e19
1.8351254480286738e-7	2.7952132790012076e19
1.8156028368794323e-7	1.1722860469110358e19
1.7964912280701754e-7	3.362440060138653e19
1.7777777777777776e-7	7.300370121020332e18
1.7594501718213055e-7	1.0930299803579441e19
1.7414965986394556e-7	7.648104228049266e18
1.7239057239057235e-7	8.076192083899279e18
1.7066666666666666e-7	3.079302987569515e19
1.6897689768976896e-7	1.0783764639230634e19
1.673202614379085e-7	1.315222601635286e18
1.656957928802589e-7	3.754351376869265e18
1.641025641025641e-7	5.906609779712389e18
1.6253968253968253e-7	7.390175946799306e18
1.6100628930817607e-7	1.721692547725572e19
1.5950155763239874e-7	3.317705900011105e18
1.5802469135802466e-7	5.109748982641929e18
1.565749235474006e-7	9.974639018135139e17
1.5515151515151514e-7	1.615359748604732e18
1.5375375375375375e-7	1.2591616141281582e18
1.5238095238095236e-7	6.229226419218779e17
1.510324483775811e-7	1.192669470283371e18
1.4970760233918129e-7	2.5160905660389827e18
1.4840579710144926e-7	3.187120037000679e17
1.471264367816092e-7	1.866092768547482e18
1.4586894586894585e-7	2.1084514402175583e18
1.446327683615819e-7	4.563455273822401e17
1.434173669467787e-7	9.208178815936718e17
1.422222222222222e-7	1.9267524973074634e18
1.4104683195592285e-7	1.216778870681093e18
1.3989071038251365e-7	9.283720511548326e17
1.3875338753387534e-7	2.5207982952885504e17
1.3763440860215053e-7	2.6124826864672467e17
1.3653333333333334e-7	6.095340382175416e16
1.3544973544973543e-7	7.570746165327784e16
1.3438320209973753e-7	6.037906601096132e16
1.333333333333333e-7	4.130271256815114e16
1.3229974160206715e-7	5.190529835031602e16
1.3128205128205127e-7	9.478507109464478e14
1.302798982188295e-7	2.5997910785069364e16
1.292929292929293e-7	5.19398967605379e15
1.2832080200501253e-7	1.3282299557026346e16
1.27363184079602e-7	8.311840894462034e15
1.2641975308641975e-7	7.701809324354609e15
1.2549019607843138e-7	7.31021397989951e15
1.2457420924574208e-7	5.505704285597887e15
1.2367149758454104e-7	4.405181212803795e15
1.2278177458033572e-7	1.463824241977927e15
1.2190476190476188e-7	3.062224031767718e15
1.210401891252955e-7	2.03655235264884e15
1.2018779342723003e-7	4.608992208773541e15
1.1934731934731933e-7	5.326207821588056e15
1.185185185185185e-7	3.2302761744113465e15
1.1770114942528734e-7	1.5356907390040302e15
1.1689497716894976e-7	1.456731822770523e15
1.1609977324263038e-7	2.0532582836485708e15
1.1531531531531531e-7	8.115874062624319e15
1.1454138702460848e-7	5.190422850416606e15
1.1377777777777777e-7	6.774403822403984e13
1.1302428256070639e-7	1.1992976476579488e15
1.1228070175438595e-7	4.697725788479605e14
1.1154684095860565e-7	8.102843097437195e13
1.1082251082251081e-7	9.02879879261942e14
1.1010752688172043e-7	1.7903997830478182e15
1.0940170940170939e-7	1.5512058653719775e14
1.0870488322717621e-7	3.007218055584896e14
1.080168776371308e-7	3.8536880730627625e14
1.0733752620545073e-7	9.70400998227393e14
1.0666666666666666e-7	4.351102452656234e14
1.0600414078674947e-7	3.611860765665584e14
1.0534979423868312e-7	4.723734602005668e14
1.0470347648261758e-7	7.421456831459049e14
1.040650406504065e-7	1.2202378371336488e15
1.0343434343434342e-7	5.141592579503286e14
1.0281124497991966e-7	1.4859917951271268e15
1.0219560878243514e-7	1.1630342248903302e15
1.0158730158730159e-7	1.351311964820743e15
1.009861932938856e-7	6.830835925561623e15
1.0039215686274509e-7	4.276641011786668e15
9.980506822612084e-8	9.404294454225314e15
