3.6312056737588646e-7	4.45113981758059e19
3.5555555555555553e-7	5.786246969746608e19
3.482993197278911e-7	6.8238261857868464e19
3.413333333333333e-7	1.0647464798034615e20
3.34640522875817e-7	3.1137898285172072e19
3.282051282051282e-7	4.980266915982059e19
3.2201257861635214e-7	1.8345861734275108e18
3.160493827160493e-7	2.123097576987089e19
3.1030303030303027e-7	2.7719967275072217e19
3.047619047619047e-7	1.7894737494066665e19
2.9941520467836257e-7	7.487145108891523e19
2.942528735632184e-7	1.3029243961319695e18
2.892655367231638e-7	1.4244384345467606e20
2.844444444444444e-7	6.398924981415769e19
2.797814207650273e-7	1.7204805391727736e20
2.7526881720430106e-7	2.633473342332751e20
2.7089947089947086e-7	1.427812035137786e20
2.666666666666666e-7	2.0182040808951742e20
2.6256410256410255e-7	8.766637104577384e19
2.585858585858586e-7	1.935437574720438e19
2.54726368159204e-7	1.669720957509199e20
2.5098039215686275e-7	2.973633586404827e20
2.4734299516908207e-7	2.3058628905742333e20
2.4380952380952376e-7	1.773797833013546e20
2.4037558685446006e-7	6.263477477860483e19
2.37037037037037e-7	7.6998327122755e19
2.3378995433789952e-7	2.7645237072377433e20
2.3063063063063062e-7	4.399946157253592e20
2.2755555555555555e-7	5.27649315449104e20
2.245614035087719e-7	7.984791693123077e20
2.2164502164502162e-7	7.428008928725432e20
2.1880341880341878e-7	9.713945472217996e20
2.160337552742616e-7	7.16125588182716e20
2.133333333333333e-7	7.383546496690777e20
2.1069958847736624e-7	4.966367318204026e20
2.08130081300813e-7	3.791415566361822e20
2.0562248995983933e-7	2.5809362998752792e20
2.0317460317460317e-7	1.2830463536081655e20
2.0078431372549018e-7	8.954079055120807e19
1.9844961240310076e-7	2.8634573701335224e19
1.961685823754789e-7	1.4433667693126363e19
1.939393939393939e-7	4.1168132155313613e18
1.9176029962546815e-7	1.1748947096745739e17
1.896296296296296e-7	6.064934016809967e16
1.8754578754578753e-7	5.184082443606221e17
1.8550724637681157e-7	6.297111761876511e17
1.8351254480286738e-7	2.1648645028113248e17
1.8156028368794323e-7	4.755784068225948e17
1.7964912280701754e-7	1.5249009220630828e16
1.7777777777777776e-7	3.401670835154865e16
1.7594501718213055e-7	1.1414185339740072e17
1.7414965986394556e-7	1.710341691310647e17
1.7239057239057235e-7	4.115356965924982e17
1.7066666666666666e-7	4.7090622936458936e16
1.6897689768976896e-7	6.223333897159378e16
1.673202614379085e-7	2.9605185093299804e16
1.656957928802589e-7	1.9469729116110272e17
1.641025641025641e-7	1.1977963626942608e17
1.6253968253968253e-7	1.271992485443837e17
1.6100628930817607e-7	6.179178009318836e15
1.5950155763239874e-7	1.2459237124062852e16
1.5802469135802466e-7	9.245326032846154e16
1.565749235474006e-7	1.789420499438046e16
1.5515151515151514e-7	5.823969619658044e16
1.5375375375375375e-7	4.429757218044635e15
1.5238095238095236e-7	7.35078468876035e16
1.510324483775811e-7	1.2541043542734205e17
1.4970760233918129e-7	9.087920228316011e16
1.4840579710144926e-7	1.8285409372638704e17
1.471264367816092e-7	1.2587203952420102e17
1.4586894586894585e-7	1.2593173329516963e17
1.446327683615819e-7	6.682150770055005e16
1.434173669467787e-7	8.69136046850127e16
1.422222222222222e-7	1.4860625865617888e16
1.4104683195592285e-7	5.149245281807161e16
1.3989071038251365e-7	2.44739836358574e14
1.3875338753387534e-7	1.9506160382021536e16
1.3763440860215053e-7	1.6758377114486574e16
1.3653333333333334e-7	2.745637229805033e15
1.3544973544973543e-7	2.6356699364010756e16
1.3438320209973753e-7	3.4829063244542428e16
1.333333333333333e-7	1.7629196466230544e14
1.3229974160206715e-7	2.880629993942903e16
1.3128205128205127e-7	8.302398231259458e15
1.302798982188295e-7	8.542650944705562e15
1.292929292929293e-7	6.893135292075527e15
1.2832080200501253e-7	2.8609036360185865e15
1.27363184079602e-7	5.63106266558104e15
1.2641975308641975e-7	4.162614396349724e14
1.2549019607843138e-7	3.093177982203378e15
1.2457420924574208e-7	8.142955956544091e14
1.2367149758454104e-7	2.6158795823346375e15
1.2278177458033572e-7	1.2443911258700142e15
1.2190476190476188e-7	1.0923031550201854e15
1.210401891252955e-7	1.969856108597634e15
1.2018779342723003e-7	1.36866309394528e15
1.1934731934731933e-7	2.1579802469303185e15
1.185185185185185e-7	9.017318594500081e14
1.1770114942528734e-7	1.3395349192079018e15
1.1689497716894976e-7	1.4539244185026055e15
1.1609977324263038e-7	8.457500875345915e14
1.1531531531531531e-7	8.995079585983422e14
1.1454138702460848e-7	2.07517487514378e14
1.1377777777777777e-7	6.227725194782904e14
1.1302428256070639e-7	7.836590206806669e14
1.1228070175438595e-7	5.5736730180255244e14
1.1154684095860565e-7	8.83265414528466e14
1.1082251082251081e-7	7.581618222000871e14
1.1010752688172043e-7	6.403538546874549e14
1.0940170940170939e-7	3.051108069576262e14
1.0870488322717621e-7	6.664501380177386e14
1.080168776371308e-7	1.6836785509515384e14
1.0733752620545073e-7	4.517253249861771e14
1.0666666666666666e-7	1.3640044765060517e14
1.0600414078674947e-7	4.906127216435788e14
1.0534979423868312e-7	2.0062127935612338e14
1.0470347648261758e-7	3.133520116224001e14
1.040650406504065e-7	4.027157296562674e14
1.0343434343434342e-7	1.454513496743325e14
1.0281124497991966e-7	3.783986765750872e14
1.0219560878243514e-7	5.16578155070868e13
1.0158730158730159e-7	7.269943792966786e13
1.009861932938856e-7	5.830530544639398e14
1.0039215686274509e-7	1.3276187847773558e14
9.980506822612084e-8	4.6208488946681766e13
