3.6312056737588646e-7	4.801744462145613e22
3.5555555555555553e-7	5.806827844551062e22
3.482993197278911e-7	3.95988067517289e22
3.413333333333333e-7	2.5841141065716167e22
3.34640522875817e-7	9.707598340010728e21
3.282051282051282e-7	8.752099055532054e21
3.2201257861635214e-7	5.420216873543847e21
3.160493827160493e-7	1.0775098083397536e22
3.1030303030303027e-7	1.4771704937922244e22
3.047619047619047e-7	2.184920271791331e22
2.9941520467836257e-7	2.9541685373574765e22
2.942528735632184e-7	2.6846918684895273e22
2.892655367231638e-7	3.5984364278598276e22
2.844444444444444e-7	5.553170859737332e22
2.797814207650273e-7	4.846660720408529e22
2.7526881720430106e-7	3.2870266231655225e22
2.7089947089947086e-7	4.0002088584959136e22
2.666666666666666e-7	3.033558286447845e22
2.6256410256410255e-7	9.292641342836005e21
2.585858585858586e-7	2.5953747569417493e21
2.54726368159204e-7	6.377376000653958e21
2.5098039215686275e-7	8.797811932168954e21
2.4734299516908207e-7	7.391038567271594e21
2.4380952380952376e-7	7.25213413813984e21
2.4037558685446006e-7	6.494338165033587e21
2.37037037037037e-7	4.2292855231967265e21
2.3378995433789952e-7	9.100097382729455e20
2.3063063063063062e-7	9.205158658819162e20
2.2755555555555555e-7	2.2672122147686082e21
2.245614035087719e-7	1.1743209454547072e21
2.2164502164502162e-7	2.598498399183064e21
2.1880341880341878e-7	1.8192587892754161e21
2.160337552742616e-7	9.828339758649644e19
2.133333333333333e-7	3.810989412600201e20
2.1069958847736624e-7	1.3798628763487106e20
2.08130081300813e-7	5.887619185359795e20
2.0562248995983933e-7	7.003431421065474e20
2.0317460317460317e-7	6.809044465498219e19
2.0078431372549018e-7	2.7652824342258876e20
1.9844961240310076e-7	2.455057462507065e20
1.961685823754789e-7	1.7617597367914175e20
1.939393939393939e-7	3.5404877299678754e20
1.9176029962546815e-7	1.4784752072794934e20
1.896296296296296e-7	2.104238318796789e19
1.8754578754578753e-7	9.31917870219183e19
1.8550724637681157e-7	2.9810076143876116e19
1.8351254480286738e-7	5.439552694500818e19
1.8156028368794323e-7	8.023092529930171e19
1.7964912280701754e-7	1.096935425481055e19
1.7777777777777776e-7	1.5922102352207892e19
1.7594501718213055e-7	1.402852570949743e19
1.7414965986394556e-7	1.9102340075523538e18
1.7239057239057235e-7	4.4295584343827794e18
1.7066666666666666e-7	9.927610356483013e18
1.6897689768976896e-7	9.298521010254918e18
1.673202614379085e-7	2.31161727869676e18
1.656957928802589e-7	8.103375544172574e18
1.641025641025641e-7	6.884504950568842e17
1.6253968253968253e-7	6.104407128034603e18
1.6100628930817607e-7	1.177156900733975e18
1.5950155763239874e-7	1.1750003811645755e18
1.5802469135802466e-7	1.1440396140479539e18
1.565749235474006e-7	4.371543743901344e18
1.5515151515151514e-7	1.6821203193382262e17
1.5375375375375375e-7	4.683791441481636e18
1.5238095238095236e-7	3.178719103000144e18
1.510324483775811e-7	1.0003238107115628e18
1.4970760233918129e-7	3.619904064015228e18
1.4840579710144926e-7	6.057453079604624e16
1.471264367816092e-7	1.1995547914081644e18
1.4586894586894585e-7	5.679957304129016e17
1.446327683615819e-7	2.727857123505253e16
1.434173669467787e-7	2.9186232408970586e17
1.422222222222222e-7	3.5532982122591123e17
1.4104683195592285e-7	1.5168062027404698e17
1.3989071038251365e-7	5.707532989302566e17
1.3875338753387534e-7	2.4935548920532426e17
1.3763440860215053e-7	1.1335791383037648e17
1.3653333333333334e-7	1.893965763350731e17
1.3544973544973543e-7	1.4304539735647814e16
1.3438320209973753e-7	7.660953423506622e16
1.333333333333333e-7	1.9634812997625216e17
1.3229974160206715e-7	5.270904812295205e16
1.3128205128205127e-7	2.952059695520664e17
1.302798982188295e-7	2.0278947285953612e16
1.292929292929293e-7	7.058496255658442e16
1.2832080200501253e-7	3.4822161973219504e16
1.27363184079602e-7	6.454082868428762e15
1.2641975308641975e-7	1.3538802526753742e17
1.2549019607843138e-7	2.2218800815286256e16
1.2457420924574208e-7	5.07668187068931e16
1.2367149758454104e-7	1.9807713563811544e16
1.2278177458033572e-7	1.81741808880634e16
1.2190476190476188e-7	4.0526179961120216e16
1.210401891252955e-7	7.148761974414457e16
1.2018779342723003e-7	4.526862916077557e15
1.1934731934731933e-7	1.1794511060450186e16
1.185185185185185e-7	4.3748239239761416e16
1.1770114942528734e-7	3.652814398163266e16
1.1689497716894976e-7	4.847351836356227e16
1.1609977324263038e-7	2.2984622251080985e15
1.1531531531531531e-7	2.6857917217087164e16
1.1454138702460848e-7	1.6954876962291026e16
1.1377777777777777e-7	5.891119602739442e15
1.1302428256070639e-7	1.251183508763452e15
1.1228070175438595e-7	1.442792954206672e17
1.1154684095860565e-7	1.4750963913716752e16
1.1082251082251081e-7	2.599509161800248e15
1.1010752688172043e-7	6.927142840893404e15
1.0940170940170939e-7	5.828989409299075e15
1.0870488322717621e-7	2.728515202579668e16
1.080168776371308e-7	5.379308243933244e15
1.0733752620545073e-7	9.943236585832696e16
1.0666666666666666e-7	5.838014732454678e16
1.0600414078674947e-7	1.629767190748188e17
1.0534979423868312e-7	2.1285866239658093e17
1.0470347648261758e-7	2.601493890407164e17
1.040650406504065e-7	2.793162724902303e17
1.0343434343434342e-7	1.2697495692122774e17
1.0281124497991966e-7	1.3914304895028602e17
1.0219560878243514e-7	1.0230643481325997e17
1.0158730158730159e-7	6.154034584196451e16
1.009861932938856e-7	5.2612450619295896e16
1.0039215686274509e-7	1.321469088191831e17
9.980506822612084e-8	1.167551867920746e17
