3.6312056737588646e-7	1.861725213006488e23
3.5555555555555553e-7	2.592325659387204e23
3.482993197278911e-7	3.629959088390319e23
3.413333333333333e-7	4.8111169194957125e23
3.34640522875817e-7	4.408408744383745e23
3.282051282051282e-7	2.6591006124993786e23
3.2201257861635214e-7	8.226881757784907e22
3.160493827160493e-7	7.286260642442098e21
3.1030303030303027e-7	1.8032903769730887e22
3.047619047619047e-7	5.188897450315254e22
2.9941520467836257e-7	1.027683193270915e23
2.942528735632184e-7	2.2876214094080935e23
2.892655367231638e-7	3.671634939737405e23
2.844444444444444e-7	3.519282218074782e23
2.797814207650273e-7	3.262622888944282e23
2.7526881720430106e-7	2.0927837051438518e23
2.7089947089947086e-7	8.354228961261825e22
2.666666666666666e-7	4.123716618427933e22
2.6256410256410255e-7	8.97728404765197e21
2.585858585858586e-7	3.989966765769699e21
2.54726368159204e-7	4.879376720169334e21
2.5098039215686275e-7	3.5093683613822904e21
2.4734299516908207e-7	2.690446056282725e21
2.4380952380952376e-7	1.863368167473368e21
2.4037558685446006e-7	1.220571895514621e21
2.37037037037037e-7	4.3723369127464115e20
2.3378995433789952e-7	2.3206874592418926e20
2.3063063063063062e-7	1.6993715040244099e21
2.2755555555555555e-7	3.425433387048685e21
2.245614035087719e-7	1.0102247043489311e21
2.2164502164502162e-7	8.665639326081466e19
2.1880341880341878e-7	3.1707323930895696e19
2.160337552742616e-7	1.8945655976587356e20
2.133333333333333e-7	4.3133085990005775e20
2.1069958847736624e-7	1.7788832516551134e20
2.08130081300813e-7	5.040529836398888e20
2.0562248995983933e-7	4.838503576763639e20
2.0317460317460317e-7	7.100624298068848e19
2.0078431372549018e-7	1.1793945374565601e19
1.9844961240310076e-7	8.229630428734095e18
1.961685823754789e-7	5.140069651136123e19
1.939393939393939e-7	1.9650889074731932e20
1.9176029962546815e-7	1.2459541531064094e20
1.896296296296296e-7	4.671842477986372e18
1.8754578754578753e-7	4.763026155144332e19
1.8550724637681157e-7	2.8546079692043006e19
1.8351254480286738e-7	3.4328642818841035e19
1.8156028368794323e-7	4.641085753285593e19
1.7964912280701754e-7	1.8009835627013048e19
1.7777777777777776e-7	1.0450184747255861e19
1.7594501718213055e-7	1.4139874200509407e19
1.7414965986394556e-7	1.8654764234548175e19
1.7239057239057235e-7	3.244690882144208e17
1.7066666666666666e-7	2.460656481496708e18
1.6897689768976896e-7	3.28004298821549e18
1.673202614379085e-7	6.778821770388778e17
1.656957928802589e-7	5.518658165855994e18
1.641025641025641e-7	7.328155724874222e18
1.6253968253968253e-7	1.7060554107408225e18
1.6100628930817607e-7	1.1365814897744101e19
1.5950155763239874e-7	4.5234490184276106e18
1.5802469135802466e-7	2.3728958826566195e18
1.565749235474006e-7	5.826570842062124e18
1.5515151515151514e-7	1.272768343168014e18
1.5375375375375375e-7	2.3005630448000463e18
1.5238095238095236e-7	1.4744012448794537e18
1.510324483775811e-7	4.4200181494889824e17
1.4970760233918129e-7	2.0852393894657938e18
1.4840579710144926e-7	6.369268892858748e17
1.471264367816092e-7	1.6575273079754522e18
1.4586894586894585e-7	1.0143430894532936e18
1.446327683615819e-7	3.977212061595947e17
1.434173669467787e-7	1.2658653532326659e18
1.422222222222222e-7	2.3834912185371974e17
1.4104683195592285e-7	1.910395943785035e17
1.3989071038251365e-7	3.890942137812873e17
1.3875338753387534e-7	1.9807246707983075e17
1.3763440860215053e-7	1.0763070214518122e17
1.3653333333333334e-7	4.746019787671142e16
1.3544973544973543e-7	2.921764410845327e17
1.3438320209973753e-7	1.8782203168684e17
1.333333333333333e-7	6.809344453614067e16
1.3229974160206715e-7	1.4905844195622198e17
1.3128205128205127e-7	6.970420942159763e15
1.302798982188295e-7	4.301016414837456e16
1.292929292929293e-7	1.538973078070969e17
1.2832080200501253e-7	3.990512290577764e16
1.27363184079602e-7	1.8765320437222742e17
1.2641975308641975e-7	2.8642049029347907e17
1.2549019607843138e-7	1.0167878225392333e17
1.2457420924574208e-7	3.233447752682761e17
1.2367149758454104e-7	1.4904854711812134e17
1.2278177458033572e-7	2.358017285187893e16
1.2190476190476188e-7	5.364622751273195e16
1.210401891252955e-7	1.231034532768866e17
1.2018779342723003e-7	7.876357845267798e16
1.1934731934731933e-7	2.6108702132937616e17
1.185185185185185e-7	1.8668630175273078e17
1.1770114942528734e-7	7.371971834862803e16
1.1689497716894976e-7	9.524838934162282e16
1.1609977324263038e-7	2.019293544267027e17
1.1531531531531531e-7	1.933144645181912e17
1.1454138702460848e-7	2.2332541696838584e16
1.1377777777777777e-7	2.691655596363804e16
1.1302428256070639e-7	2.896519673616636e14
1.1228070175438595e-7	2.0053741084808736e17
1.1154684095860565e-7	4.4144736443234734e18
1.1082251082251081e-7	1.6308376273637228e18
1.1010752688172043e-7	7.589034361159153e17
1.0940170940170939e-7	3.9199166056257837e17
1.0870488322717621e-7	6.401519448641625e14
1.080168776371308e-7	3.0355920377236186e17
1.0733752620545073e-7	3.2392260829169274e17
1.0666666666666666e-7	1.2834450205519247e18
1.0600414078674947e-7	2.1328738162215395e17
1.0534979423868312e-7	6.958643001155974e17
1.0470347648261758e-7	1.115418151747431e18
1.040650406504065e-7	1.007197556083376e18
1.0343434343434342e-7	2.7799886352272563e17
1.0281124497991966e-7	1.2508064933549386e17
1.0219560878243514e-7	3.4648988575927384e16
1.0158730158730159e-7	1.4114007688833878e17
1.009861932938856e-7	2.628488783217841e17
1.0039215686274509e-7	6.399510040082758e17
9.980506822612084e-8	3.374108582152245e17
