3.6312056737588646e-7	3.6013360225200976e19
3.5555555555555553e-7	5.221561476055729e18
3.482993197278911e-7	8.452765774072978e19
3.413333333333333e-7	4.139619468037715e19
3.34640522875817e-7	1.349693850796936e20
3.282051282051282e-7	3.114234709201871e19
3.2201257861635214e-7	2.0048924593484425e20
3.160493827160493e-7	2.8404780285739442e19
3.1030303030303027e-7	1.6221824521744905e20
3.047619047619047e-7	1.0640615251653966e20
2.9941520467836257e-7	1.9375913454733876e20
2.942528735632184e-7	1.7750496094182346e20
2.892655367231638e-7	3.6914002277461656e20
2.844444444444444e-7	1.4163187388806326e20
2.797814207650273e-7	3.7535237720266126e20
2.7526881720430106e-7	9.564805552362755e19
2.7089947089947086e-7	8.260963065600452e19
2.666666666666666e-7	4.991458349124104e19
2.6256410256410255e-7	3.141449613149293e20
2.585858585858586e-7	1.0175673286202421e21
2.54726368159204e-7	1.5016134883565607e21
2.5098039215686275e-7	2.992666629140173e21
2.4734299516908207e-7	3.3266442251209015e21
2.4380952380952376e-7	4.829611374126187e21
2.4037558685446006e-7	4.5264844458693535e21
2.37037037037037e-7	5.46551358391182e21
2.3378995433789952e-7	5.738307553109089e21
2.3063063063063062e-7	6.74216089052092e21
2.2755555555555555e-7	6.271835839139649e21
2.245614035087719e-7	6.546269480724644e21
2.2164502164502162e-7	5.730595146869441e21
2.1880341880341878e-7	5.476122179335059e21
2.160337552742616e-7	4.663012798772531e21
2.133333333333333e-7	3.82790388089321e21
2.1069958847736624e-7	3.2963781046719595e21
2.08130081300813e-7	2.2468685485521492e21
2.0562248995983933e-7	1.8961725560434262e21
2.0317460317460317e-7	1.1884736078462774e21
2.0078431372549018e-7	9.079981224618801e20
1.9844961240310076e-7	6.14971867586346e20
1.961685823754789e-7	3.7277525449082103e20
1.939393939393939e-7	3.1307943521329014e20
1.9176029962546815e-7	1.5066479133274695e20
1.896296296296296e-7	1.3379953566872353e20
1.8754578754578753e-7	7.577839102724502e19
1.8550724637681157e-7	4.372575781485261e19
1.8351254480286738e-7	4.583361369175428e19
1.8156028368794323e-7	1.5587139153830128e19
1.7964912280701754e-7	1.8944428554263605e19
1.7777777777777776e-7	5.615211012608981e18
1.7594501718213055e-7	7.327975922271388e17
1.7414965986394556e-7	1.7007332823281795e18
1.7239057239057235e-7	6.669929982715898e18
1.7066666666666666e-7	4.89820559268389e18
1.6897689768976896e-7	9.09985901879215e18
1.673202614379085e-7	3.035356479663889e18
1.656957928802589e-7	3.9422250919014333e18
1.641025641025641e-7	5.859873161852662e17
1.6253968253968253e-7	2.0191065107800768e18
1.6100628930817607e-7	1.2478868792771968e18
1.5950155763239874e-7	1.7277192483844104e18
1.5802469135802466e-7	1.5407273981400134e17
1.565749235474006e-7	2.6598511001837696e18
1.5515151515151514e-7	2.435201784849235e18
1.5375375375375375e-7	9.230493789767592e18
1.5238095238095236e-7	1.365629029567863e19
1.510324483775811e-7	2.0990091852845593e19
1.4970760233918129e-7	1.4062229827847184e19
1.4840579710144926e-7	1.1099422124937912e19
1.471264367816092e-7	1.6271252869544088e19
1.4586894586894585e-7	4.503523492104452e19
1.446327683615819e-7	5.630375359082349e19
1.434173669467787e-7	4.225044910898502e19
1.422222222222222e-7	1.4336803524294664e19
1.4104683195592285e-7	1.1972825717222636e19
1.3989071038251365e-7	3.3902539086012797e19
1.3875338753387534e-7	4.436656428915379e19
1.3763440860215053e-7	2.4996570232061956e19
1.3653333333333334e-7	6.109848565872419e18
1.3544973544973543e-7	1.3210835670544175e19
1.3438320209973753e-7	1.9802963117619347e19
1.333333333333333e-7	1.331575500089971e19
1.3229974160206715e-7	3.8237411945255987e18
1.3128205128205127e-7	7.32305630979386e18
1.302798982188295e-7	5.914296129407037e18
1.292929292929293e-7	2.439519439935919e18
1.2832080200501253e-7	1.763563598260982e18
1.27363184079602e-7	1.9486985037240325e18
1.2641975308641975e-7	7.886389079691434e17
1.2549019607843138e-7	5.442127565384001e17
1.2457420924574208e-7	5.2628417646040064e17
1.2367149758454104e-7	1.1005209583947251e17
1.2278177458033572e-7	2.0675480109850022e17
1.2190476190476188e-7	3.1823811707295376e16
1.210401891252955e-7	6.044452921087914e16
1.2018779342723003e-7	2.018075188512784e16
1.1934731934731933e-7	1.5107812302554706e16
1.185185185185185e-7	3.1359681955645268e16
1.1770114942528734e-7	7.784835041296302e15
1.1689497716894976e-7	3.896045598163455e16
1.1609977324263038e-7	1.2213067668916514e16
1.1531531531531531e-7	4.918498583275305e16
1.1454138702460848e-7	1.17417772886342e16
1.1377777777777777e-7	2.999978174087092e16
1.1302428256070639e-7	7.855719050291934e15
1.1228070175438595e-7	1.456630600237891e16
1.1154684095860565e-7	2.605228069864573e15
1.1082251082251081e-7	7.385736049623451e15
1.1010752688172043e-7	2.099521232477149e15
1.0940170940170939e-7	6.947383683995725e15
1.0870488322717621e-7	5.864044454675806e15
1.080168776371308e-7	1.2627428384412296e16
1.0733752620545073e-7	1.5263574651509164e16
1.0666666666666666e-7	2.306146280719667e16
1.0600414078674947e-7	2.6651457709728776e16
1.0534979423868312e-7	3.2687040291572188e16
1.0470347648261758e-7	3.4843801605073784e16
1.040650406504065e-7	4.074029620942895e16
1.0343434343434342e-7	4.136763391188091e16
1.0281124497991966e-7	4.331523016748479e16
1.0219560878243514e-7	4.024091646756075e16
1.0158730158730159e-7	3.685553332231988e16
1.009861932938856e-7	3.370901353052624e16
1.0039215686274509e-7	2.950608451316714e16
9.980506822612084e-8	2.694974018775674e16
