3.6312056737588646e-7	3.811377609161983e18
3.5555555555555553e-7	9.33445598276173e18
3.482993197278911e-7	1.5755823756025674e18
3.413333333333333e-7	5.098292272756622e18
3.34640522875817e-7	2.167626014374621e18
3.282051282051282e-7	3.3463799595870705e18
3.2201257861635214e-7	2.934490529494985e18
3.160493827160493e-7	2.2700463908936835e18
3.1030303030303027e-7	1.6522252837849436e18
3.047619047619047e-7	1.6903095973746348e18
2.9941520467836257e-7	1.2759368969208817e18
2.942528735632184e-7	1.1724756438814502e18
2.892655367231638e-7	7.674365228159028e17
2.844444444444444e-7	9.502435013279538e17
2.797814207650273e-7	3.9621684473745e17
2.7526881720430106e-7	1.1120476300161487e18
2.7089947089947086e-7	4.287683650070523e16
2.666666666666666e-7	1.7884196305026762e18
2.6256410256410255e-7	3.040701410151335e17
2.585858585858586e-7	3.793785095325114e18
2.54726368159204e-7	9.766194428444966e17
2.5098039215686275e-7	4.748226886575571e18
2.4734299516908207e-7	1.0948534671541356e18
2.4380952380952376e-7	1.830069949766112e18
2.4037558685446006e-7	4.13458551525974e17
2.37037037037037e-7	5.825291109898826e17
2.3378995433789952e-7	1.309606289912112e17
2.3063063063063062e-7	7.757830573833062e17
2.2755555555555555e-7	8.403825725561656e16
2.245614035087719e-7	1.2640045739344117e17
2.2164502164502162e-7	1.9834996398770374e17
2.1880341880341878e-7	4.013132712894584e16
2.160337552742616e-7	1.8290511326838838e17
2.133333333333333e-7	6.588497126386806e16
2.1069958847736624e-7	4.1504023748955225e15
2.08130081300813e-7	3.3570883843588904e16
2.0562248995983933e-7	5.775957424150801e16
2.0317460317460317e-7	4.244358913294616e16
2.0078431372549018e-7	1.907614096094318e16
1.9844961240310076e-7	1.1700066456059702e16
1.961685823754789e-7	3.148300391545971e16
1.939393939393939e-7	3.99621855677628e16
1.9176029962546815e-7	1.1453647433467754e16
1.896296296296296e-7	3.2666029298706465e15
1.8754578754578753e-7	1.3719563761634964e16
1.8550724637681157e-7	1.4247417272433034e16
1.8351254480286738e-7	4.222000533825813e14
1.8156028368794323e-7	9.23131197649166e15
1.7964912280701754e-7	1.2417777612524806e16
1.7777777777777776e-7	2.5132876796888445e15
1.7594501718213055e-7	5.611700341660493e15
1.7414965986394556e-7	1.1200729205846916e16
1.7239057239057235e-7	1.4038783529337095e15
1.7066666666666666e-7	3.8126046022216395e15
1.6897689768976896e-7	4.2102907214497345e15
1.673202614379085e-7	1.6616216839579712e14
1.656957928802589e-7	3.674975039989016e15
1.641025641025641e-7	8.384484753022344e13
1.6253968253968253e-7	3.716554650262375e15
1.6100628930817607e-7	8.35997332942982e14
1.5950155763239874e-7	2.5835196633527825e15
1.5802469135802466e-7	8.214387912325596e14
1.565749235474006e-7	1.8929296934106122e15
1.5515151515151514e-7	1.1089644154489228e14
1.5375375375375375e-7	1.1150257170817642e15
1.5238095238095236e-7	3.834703700883435e14
1.510324483775811e-7	5.950838969134028e13
1.4970760233918129e-7	9.771639281502745e14
1.4840579710144926e-7	1.1375351442422045e15
1.471264367816092e-7	1.7075661528930425e14
1.4586894586894585e-7	1.790434199390724e14
1.446327683615819e-7	7.089458539064188e14
1.434173669467787e-7	5.725735447360261e14
1.422222222222222e-7	4.221456761733344e14
1.4104683195592285e-7	1.5064737273572553e14
1.3989071038251365e-7	1.0116068823174177e14
1.3875338753387534e-7	1.2866116896356089e14
1.3763440860215053e-7	2.6825685257020672e14
1.3653333333333334e-7	1.347751684945659e14
1.3544973544973543e-7	1.484075476101717e14
1.3438320209973753e-7	3.1397984488442175e14
1.333333333333333e-7	9.051228529548688e13
1.3229974160206715e-7	2.7433172848169023e13
1.3128205128205127e-7	5.785576339001275e13
1.302798982188295e-7	7.961236086324995e12
1.292929292929293e-7	5.501275923023264e13
1.2832080200501253e-7	1.8182878685755047e13
1.27363184079602e-7	4.442774323101822e12
1.2641975308641975e-7	1.3816082373504324e13
1.2549019607843138e-7	4.442970671030314e13
1.2457420924574208e-7	4.9656185173815266e13
1.2367149758454104e-7	2.3042031338193926e13
1.2278177458033572e-7	8.27183294140752e13
1.2190476190476188e-7	3.3108033793824363e13
1.210401891252955e-7	8.412202289296723e13
1.2018779342723003e-7	4.457478122387899e13
1.1934731934731933e-7	1.5358439979664271e13
1.185185185185185e-7	7.734366947867296e12
1.1770114942528734e-7	1.5335883242332229e13
1.1689497716894976e-7	1.5696420141269012e13
1.1609977324263038e-7	1.4191167982203853e14
1.1531531531531531e-7	1.2569421340970795e13
1.1454138702460848e-7	1.4395084472137156e13
1.1377777777777777e-7	6.407391224577773e13
1.1302428256070639e-7	2.2380838331024867e13
1.1228070175438595e-7	1.2630120849178896e13
1.1154684095860565e-7	5.90351639523036e13
1.1082251082251081e-7	1.5852085242585191e13
1.1010752688172043e-7	9.413764683163108e13
1.0940170940170939e-7	1.3061336488571301e12
1.0870488322717621e-7	3.004483599691943e13
1.080168776371308e-7	1.5472899911417027e13
1.0733752620545073e-7	2.7678298773147344e13
1.0666666666666666e-7	1.0235702914162373e13
1.0600414078674947e-7	1.1012441465411606e11
1.0534979423868312e-7	1.3473823403827731e11
1.0470347648261758e-7	2.251253525995423e13
1.040650406504065e-7	1.4598200741090088e13
1.0343434343434342e-7	1.7382947348169424e13
1.0281124497991966e-7	1.897822373855158e13
1.0219560878243514e-7	8.389041349202915e12
1.0158730158730159e-7	1.5794888187262041e13
1.009861932938856e-7	2.5716869222258082e13
1.0039215686274509e-7	3.3078118508676164e13
9.980506822612084e-8	7.107806525622275e10
