3.6312056737588646e-7	1.8800617585876615e20
3.5555555555555553e-7	4.4321778355969923e20
3.482993197278911e-7	1.2563646775699551e20
3.413333333333333e-7	9.416503867523395e19
3.34640522875817e-7	1.3071569129010754e19
3.282051282051282e-7	6.608212281824439e19
3.2201257861635214e-7	3.999629618094455e18
3.160493827160493e-7	9.841030657515343e19
3.1030303030303027e-7	5.04078727888566e19
3.047619047619047e-7	5.068677066983097e19
2.9941520467836257e-7	5.755984789617911e19
2.942528735632184e-7	3.1288585928634425e19
2.892655367231638e-7	1.02849769327152e20
2.844444444444444e-7	4.703551098584709e19
2.797814207650273e-7	3.128035182734643e20
2.7526881720430106e-7	1.7620091172455173e20
2.7089947089947086e-7	1.1071935040009437e19
2.666666666666666e-7	6.7666749078890455e19
2.6256410256410255e-7	1.5100860521504732e20
2.585858585858586e-7	4.870016909992453e19
2.54726368159204e-7	2.1981739818160017e19
2.5098039215686275e-7	1.4472276488866456e20
2.4734299516908207e-7	1.421365716663253e20
2.4380952380952376e-7	5.072460489967512e19
2.4037558685446006e-7	2.5899552805857337e19
2.37037037037037e-7	5.36030809406768e18
2.3378995433789952e-7	2.7425234102990987e19
2.3063063063063062e-7	1.637101647586221e20
2.2755555555555555e-7	1.3920591377903395e20
2.245614035087719e-7	9.948635009412984e19
2.2164502164502162e-7	3.566088942785397e20
2.1880341880341878e-7	2.3789132290556376e20
2.160337552742616e-7	4.336287540349436e19
2.133333333333333e-7	9.26512100627845e19
2.1069958847736624e-7	1.0392533091630929e20
2.08130081300813e-7	6.700843014557052e18
2.0562248995983933e-7	4.853063539543097e19
2.0317460317460317e-7	1.321276694409331e19
2.0078431372549018e-7	2.5841511765137412e19
1.9844961240310076e-7	1.114955787892352e20
1.961685823754789e-7	6.889613083832106e19
1.939393939393939e-7	7.245650455493686e19
1.9176029962546815e-7	1.5439098428589903e20
1.896296296296296e-7	6.8064149134879195e19
1.8754578754578753e-7	3.5899128607922352e19
1.8550724637681157e-7	5.744404285601774e19
1.8351254480286738e-7	1.866126285679603e19
1.8156028368794323e-7	4.022594185699269e19
1.7964912280701754e-7	7.260865667955559e19
1.7777777777777776e-7	4.98187175657511e19
1.7594501718213055e-7	3.496984519176331e19
1.7414965986394556e-7	5.716594958105568e19
1.7239057239057235e-7	2.3215180860135166e19
1.7066666666666666e-7	1.4364245652883984e19
1.6897689768976896e-7	4.137315573369702e19
1.673202614379085e-7	1.473401914808872e19
1.656957928802589e-7	1.8178324436193008e19
1.641025641025641e-7	3.07723766546811e19
1.6253968253968253e-7	1.308883963315897e18
1.6100628930817607e-7	2.5262804173839303e19
1.5950155763239874e-7	1.4189291509468572e19
1.5802469135802466e-7	2.4424787230786765e18
1.565749235474006e-7	9.532108641473802e18
1.5515151515151514e-7	3.3223733357984517e18
1.5375375375375375e-7	2.0544076703757787e19
1.5238095238095236e-7	8.679924021981073e18
1.510324483775811e-7	1.8682967581439377e19
1.4970760233918129e-7	9.186915989549465e18
1.4840579710144926e-7	1.6689157759351065e19
1.471264367816092e-7	7.288368358467655e18
1.4586894586894585e-7	1.1330631719046795e19
1.446327683615819e-7	1.275083931960335e19
1.434173669467787e-7	1.579793109863278e18
1.422222222222222e-7	4.1501421877311575e18
1.4104683195592285e-7	4.760807751426236e18
1.3989071038251365e-7	3.63627806913141e18
1.3875338753387534e-7	3.599753337431313e18
1.3763440860215053e-7	3.160302185418982e18
1.3653333333333334e-7	2.5412607842596014e18
1.3544973544973543e-7	1.0103815649181683e18
1.3438320209973753e-7	5.2419049900552026e17
1.333333333333333e-7	2.7952802265400896e17
1.3229974160206715e-7	1.522352569814795e17
1.3128205128205127e-7	1.019193191500604e17
1.302798982188295e-7	2.9952943151700476e16
1.292929292929293e-7	6.151793826634418e16
1.2832080200501253e-7	2.1188343074364616e16
1.27363184079602e-7	1.783509239965752e16
1.2641975308641975e-7	1.6033534190653186e16
1.2549019607843138e-7	2.366689051289362e15
1.2457420924574208e-7	2.8085029193216324e16
1.2367149758454104e-7	4.445997185992699e15
1.2278177458033572e-7	7.021445567822728e15
1.2190476190476188e-7	4.758357320053465e15
1.210401891252955e-7	4.1644854156512115e15
1.2018779342723003e-7	6.700022527690282e15
1.1934731934731933e-7	3.033243725501626e15
1.185185185185185e-7	3.1210997466240555e15
1.1770114942528734e-7	2.1784721460985075e14
1.1689497716894976e-7	3.0441766173382455e15
1.1609977324263038e-7	2.351395267857151e15
1.1531531531531531e-7	8.267270256353521e15
1.1454138702460848e-7	1.4887685978540618e16
1.1377777777777777e-7	8.125516477029982e14
1.1302428256070639e-7	4.5604819304520556e14
1.1228070175438595e-7	9.004701179992528e14
1.1154684095860565e-7	6.235449024650789e14
1.1082251082251081e-7	3.223884412398905e14
1.1010752688172043e-7	1.1153606324208421e15
1.0940170940170939e-7	1.01391731391677e15
1.0870488322717621e-7	6.785792051104792e14
1.080168776371308e-7	2.500775871015842e15
1.0733752620545073e-7	4.545253738754543e15
1.0666666666666666e-7	7.633499867992554e15
1.0600414078674947e-7	4.422881208029074e16
1.0534979423868312e-7	6.625429236275565e15
1.0470347648261758e-7	1.3541618422765982e15
1.040650406504065e-7	2.4875962882304924e16
1.0343434343434342e-7	7.73752206136153e16
1.0281124497991966e-7	1.1325182529757472e17
1.0219560878243514e-7	5.347951287443354e16
1.0158730158730159e-7	3.708355431563578e16
1.009861932938856e-7	7.661138461963947e16
1.0039215686274509e-7	1.38670066735544e17
9.980506822612084e-8	7.79937354686763e17
