3.6312056737588646e-7	9.421186716465457e18
3.5555555555555553e-7	2.763901714262159e19
3.482993197278911e-7	1.1336709064862207e18
3.413333333333333e-7	1.5040858250189603e19
3.34640522875817e-7	1.0264571038543354e19
3.282051282051282e-7	1.7176852719656086e19
3.2201257861635214e-7	1.9793087889617433e19
3.160493827160493e-7	1.2224237736680335e19
3.1030303030303027e-7	1.1644014709190975e19
3.047619047619047e-7	3.134655773844216e18
2.9941520467836257e-7	6.307595463699773e18
2.942528735632184e-7	2.739403771941883e18
2.892655367231638e-7	2.630781444797136e17
2.844444444444444e-7	5.098335763679618e18
2.797814207650273e-7	7.325149339434967e18
2.7526881720430106e-7	1.7620792487015051e19
2.7089947089947086e-7	3.277266362394607e19
2.666666666666666e-7	6.1192085183464595e19
2.6256410256410255e-7	8.999227557837144e19
2.585858585858586e-7	1.0902335643552103e20
2.54726368159204e-7	1.3994939248532668e20
2.5098039215686275e-7	1.3458864381860318e20
2.4734299516908207e-7	1.8010445329148153e20
2.4380952380952376e-7	1.457293202307455e20
2.4037558685446006e-7	1.4899572806874595e20
2.37037037037037e-7	8.814679623053051e19
2.3378995433789952e-7	9.493581960447028e19
2.3063063063063062e-7	1.0079687279634733e20
2.2755555555555555e-7	8.754707544795367e19
2.245614035087719e-7	1.0185367431786024e20
2.2164502164502162e-7	6.131160802942319e19
2.1880341880341878e-7	5.18570919096151e19
2.160337552742616e-7	2.982354715777229e19
2.133333333333333e-7	1.484447132266627e19
2.1069958847736624e-7	1.2818973710593937e19
2.08130081300813e-7	3.0804463273849375e18
2.0562248995983933e-7	3.840511234342296e18
2.0317460317460317e-7	7.780048271455831e17
2.0078431372549018e-7	3.237837532329517e17
1.9844961240310076e-7	4.795314179455102e17
1.961685823754789e-7	5.30610056686447e16
1.939393939393939e-7	2.2048235250073786e17
1.9176029962546815e-7	3.7262403211901416e16
1.896296296296296e-7	2.245595196809835e16
1.8754578754578753e-7	6.735251910229166e15
1.8550724637681157e-7	1.866864150487628e17
1.8351254480286738e-7	6.785208744088451e15
1.8156028368794323e-7	1.0348863994111955e17
1.7964912280701754e-7	2.103965745230142e16
1.7777777777777776e-7	1.5959831765150518e15
1.7594501718213055e-7	6.043650456875546e16
1.7414965986394556e-7	1.7369475894534452e16
1.7239057239057235e-7	2.2943315051378016e16
1.7066666666666666e-7	5.65249586041505e15
1.6897689768976896e-7	2.4796695078872864e16
1.673202614379085e-7	1.2096111662101772e16
1.656957928802589e-7	8.723075938802219e14
1.641025641025641e-7	8.669598179353369e15
1.6253968253968253e-7	2.776693985616185e16
1.6100628930817607e-7	1.8758389722648825e15
1.5950155763239874e-7	1.1827659100159428e16
1.5802469135802466e-7	2.294842233461882e16
1.565749235474006e-7	3.723358343079122e16
1.5515151515151514e-7	1.909670447749345e16
1.5375375375375375e-7	1.2302610206366116e16
1.5238095238095236e-7	5.213915635379379e16
1.510324483775811e-7	2.9260011949967656e16
1.4970760233918129e-7	3.3243687448116896e16
1.4840579710144926e-7	6.678798611266417e15
1.471264367816092e-7	2.8369193921356064e16
1.4586894586894585e-7	2.5494110134183104e16
1.446327683615819e-7	3.2914921658311524e16
1.434173669467787e-7	4.371984478468469e16
1.422222222222222e-7	3.4528666849229856e16
1.4104683195592285e-7	4.16333230018091e16
1.3989071038251365e-7	1.8294154697399504e16
1.3875338753387534e-7	2.9042550799995984e16
1.3763440860215053e-7	1.566416224081139e16
1.3653333333333334e-7	1.3531396033423152e16
1.3544973544973543e-7	2.433664753311344e15
1.3438320209973753e-7	8.36630574877243e14
1.333333333333333e-7	9.882030839341649e14
1.3229974160206715e-7	4.024081086731374e13
1.3128205128205127e-7	4.044101149372172e14
1.302798982188295e-7	6.789063969317102e14
1.292929292929293e-7	6.11374053514998e14
1.2832080200501253e-7	7.731609000151302e14
1.27363184079602e-7	4.2346642861828394e14
1.2641975308641975e-7	2.3432650005166225e14
1.2549019607843138e-7	5.58712018172766e14
1.2457420924574208e-7	1.2007781013801884e14
1.2367149758454104e-7	2.3766851242748906e14
1.2278177458033572e-7	9.434144881713641e14
1.2190476190476188e-7	2.84967781194189e14
1.210401891252955e-7	1.755682946371519e14
1.2018779342723003e-7	7.563444567261612e14
1.1934731934731933e-7	9.927559466385589e14
1.185185185185185e-7	4.616036470022313e14
1.1770114942528734e-7	1.4999421815096788e14
1.1689497716894976e-7	6.2870451380646055e13
1.1609977324263038e-7	1.6434654927696553e13
1.1531531531531531e-7	3.942609000063303e13
1.1454138702460848e-7	9.754257589688525e13
1.1377777777777777e-7	1.2530094036025589e14
1.1302428256070639e-7	1.1389733741259383e14
1.1228070175438595e-7	1.2854891123600662e14
1.1154684095860565e-7	1.1963278035080506e14
1.1082251082251081e-7	7.659362629920794e13
1.1010752688172043e-7	7.220980578196084e13
1.0940170940170939e-7	4.320375541945848e13
1.0870488322717621e-7	8.152427063267822e13
1.080168776371308e-7	4.2298171818434625e13
1.0733752620545073e-7	7.174140576307484e13
1.0666666666666666e-7	5.889825030674476e13
1.0600414078674947e-7	6.557792073656778e13
1.0534979423868312e-7	6.352123223119954e13
1.0470347648261758e-7	4.899562187380017e13
1.040650406504065e-7	4.8656816834189055e13
1.0343434343434342e-7	2.737096951778155e13
1.0281124497991966e-7	3.9278659504273484e13
1.0219560878243514e-7	1.6641397112186012e13
1.0158730158730159e-7	2.7646289390215656e13
1.009861932938856e-7	1.4038702755729469e13
1.0039215686274509e-7	2.211955335287559e13
9.980506822612084e-8	2.1534696566228906e13
