3.6312056737588646e-7	1.2754120508681673e20
3.5555555555555553e-7	1.982258205499323e19
3.482993197278911e-7	7.856639593187403e19
3.413333333333333e-7	3.0564965906853458e19
3.34640522875817e-7	5.435671018798308e17
3.282051282051282e-7	8.189652276596864e18
3.2201257861635214e-7	2.0750545639484543e19
3.160493827160493e-7	1.0613372317103952e19
3.1030303030303027e-7	5.233183342710804e19
3.047619047619047e-7	6.569460429189793e19
2.9941520467836257e-7	2.929602249061327e18
2.942528735632184e-7	6.802080513713274e19
2.892655367231638e-7	3.508856242934088e19
2.844444444444444e-7	2.4014219556022268e19
2.797814207650273e-7	5.798918272024517e19
2.7526881720430106e-7	1.8341696531656553e20
2.7089947089947086e-7	1.005704907816679e20
2.666666666666666e-7	2.2291859496086825e20
2.6256410256410255e-7	1.8547785154887483e20
2.585858585858586e-7	7.168702427801811e19
2.54726368159204e-7	9.38501795335551e19
2.5098039215686275e-7	2.9700177977247535e19
2.4734299516908207e-7	3.313984605985556e19
2.4380952380952376e-7	1.0056544461875806e20
2.4037558685446006e-7	1.3641409717515243e20
2.37037037037037e-7	3.446345000396795e20
2.3378995433789952e-7	2.9036677517626124e20
2.3063063063063062e-7	3.905557009678827e20
2.2755555555555555e-7	3.0770043060623e20
2.245614035087719e-7	2.314224560127941e20
2.2164502164502162e-7	1.0002469157241124e20
2.1880341880341878e-7	6.263149956466438e19
2.160337552742616e-7	1.463439107929382e18
2.133333333333333e-7	5.847472673321902e17
2.1069958847736624e-7	1.770374837732243e19
2.08130081300813e-7	5.096363267034348e19
2.0562248995983933e-7	4.155292355921264e19
2.0317460317460317e-7	6.3862165167653e19
2.0078431372549018e-7	4.704632485921198e19
1.9844961240310076e-7	2.6986420158823682e19
1.961685823754789e-7	1.6951771795289696e19
1.939393939393939e-7	8.747977842219387e18
1.9176029962546815e-7	1.4264298154211174e17
1.896296296296296e-7	9.497421999958656e17
1.8754578754578753e-7	9.387708621849386e17
1.8550724637681157e-7	1.1372521244081428e18
1.8351254480286738e-7	1.948522509178572e17
1.8156028368794323e-7	1.905166474491988e18
1.7964912280701754e-7	4.3573008652279494e17
1.7777777777777776e-7	1.2547309154691944e17
1.7594501718213055e-7	3.221559157123739e17
1.7414965986394556e-7	1.8870400260526304e17
1.7239057239057235e-7	5.979474956282098e17
1.7066666666666666e-7	6.878727735204352e16
1.6897689768976896e-7	3.797569936073678e16
1.673202614379085e-7	1.113713362719371e18
1.656957928802589e-7	2.5545786815877818e17
1.641025641025641e-7	1.0918001000756384e17
1.6253968253968253e-7	9.377313622122239e17
1.6100628930817607e-7	1.771778059502501e17
1.5950155763239874e-7	7.136783279386916e17
1.5802469135802466e-7	1.2486442197464822e18
1.565749235474006e-7	3.766307961560429e17
1.5515151515151514e-7	1.1194769881203107e18
1.5375375375375375e-7	1.7495688063792443e18
1.5238095238095236e-7	1.2978967286933565e18
1.510324483775811e-7	3.319539264905508e18
1.4970760233918129e-7	5.016315681649563e18
1.4840579710144926e-7	4.5412421793057e18
1.471264367816092e-7	4.990170009236136e18
1.4586894586894585e-7	3.6568097328425257e18
1.446327683615819e-7	1.9495250402018877e18
1.434173669467787e-7	2.1509759081855299e18
1.422222222222222e-7	6.505617424539013e17
1.4104683195592285e-7	4.008705075692415e17
1.3989071038251365e-7	5.6579115366923603e17
1.3875338753387534e-7	5.6055331173577837e17
1.3763440860215053e-7	1.688119607976041e17
1.3653333333333334e-7	1.6652275906624118e17
1.3544973544973543e-7	1.1565642108197982e17
1.3438320209973753e-7	7.946310170222562e16
1.333333333333333e-7	7.419968094618782e16
1.3229974160206715e-7	3.1134273102549836e16
1.3128205128205127e-7	4.427744612670154e16
1.302798982188295e-7	2.4791341833489724e16
1.292929292929293e-7	3.772630736320297e16
1.2832080200501253e-7	9.352343806807242e15
1.27363184079602e-7	1.7102893509396278e16
1.2641975308641975e-7	8.08110563089154e15
1.2549019607843138e-7	1.2703947385140338e16
1.2457420924574208e-7	7.570415876276784e15
1.2367149758454104e-7	1.1718187111876686e16
1.2278177458033572e-7	1.8392746376463025e15
1.2190476190476188e-7	3.0877651968486745e15
1.210401891252955e-7	4.41684256849219e15
1.2018779342723003e-7	1.1007799542724289e15
1.1934731934731933e-7	6.66984627648324e15
1.185185185185185e-7	5.527214061276832e15
1.1770114942528734e-7	7.231031140298404e15
1.1689497716894976e-7	1.2268591787823982e15
1.1609977324263038e-7	4.0555554107165335e15
1.1531531531531531e-7	6.114061725041684e15
1.1454138702460848e-7	1.022487900215474e16
1.1377777777777777e-7	7.139827709402428e15
1.1302428256070639e-7	1.8898089465278912e15
1.1228070175438595e-7	3.5233789385227245e15
1.1154684095860565e-7	1.7525776243484645e15
1.1082251082251081e-7	9.33644478616826e14
1.1010752688172043e-7	1.4722310091826062e15
1.0940170940170939e-7	6.802093663174451e14
1.0870488322717621e-7	1.0681757382463828e14
1.080168776371308e-7	7.556453193302528e12
1.0733752620545073e-7	1.3415789386839081e14
1.0666666666666666e-7	2.1326221528045062e14
1.0600414078674947e-7	4.3433709861582516e13
1.0534979423868312e-7	2.334912872714761e13
1.0470347648261758e-7	1.2657206605861106e14
1.040650406504065e-7	7.75340567221331e12
1.0343434343434342e-7	6.908446152252001e14
1.0281124497991966e-7	9.040759053292272e13
1.0219560878243514e-7	8.21425075044956e14
1.0158730158730159e-7	2.4389761022684428e14
1.009861932938856e-7	1.5208365724497135e15
1.0039215686274509e-7	4.89239866043539e15
9.980506822612084e-8	6.462918891280602e15
