3.6312056737588646e-7	1.296035866608349e20
3.5555555555555553e-7	1.671867672811032e19
3.482993197278911e-7	6.7820464510847705e19
3.413333333333333e-7	2.232413344628856e19
3.34640522875817e-7	7.708986210788235e16
3.282051282051282e-7	1.5456340573596248e19
3.2201257861635214e-7	2.373486934211995e19
3.160493827160493e-7	1.8058000694443426e19
3.1030303030303027e-7	5.577933407339366e19
3.047619047619047e-7	4.2804119694434935e19
2.9941520467836257e-7	5.012885647351769e18
2.942528735632184e-7	3.4033166063782597e19
2.892655367231638e-7	2.0407153826868683e19
2.844444444444444e-7	9.86022488172852e18
2.797814207650273e-7	2.1087307755395236e19
2.7526881720430106e-7	9.629361250572902e19
2.7089947089947086e-7	1.5734354173877254e19
2.666666666666666e-7	6.8974315801403785e19
2.6256410256410255e-7	1.4806008140559321e19
2.585858585858586e-7	4.445665701783122e19
2.54726368159204e-7	8.811298557915087e19
2.5098039215686275e-7	1.640752159185243e20
2.4734299516908207e-7	3.242196462296352e20
2.4380952380952376e-7	4.943997509219739e20
2.4037558685446006e-7	4.89145398783416e20
2.37037037037037e-7	5.7347705612524546e20
2.3378995433789952e-7	4.41312812330708e20
2.3063063063063062e-7	2.5767552785295432e20
2.2755555555555555e-7	1.3491010980607844e20
2.245614035087719e-7	1.815995062378469e19
2.2164502164502162e-7	4.8778727243378246e19
2.1880341880341878e-7	6.546360275644864e19
2.160337552742616e-7	1.3381801307668508e20
2.133333333333333e-7	1.852792343343798e20
2.1069958847736624e-7	1.2406390121339893e20
2.08130081300813e-7	1.305278322804214e20
2.0562248995983933e-7	6.0817197123565806e19
2.0317460317460317e-7	2.187017451957216e19
2.0078431372549018e-7	4.2502827252498514e18
1.9844961240310076e-7	3.3669505495078574e18
1.961685823754789e-7	8.458018926160036e18
1.939393939393939e-7	4.859775555471719e18
1.9176029962546815e-7	9.316271540163883e18
1.896296296296296e-7	8.746317401396389e18
1.8754578754578753e-7	3.5092521967779066e17
1.8550724637681157e-7	1.5485291841252844e18
1.8351254480286738e-7	7.970216565589392e16
1.8156028368794323e-7	1.0101511596248212e18
1.7964912280701754e-7	8.002509980729533e17
1.7777777777777776e-7	4.8391379599668966e17
1.7594501718213055e-7	2.959838098918546e17
1.7414965986394556e-7	1.8133183955327325e17
1.7239057239057235e-7	7.144734447175254e17
1.7066666666666666e-7	1.2386093625747752e17
1.6897689768976896e-7	5.428325988391465e16
1.673202614379085e-7	1.1537800477964785e18
1.656957928802589e-7	3.079955613399233e17
1.641025641025641e-7	2.2483540872482064e16
1.6253968253968253e-7	1.1521262030610148e18
1.6100628930817607e-7	6.48349160401479e17
1.5950155763239874e-7	5.159666985244795e17
1.5802469135802466e-7	7.855717600008417e17
1.565749235474006e-7	5.811659860963182e17
1.5515151515151514e-7	1.223455314385124e18
1.5375375375375375e-7	3.0013279012535066e18
1.5238095238095236e-7	1.6344260698388383e18
1.510324483775811e-7	2.3406586731109376e18
1.4970760233918129e-7	1.7850014107724134e18
1.4840579710144926e-7	7.218525242487064e17
1.471264367816092e-7	8.127183078884328e17
1.4586894586894585e-7	1.0034884031933161e18
1.446327683615819e-7	4.306787198744189e16
1.434173669467787e-7	7.827546046142877e16
1.422222222222222e-7	4.8166973902101606e17
1.4104683195592285e-7	2.3372507488818224e17
1.3989071038251365e-7	2.665653788240293e17
1.3875338753387534e-7	9.370320497588442e16
1.3763440860215053e-7	1.2133594617455235e17
1.3653333333333334e-7	3.707468704755536e16
1.3544973544973543e-7	9.547081876778747e16
1.3438320209973753e-7	2.7411085454888172e16
1.333333333333333e-7	4.495698539769943e16
1.3229974160206715e-7	1.142667101605176e16
1.3128205128205127e-7	1.699570049749864e16
1.302798982188295e-7	4.804312246763942e15
1.292929292929293e-7	6.279111027243135e15
1.2832080200501253e-7	5.54457205605967e15
1.27363184079602e-7	4.305144931827473e15
1.2641975308641975e-7	3.008798081243131e15
1.2549019607843138e-7	2.751607814773821e15
1.2457420924574208e-7	3.6927192892951835e15
1.2367149758454104e-7	2.1556022975854382e15
1.2278177458033572e-7	1.066035232829707e15
1.2190476190476188e-7	2.0735815515574702e15
1.210401891252955e-7	1.522351758656906e15
1.2018779342723003e-7	9.720112701737816e14
1.1934731934731933e-7	2.4212392333727175e14
1.185185185185185e-7	4.3793311904776556e14
1.1770114942528734e-7	6.701151655809728e14
1.1689497716894976e-7	6.482636330353112e15
1.1609977324263038e-7	8.804629496660362e14
1.1531531531531531e-7	1.496959369874042e15
1.1454138702460848e-7	2.94220946515311e15
1.1377777777777777e-7	3.834423561010447e15
1.1302428256070639e-7	3.873797689823735e14
1.1228070175438595e-7	2.552959588759635e14
1.1154684095860565e-7	5.646790245504515e14
1.1082251082251081e-7	2.7603788502922412e14
1.1010752688172043e-7	1.6390821919934494e14
1.0940170940170939e-7	2.6778221285829778e14
1.0870488322717621e-7	6.41478746498915e13
1.080168776371308e-7	3.740502219369538e13
1.0733752620545073e-7	6.225680766126158e13
1.0666666666666666e-7	2.321236823237786e14
1.0600414078674947e-7	2.6506051551418105e13
1.0534979423868312e-7	7.884348542580531e13
1.0470347648261758e-7	4.40673469521085e12
1.040650406504065e-7	9.336177793770694e13
1.0343434343434342e-7	2.298149006818432e13
1.0281124497991966e-7	6.653510504325804e13
1.0219560878243514e-7	1.489496403534822e14
1.0158730158730159e-7	4.591108947273147e13
1.009861932938856e-7	9.093963898947318e14
1.0039215686274509e-7	1.0350478713352132e15
9.980506822612084e-8	2.9667498148788135e15
