-2.846413612357564e-14	4.82527912448169e16
-2.8352948091842922e-14	5.0074663061232264e16
-2.8241760060110207e-14	5.952896156935654e16
-2.813057202837749e-14	6.144866793799687e16
-2.801938399664477e-14	5.498882821774989e16
-2.7908195964912055e-14	5.62145207028154e16
-2.7797007933179336e-14	6.845239857748687e16
-2.768581990144662e-14	7.49912890249161e16
-2.7574631869713902e-14	6.996999619427814e16
-2.7463443837981184e-14	7.115210089463309e16
-2.735225580624847e-14	8.803159248167221e16
-2.724106777451575e-14	1.025827252518732e17
-2.7129879742783032e-14	1.0190854148640573e17
-2.7018691711050316e-14	1.0557905117667123e17
-2.6907503679317598e-14	1.3296675365747954e17
-2.679631564758488e-14	1.6587313306773238e17
-2.6685127615852164e-14	1.8060513657311862e17
-2.6573939584119446e-14	1.9960798546281728e17
-2.6462751552386727e-14	2.6355711861873632e17
-2.6351563520654012e-14	3.6255500331072666e17
-2.6240375488921293e-14	4.5997933528239616e17
-2.6129187457188578e-14	5.954238250471144e17
-2.601799942545586e-14	8.816202515258304e17
-2.590681139372314e-14	1.3343567328726367e18
-2.5795623361990426e-14	1.754453822417067e18
-2.5684435330257707e-14	1.870888174237602e18
-2.557324729852499e-14	1.6098722327914857e18
-2.5462059266792273e-14	1.1618414534319493e18
-2.5350871235059555e-14	7.727371678814378e17
-2.5239683203326836e-14	5.311669095846682e17
-2.512849517159412e-14	3.815431945120459e17
-2.5017307139861403e-14	2.683519953873993e17
-2.4906119108128687e-14	1.9115855350280595e17
-2.479493107639597e-14	1.4731180039617773e17
-2.468374304466325e-14	1.0446569422222683e17
-2.4572555012930535e-14	4.85753232369568e16
-2.4461366981197817e-14	7.998662782182556e15
-2.4350178949465098e-14	5.213456155136546e15
-2.4238990917732383e-14	1.900967140173463e16
-2.4127802885999664e-14	1.8948565605176252e16
-2.4016614854266946e-14	9.54543405877952e15
-2.390542682253423e-14	1.2217539679528916e16
-2.3794238790801512e-14	2.4324382463930024e16
-2.3683050759068793e-14	2.8999422170139644e16
-2.3571862727336078e-14	3.4227955611506e16
-2.346067469560336e-14	6.569736843358951e16
-2.3349486663870644e-14	1.1830968767050976e17
-2.3238298632137926e-14	1.4744564866814906e17
-2.3127110600405207e-14	1.2299857156842426e17
-2.3015922568672492e-14	6.9930266242757736e16
-2.2904734536939774e-14	3.672746684442061e16
-2.2793546505207055e-14	3.7771467039625496e16
-2.268235847347434e-14	4.741273566766919e16
-2.257117044174162e-14	4.394537453340947e16
-2.2459982410008903e-14	3.6418743489136424e16
-2.2348794378276187e-14	4.337603069355259e16
-2.223760634654347e-14	6.240625713379304e16
-2.212641831481075e-14	7.284458485155475e16
-2.2015230283078035e-14	6.17255095570596e16
-2.1904042251345317e-14	3.654146455703024e16
-2.17928542196126e-14	1.3942241181440636e16
-2.1681666187879883e-14	3.6676490949614395e15
-2.1570478156147164e-14	4.244905020141532e15
-2.145929012441445e-14	8.327838261569168e15
-2.134810209268173e-14	9.82370499882781e15
-2.1236914060949012e-14	9.641478787700368e15
-2.1125726029216297e-14	1.6409725835640026e16
-2.1014537997483578e-14	3.7390660973474344e16
-2.090334996575086e-14	6.565750731438669e16
-2.0792161934018145e-14	8.099067770546835e16
-2.0680973902285426e-14	6.990758319904408e16
-2.056978587055271e-14	4.284629274534855e16
-2.0458597838819992e-14	2.405905113881326e16
-2.0347409807087274e-14	2.427541332844243e16
-2.023622177535456e-14	3.184147595695577e16
-2.012503374362184e-14	3.3640148258772412e16
-2.001384571188912e-14	3.440938618676822e16
-1.9902657680156406e-14	4.605677909620094e16
-1.9791469648423688e-14	6.448822646963135e16
-1.968028161669097e-14	7.0500667430525896e16
-1.9569093584958254e-14	5.421981760285416e16
-1.9457905553225535e-14	2.743101864348786e16
-1.9346717521492817e-14	8.047099987520847e15
-1.92355294897601e-14	1.331268893012067e15
-1.9124341458027383e-14	1.2771770659492112e15
-1.9013153426294668e-14	2.4279127764142155e15
-1.890196539456195e-14	3.562794319000585e15
-1.879077736282923e-14	5.721241643230854e15
-1.8679589331096515e-14	1.3563971606264596e16
-1.8568401299363797e-14	3.326210239616002e16
-1.845721326763108e-14	6.102669543148274e16
-1.8346025235898363e-14	7.868684992928046e16
-1.8234837204165645e-14	7.11259699863008e16
-1.8123649172432926e-14	4.624049581396642e16
-1.801246114070021e-14	2.7294557377371756e16
-1.7901273108967492e-14	2.5836886256771556e16
-1.7790085077234774e-14	3.279686059199545e16
-1.767889704550206e-14	3.705098932993324e16
-1.756770901376934e-14	3.977242408912398e16
-1.7456520982036625e-14	4.4822995246862264e16
-1.7345332950303906e-14	4.672711708197073e16
-1.7234144918571188e-14	3.837310180804028e16
-1.7122956886838473e-14	2.3781812033032948e16
-1.7011768855105754e-14	1.3042162876955216e16
-1.6900580823373036e-14	8.584765966555868e15
-1.678939279164032e-14	5.699586105377373e15
-1.6678204759907602e-14	3.557817983343832e15
-1.6567016728174883e-14	6.283206208678834e15
-1.6455828696442168e-14	1.4962030005506526e16
-1.634464066470945e-14	2.7920404291194324e16
-1.6233452632976734e-14	4.728062179347646e16
-1.6122264601244016e-14	7.411311710280411e16
-1.6011076569511297e-14	9.653389457239918e16
-1.5899888537778582e-14	9.537704101031763e16
-1.5788700506045863e-14	6.73757404543514e16
-1.5677512474313145e-14	3.321927753396205e16
-1.556632444258043e-14	1.559512204119133e16
-1.545513641084771e-14	1.6157984893680918e16
-1.5343948379114993e-14	2.0611148092833948e16
-1.5232760347382277e-14	1.923499571697292e16
-1.512157231564956e-14	1.3755669247637734e16
-1.501038428391684e-14	9.488065477677124e15
-1.4899196252184125e-14	1.0836489385258016e16
-1.4788008220451407e-14	2.1687471692687572e16
-1.467682018871869e-14	4.013587214159219e16
-1.4565632156985973e-14	5.382374166370249e16
-1.4454444125253254e-14	5.067705593600445e16
-1.434325609352054e-14	3.560602224563097e16
-1.423206806178782e-14	2.761195378062873e16
-1.4120880030055104e-14	3.780601132715178e16
-1.4009691998322385e-14	5.795773935550678e16
-1.3898503966589668e-14	7.305593642610962e16
-1.3787315934856951e-14	7.652523967745251e16
-1.3676127903124234e-14	6.9037302171078696e16
-1.3564939871391516e-14	5.168206984969053e16
-1.3453751839658799e-14	2.8435804266937016e16
-1.3342563807926082e-14	9.353498026608702e15
-1.3231375776193364e-14	2.083802563901584e15
-1.3120187744460647e-14	2.680272069766348e15
-1.300899971272793e-14	2.3343289403214115e15
-1.2897811680995213e-14	1.240081077077758e15
-1.2786623649262494e-14	8.22725872931344e15
-1.2675435617529777e-14	2.751339194497253e16
-1.256424758579706e-14	5.3059952242157064e16
-1.2453059554064344e-14	7.58322721877047e16
-1.2341871522331625e-14	8.936066210208086e16
-1.2230683490598908e-14	8.805506373391565e16
-1.2119495458866191e-14	6.924161830310451e16
-1.2008307427133473e-14	4.076519832825634e16
-1.1897119395400756e-14	1.9191845437602416e16
-1.1785931363668039e-14	1.4354648189396344e16
-1.1674743331935322e-14	1.9492459579957492e16
-1.1563555300202604e-14	2.1275659589316372e16
-1.1452367268469887e-14	1.5923071943610214e16
-1.134117923673717e-14	1.0644870036548448e16
-1.1229991205004451e-14	1.2545457811939588e16
-1.1118803173271735e-14	2.1794824739648196e16
-1.1007615141539018e-14	3.373872587678283e16
-1.08964271098063e-14	4.206358653018128e16
-1.0785239078073582e-14	4.106303406046462e16
-1.0674051046340865e-14	3.0890887033755572e16
-1.0562863014608148e-14	2.1014313581578364e16
-1.045167498287543e-14	2.281351428226173e16
-1.0340486951142713e-14	3.669550996757496e16
-1.0229298919409996e-14	5.040187228286077e16
-1.011811088767728e-14	5.191733264642189e16
-1.000692285594456e-14	4.090874382389039e16
-9.895734824211844e-15	2.6106667142507868e16
-9.784546792479127e-15	1.5221259077925e16
-9.673358760746408e-15	9.992351827530132e15
-9.562170729013692e-15	8.116755813274751e15
-9.450982697280975e-15	6.642621451793658e15
-9.339794665548258e-15	4.755860404988951e15
-9.22860663381554e-15	5.546339812769105e15
-9.117418602082822e-15	1.3646090303483204e16
-9.006230570350105e-15	2.884335678154686e16
-8.895042538617387e-15	4.331429168912854e16
-8.78385450688467e-15	4.780987230895576e16
-8.672666475151953e-15	4.028587390952571e16
-8.561478443419236e-15	2.6777685216319416e16
-8.450290411686518e-15	1.466730504498366e16
-8.339102379953801e-15	7.147755484351123e15
-8.227914348221084e-15	3.570953071087128e15
-8.116726316488367e-15	2.5849883830394755e15
-8.005538284755649e-15	4.232303361396764e15
-7.894350253022932e-15	1.0054947860266594e16
-7.783162221290215e-15	2.096598625287239e16
-7.671974189557496e-15	3.4009673955861696e16
-7.56078615782478e-15	4.223103901163272e16
-7.449598126092062e-15	3.999538939028175e16
-7.338410094359346e-15	2.8611733323767684e16
-7.227222062626627e-15	1.5171229110800676e16
-7.11603403089391e-15	5.869785814078742e15
-7.0048459991611925e-15	1.915505555778228e15
-6.893657967428476e-15	1.6103062849799992e15
-6.782469935695758e-15	4.20179646326223e15
-6.671281903963041e-15	1.0860497068076296e16
-6.560093872230323e-15	2.283366505261498e16
-6.4489058404976064e-15	3.858444973539603e16
-6.337717808764889e-15	5.186720298869991e16
-6.226529777032172e-15	5.410686457690324e16
-6.115341745299454e-15	4.185170464434058e16
-6.0041537135667364e-15	2.2101859436343544e16
-5.8929656818340195e-15	7.154343827324975e15
-5.781777650101302e-15	2.896656542249521e15
-5.670589618368585e-15	4.492139856902032e15
-5.559401586635867e-15	4.653202647606598e15
-5.44821355490315e-15	3.3561159040968455e15
-5.337025523170433e-15	7.255279016626898e15
-5.225837491437715e-15	2.135891095681004e16
-5.114649459704998e-15	4.313670001455397e16
-5.00346142797228e-15	6.318101408545518e16
-4.8922733962395635e-15	7.04726386222679e16
-4.781085364506846e-15	6.021853297634476e16
-4.669897332774129e-15	3.976419471659114e16
-4.558709301041411e-15	2.4458235128107188e16
-4.4475212693086935e-15	2.3367360408127264e16
-4.3363332375759766e-15	2.9765344276169868e16
-4.225145205843259e-15	2.9482506355876708e16
-4.113957174110542e-15	1.807898474642189e16
-4.002769142377824e-15	5.491600603443368e15
-3.891581110645107e-15	3.38378807518635e15
-3.78039307891239e-15	1.2366135783668192e16
-3.669205047179673e-15	2.333375527083533e16
-3.558017015446955e-15	2.7685886356007496e16
-3.446828983714238e-15	2.399284228291357e16
-3.3356409519815205e-15	1.7584257963827312e16
-3.2244529202488032e-15	1.6039993215008694e16
-3.113264888516086e-15	2.2723957716794384e16
-3.0020768567833682e-15	3.238832782957928e16
-2.890888825050651e-15	3.5283264205917384e16
-2.7797007933179336e-15	2.794701794939979e16
-2.6685127615852163e-15	1.7765218531024294e16
-2.557324729852499e-15	1.4255699688432816e16
-2.4461366981197817e-15	1.8151193371240564e16
-2.3349486663870644e-15	2.2647501187986956e16
-2.2237606346543467e-15	2.386804337913181e16
-2.1125726029216294e-15	2.574443821896564e16
-2.001384571188912e-15	3.40527553990782e16
-1.890196539456195e-15	4.824485226740508e16
-1.7790085077234776e-15	5.964098932123573e16
-1.6678204759907603e-15	5.705055000427533e16
-1.556632444258043e-15	3.693150510720076e16
-1.4454444125253255e-15	1.106637567194428e16
-1.3342563807926082e-15	7.60312313049688e14
-1.2230683490598909e-15	1.67642491539275e16
-1.1118803173271734e-15	4.533193419234982e16
-1.000692285594456e-15	6.130379955999691e16
-8.895042538617388e-16	5.6954693554786696e16
-7.783162221290215e-16	5.096016199868941e16
-6.671281903963041e-16	6.442797380013445e16
-5.559401586635867e-16	9.366165354904942e16
-4.447521269308694e-16	1.131283332120926e17
-3.3356409519815204e-16	1.0286828828333419e17
-2.223760634654347e-16	6.727048993938295e16
-1.1118803173271735e-16	2.822547489221675e16
0.0	5.297238363782431e15
1.1118803173271735e-16	2.364814872122725e15
2.223760634654347e-16	8.622645288093881e15
3.3356409519815204e-16	1.1383311469108116e16
4.447521269308694e-16	1.0350144076588902e16
5.559401586635867e-16	1.8088759468360676e16
6.671281903963041e-16	4.251635193820899e16
7.783162221290215e-16	7.095898240304808e16
8.895042538617388e-16	7.90117272023929e16
1.000692285594456e-15	5.726865336114298e16
1.1118803173271734e-15	2.315518067716041e16
1.2230683490598909e-15	2.458052584155154e15
1.3342563807926082e-15	3.545309078583057e15
1.4454444125253255e-15	1.4164144026535402e16
1.556632444258043e-15	2.0266431389228332e16
1.6678204759907603e-15	2.227615261300252e16
1.7790085077234776e-15	3.2557231653007332e16
1.890196539456195e-15	5.944241356698797e16
2.001384571188912e-15	9.38352087949153e16
2.1125726029216294e-15	1.1201041006142901e17
2.2237606346543467e-15	9.606616554757517e16
2.3349486663870644e-15	5.429511903390281e16
2.4461366981197817e-15	1.6727255788552872e16
2.557324729852499e-15	5.578813740138098e15
2.6685127615852163e-15	1.3790601094342552e16
2.7797007933179336e-15	1.9070400929285496e16
2.890888825050651e-15	1.5523075105909304e16
3.0020768567833682e-15	2.077930225642275e16
3.113264888516086e-15	4.958709123246169e16
3.2244529202488032e-15	8.968370564774752e16
3.3356409519815205e-15	1.1109337726689114e17
3.446828983714238e-15	9.644203796396491e16
3.558017015446955e-15	5.732617486389781e16
3.669205047179673e-15	2.20631120724904e16
3.78039307891239e-15	1.0104262388778196e16
3.891581110645107e-15	1.72801529059706e16
4.002769142377824e-15	2.4700491896715796e16
4.113957174110542e-15	2.3223137720030476e16
4.225145205843259e-15	2.7050911058219884e16
4.3363332375759766e-15	5.627771123319911e16
4.4475212693086935e-15	1.0487796800089062e17
4.558709301041411e-15	1.3649069798838005e17
4.669897332774129e-15	1.2121295914966189e17
4.781085364506846e-15	7.119896986670499e16
4.8922733962395635e-15	2.85776343489537e16
5.00346142797228e-15	1.9246774197750704e16
5.114649459704998e-15	3.014718893989631e16
5.225837491437715e-15	3.5017704532242296e16
5.337025523170433e-15	3.118708887943723e16
5.44821355490315e-15	4.111852175674517e16
5.559401586635867e-15	8.073462478645037e16
5.670589618368585e-15	1.3440868528523451e17
5.781777650101302e-15	1.644599294797272e17
5.8929656818340195e-15	1.456612152751072e17
6.0041537135667364e-15	9.139978067000714e16
6.115341745299454e-15	4.3815563381703624e16
6.226529777032172e-15	3.332715797928721e16
6.337717808764889e-15	4.923612351561274e16
6.4489058404976064e-15	5.832677473115302e16
6.560093872230323e-15	5.227464768761071e16
6.671281903963041e-15	6.181166780558168e16
6.782469935695758e-15	1.132669460137513e17
6.893657967428476e-15	1.824279659433295e17
7.0048459991611925e-15	2.1144883681814243e17
7.11603403089391e-15	1.7317769754962454e17
7.227222062626627e-15	1.0265120098078302e17
7.338410094359346e-15	5.7227237893251944e16
7.449598126092062e-15	5.686365597918343e16
7.56078615782478e-15	7.478983878177691e16
7.671974189557496e-15	8.09872264697701e16
7.783162221290215e-15	8.081514463803442e16
7.894350253022932e-15	1.0547358177833749e17
8.005538284755649e-15	1.6864339994047488e17
8.116726316488367e-15	2.38743146777038e17
8.227914348221084e-15	2.6076371454799536e17
8.339102379953801e-15	2.1138530569680867e17
8.450290411686518e-15	1.2956839126753709e17
8.561478443419236e-15	8.139245023395568e16
8.672666475151953e-15	9.153153320868379e16
8.78385450688467e-15	1.22333530921066e17
8.895042538617387e-15	1.2965163612588269e17
9.006230570350105e-15	1.2449121162395381e17
9.117418602082822e-15	1.5640060846384595e17
9.22860663381554e-15	2.377676107146687e17
9.339794665548258e-15	3.113965890409418e17
9.450982697280975e-15	3.0927810104682323e17
9.562170729013692e-15	2.3034907405794982e17
9.673358760746408e-15	1.414359992085211e17
9.784546792479127e-15	1.0453930786116851e17
9.895734824211844e-15	1.1968633547023686e17
1.000692285594456e-14	1.4284772554397498e17
1.011811088767728e-14	1.4627173185080547e17
1.0229298919409996e-14	1.485153664030139e17
1.0340486951142713e-14	1.8482205429494086e17
1.045167498287543e-14	2.5505463708811446e17
1.0562863014608148e-14	3.094785823481293e17
1.0674051046340865e-14	2.93962655501827e17
1.0785239078073582e-14	2.103291947708738e17
1.08964271098063e-14	1.2211402007222555e17
1.1007615141539018e-14	9.126715499976917e16
1.1118803173271735e-14	1.1532200107218235e17
1.1229991205004451e-14	1.4096413453356318e17
1.134117923673717e-14	1.3700426089496192e17
1.1452367268469887e-14	1.3226959078854778e17
1.1563555300202604e-14	1.6925273907367725e17
1.1674743331935322e-14	2.366991733364503e17
1.1785931363668039e-14	2.7242323435579213e17
1.1897119395400756e-14	2.3412408079019318e17
1.2008307427133473e-14	1.484615611891972e17
1.2119495458866191e-14	8.037435237359136e16
1.2230683490598908e-14	6.503652094689744e16
1.2341871522331625e-14	8.23998888668735e16
1.2453059554064344e-14	9.374985097770123e16
1.256424758579706e-14	8.857673551355738e16
1.2675435617529777e-14	8.947480122166475e16
1.2786623649262494e-14	1.173494488801938e17
1.2897811680995213e-14	1.604159486999174e17
1.300899971272793e-14	1.812044389524966e17
1.3120187744460647e-14	1.5398160672512278e17
1.3231375776193364e-14	9.308842584956554e16
1.3342563807926082e-14	4.100463555164047e16
1.3453751839658799e-14	2.7168251324770856e16
1.3564939871391516e-14	4.173719977400203e16
1.3676127903124234e-14	5.314012496620443e16
1.3787315934856951e-14	4.79904253479007e16
1.3898503966589668e-14	4.54431535735316e16
1.4009691998322385e-14	6.920918348971634e16
1.4120880030055104e-14	1.1238895693051872e17
1.423206806178782e-14	1.3918773459754262e17
1.434325609352054e-14	1.2268448388172934e17
1.4454444125253254e-14	7.45328488247082e16
1.4565632156985973e-14	3.2595387701967896e16
1.467682018871869e-14	2.19068916202919e16
1.4788008220451407e-14	3.3457974298105664e16
1.4899196252184125e-14	4.199864802065523e16
1.501038428391684e-14	3.8800419476199864e16
1.512157231564956e-14	4.081617537995321e16
1.5232760347382277e-14	6.7314145593460424e16
1.5343948379114993e-14	1.1221395980207408e17
1.545513641084771e-14	1.442012559192906e17
1.556632444258043e-14	1.3591449170317011e17
1.5677512474313145e-14	9.216749678050501e16
1.5788700506045863e-14	4.706503253536505e16
1.5899888537778582e-14	3.127450156951575e16
1.6011076569511297e-14	4.315874201843975e16
1.6122264601244016e-14	5.600051415316227e16
1.6233452632976734e-14	5.423147533905779e16
1.634464066470945e-14	5.49868542540421e16
1.6455828696442168e-14	8.490625329025112e16
1.6567016728174883e-14	1.3805549799490368e17
1.6678204759907602e-14	1.7098371019205328e17
1.678939279164032e-14	1.4872026777498186e17
1.6900580823373036e-14	8.794608909539578e16
1.7011768855105754e-14	4.103425825825527e16
1.7122956886838473e-14	3.791646824969888e16
1.7234144918571188e-14	5.787251511991034e16
1.7345332950303906e-14	6.482351601173635e16
1.7456520982036625e-14	5.706410009431354e16
1.756770901376934e-14	6.582953742000558e16
1.767889704550206e-14	1.0719095961808475e17
1.7790085077234774e-14	1.5298185719706477e17
1.7901273108967492e-14	1.5934492671738077e17
1.801246114070021e-14	1.16541163639207e17
1.8123649172432926e-14	5.930859506103791e16
1.8234837204165645e-14	2.8554738863898144e16
1.8346025235898363e-14	3.191404602060573e16
1.845721326763108e-14	4.562324832944943e16
1.8568401299363797e-14	4.848853483660693e16
1.8679589331096515e-14	4.551374789684284e16
1.879077736282923e-14	5.675083774008524e16
1.890196539456195e-14	8.820330359402477e16
1.9013153426294668e-14	1.1946013137533392e17
1.9124341458027383e-14	1.2210753095318866e17
1.92355294897601e-14	8.906880015476371e16
1.9346717521492817e-14	4.3371539330394824e16
1.9457905553225535e-14	1.6531574690660854e16
1.9569093584958254e-14	1.8940230832531456e16
1.968028161669097e-14	3.346534764535681e16
1.9791469648423688e-14	3.86373608957283e16
1.9902657680156406e-14	3.49754903374236e16
2.001384571188912e-14	4.358466863062413e16
2.012503374362184e-14	7.735648937724115e16
2.023622177535456e-14	1.184842043646477e17
2.0347409807087274e-14	1.3173233413013872e17
2.0458597838819992e-14	1.019498729872247e17
2.056978587055271e-14	5.305382417681746e16
2.0680973902285426e-14	2.421867645158156e16
2.0792161934018145e-14	2.9208790872094204e16
2.090334996575086e-14	4.635800535395119e16
2.1014537997483578e-14	5.0402966302197016e16
2.1125726029216297e-14	4.590351459733903e16
2.1236914060949012e-14	5.9914907344911816e16
2.134810209268173e-14	1.0293753629022486e17
2.145929012441445e-14	1.4788286510424858e17
2.1570478156147164e-14	1.5536709227584883e17
2.1681666187879883e-14	1.167211344085971e17
2.17928542196126e-14	6.422916613356269e16
2.1904042251345317e-14	3.713762897189173e16
2.2015230283078035e-14	4.3257078333755976e16
2.212641831481075e-14	5.8708887352830824e16
2.223760634654347e-14	6.215933012060893e16
2.2348794378276187e-14	6.0829648748191944e16
2.2459982410008903e-14	7.786129480205504e16
2.257117044174162e-14	1.1760192468589402e17
2.268235847347434e-14	1.5201805379166694e17
2.2793546505207055e-14	1.4719260781449226e17
2.2904734536939774e-14	1.0124305425104992e17
2.3015922568672492e-14	4.923369196524247e16
2.3127110600405207e-14	2.7379436109481536e16
2.3238298632137926e-14	3.707458124767229e16
2.3349486663870644e-14	5.0412470414739896e16
2.346067469560336e-14	4.837993637131333e16
2.3571862727336078e-14	4.243915493836954e16
2.3683050759068793e-14	5.302443615211692e16
2.3794238790801512e-14	7.63407229495778e16
2.390542682253423e-14	8.592823987120704e16
2.4016614854266946e-14	6.637667166511525e16
2.4127802885999664e-14	3.2185493768678816e16
2.4238990917732383e-14	7.865296006193786e15
2.4350178949465098e-14	3.417854257590553e14
2.4461366981197817e-14	2.620215940658817e14
2.4572555012930535e-14	1.4293081120779162e15
2.468374304466325e-14	4.77282843216822e15
2.479493107639597e-14	8.038487945974132e15
2.4906119108128687e-14	1.0583050249990992e16
2.5017307139861403e-14	3.234974167963383e16
2.512849517159412e-14	1.0957527214976467e17
2.5239683203326836e-14	2.574955935075017e17
2.5350871235059555e-14	4.4502901748893926e17
2.5462059266792273e-14	6.165558662153444e17
2.557324729852499e-14	7.30716371404898e17
2.5684435330257707e-14	7.686541056186578e17
2.5795623361990426e-14	7.208051545972274e17
2.590681139372314e-14	5.938382675636163e17
2.601799942545586e-14	4.3088606846915245e17
2.6129187457188578e-14	2.959580789325954e17
2.6240375488921293e-14	2.2173379546089674e17
2.6351563520654012e-14	1.8647270587510234e17
2.6462751552386727e-14	1.537779235800815e17
2.6573939584119446e-14	1.1893022369284037e17
2.6685127615852164e-14	9.954051527018171e16
2.679631564758488e-14	9.636938324657875e16
2.6907503679317598e-14	9.044249334434178e16
2.7018691711050316e-14	7.515256953546051e16
2.7129879742783032e-14	6.477026422461176e16
2.724106777451575e-14	6.668090799520904e16
2.735225580624847e-14	6.813895438917489e16
2.7463443837981184e-14	5.96654359315804e16
2.7574631869713902e-14	5.155693852948475e16
2.768581990144662e-14	5.425634143310987e16
2.7797007933179336e-14	5.913410684734308e16
2.7908195964912055e-14	5.451140864447907e16
2.801938399664477e-14	4.711420107988884e16
2.813057202837749e-14	4.9521742126747304e16
2.8241760060110207e-14	5.674206029981944e16
2.8352948091842922e-14	5.526663560261579e16
