3.6312056737588646e-7	2.788940118833521e20
3.5555555555555553e-7	1.2671922308892647e20
3.482993197278911e-7	1.2578156117743092e20
3.413333333333333e-7	1.1421869854790833e20
3.34640522875817e-7	1.9886388241622487e19
3.282051282051282e-7	1.0642226894046318e20
3.2201257861635214e-7	9.924366542616027e18
3.160493827160493e-7	1.4268405565535298e20
3.1030303030303027e-7	2.4502912219643036e19
3.047619047619047e-7	3.0152015896282366e19
2.9941520467836257e-7	2.4248623200186376e19
2.942528735632184e-7	7.740255695083345e19
2.892655367231638e-7	8.473315353942201e19
2.844444444444444e-7	1.6510960323124045e20
2.797814207650273e-7	2.195054233064325e20
2.7526881720430106e-7	5.964496315521368e19
2.7089947089947086e-7	1.245917538383428e20
2.666666666666666e-7	1.8616400558152113e20
2.6256410256410255e-7	1.8658805136514636e20
2.585858585858586e-7	2.0419686565313246e20
2.54726368159204e-7	8.56496134125646e20
2.5098039215686275e-7	1.5493182451840618e21
2.4734299516908207e-7	1.920815365315918e21
2.4380952380952376e-7	2.2037148108772286e21
2.4037558685446006e-7	2.2990549458696237e21
2.37037037037037e-7	2.6531074348397515e21
2.3378995433789952e-7	3.4134472051091875e21
2.3063063063063062e-7	3.690649692052824e21
2.2755555555555555e-7	3.511441648339388e21
2.245614035087719e-7	2.792912343270203e21
2.2164502164502162e-7	1.6820530941025746e21
2.1880341880341878e-7	1.338617899902821e21
2.160337552742616e-7	1.1419213698268227e21
2.133333333333333e-7	1.6784214407214945e21
2.1069958847736624e-7	1.5419808938608582e21
2.08130081300813e-7	1.0590806368803722e21
2.0562248995983933e-7	4.61246675908022e20
2.0317460317460317e-7	5.262487030220701e19
2.0078431372549018e-7	1.163550461337875e19
1.9844961240310076e-7	7.407739048507138e19
1.961685823754789e-7	8.78264615755829e19
1.939393939393939e-7	4.10796218060487e19
1.9176029962546815e-7	6.562708544223054e18
1.896296296296296e-7	7.163574173487374e18
1.8754578754578753e-7	1.1462152053393949e19
1.8550724637681157e-7	6.039382170419859e18
1.8351254480286738e-7	3.7644900049404657e18
1.8156028368794323e-7	3.307759289566992e18
1.7964912280701754e-7	2.1041976038313795e18
1.7777777777777776e-7	6.742386803573252e17
1.7594501718213055e-7	1.387439064802318e18
1.7414965986394556e-7	1.1893310468725222e18
1.7239057239057235e-7	6.298951725502551e16
1.7066666666666666e-7	7.369320320229623e17
1.6897689768976896e-7	1.1065789799890208e17
1.673202614379085e-7	1.8079153962232416e17
1.656957928802589e-7	4.657407177109354e16
1.641025641025641e-7	6.051727836336749e16
1.6253968253968253e-7	2.1645580258181984e16
1.6100628930817607e-7	1.915054365557115e16
1.5950155763239874e-7	1.2095220584413296e17
1.5802469135802466e-7	2.7773466098243392e17
1.565749235474006e-7	1.572894208019751e17
1.5515151515151514e-7	1.2378388181630653e17
1.5375375375375375e-7	1.121172932362435e16
1.5238095238095236e-7	1.2410634260175725e17
1.510324483775811e-7	5.537417880813576e16
1.4970760233918129e-7	3.1513641294664076e16
1.4840579710144926e-7	6.49117502993216e16
1.471264367816092e-7	1.4423909675258502e17
1.4586894586894585e-7	1.241651898489632e17
1.446327683615819e-7	2.6263263184775562e17
1.434173669467787e-7	3.363094244464778e17
1.422222222222222e-7	3.5803146248338214e17
1.4104683195592285e-7	5.843333522703014e17
1.3989071038251365e-7	4.587897713773446e17
1.3875338753387534e-7	5.2081057709730394e17
1.3763440860215053e-7	3.839777908555636e17
1.3653333333333334e-7	2.5654660616254547e17
1.3544973544973543e-7	1.9251570059271142e17
1.3438320209973753e-7	1.1131233149823667e17
1.333333333333333e-7	1.685818748289083e17
1.3229974160206715e-7	1.217669092081566e17
1.3128205128205127e-7	1.498205794275303e17
1.302798982188295e-7	1.028419546916157e17
1.292929292929293e-7	8.03372140895677e16
1.2832080200501253e-7	7.076503779391452e16
1.27363184079602e-7	4.260429349529409e16
1.2641975308641975e-7	4.7746809080656e16
1.2549019607843138e-7	2.4412863423237868e16
1.2457420924574208e-7	2.2754134968253264e16
1.2367149758454104e-7	1.6697530841835546e16
1.2278177458033572e-7	7.461013996730101e15
1.2190476190476188e-7	8.98804988282049e15
1.210401891252955e-7	3.007917315661415e15
1.2018779342723003e-7	4.177363076406052e15
1.1934731934731933e-7	2.608608200926328e15
1.185185185185185e-7	9.249970020043814e14
1.1770114942528734e-7	1.185687169323199e15
1.1689497716894976e-7	1.4347030578100828e14
1.1609977324263038e-7	6.018770951627235e14
1.1531531531531531e-7	6.035811822602058e13
1.1454138702460848e-7	1.9964431894176144e14
1.1377777777777777e-7	1.9044661445268625e14
1.1302428256070639e-7	8.72419304168603e13
1.1228070175438595e-7	1.410406247413176e14
1.1154684095860565e-7	2.1150904215144723e13
1.1082251082251081e-7	4.185267631541417e13
1.1010752688172043e-7	1.9327238514179992e13
1.0940170940170939e-7	2.70859872388531e13
1.0870488322717621e-7	3.291702393770617e12
1.080168776371308e-7	1.2020684582279402e14
1.0733752620545073e-7	1.8151074649809582e13
1.0666666666666666e-7	5.975175954927172e12
1.0600414078674947e-7	1.9515276797083244e14
1.0534979423868312e-7	1.3447354087973775e14
1.0470347648261758e-7	5.315968534833175e13
1.040650406504065e-7	1.0394652209198438e14
1.0343434343434342e-7	1.1176198818627659e12
1.0281124497991966e-7	8.529798338803367e12
1.0219560878243514e-7	2.623017093103601e12
1.0158730158730159e-7	7.429339861257056e13
1.009861932938856e-7	9.716678340818394e13
1.0039215686274509e-7	4.089013796930175e13
9.980506822612084e-8	1.644866153483494e14
