3.6312056737588646e-7	3.781343339658217e20
3.5555555555555553e-7	5.050080204709132e20
3.482993197278911e-7	5.594445878430204e19
3.413333333333333e-7	1.5226235123154105e20
3.34640522875817e-7	1.0495494948068429e20
3.282051282051282e-7	2.3535051024772055e19
3.2201257861635214e-7	7.12027347081295e19
3.160493827160493e-7	6.763000634840351e19
3.1030303030303027e-7	1.2474512084232317e20
3.047619047619047e-7	1.558220300290425e20
2.9941520467836257e-7	9.270221272956197e19
2.942528735632184e-7	2.532062588363304e20
2.892655367231638e-7	4.830325277529789e18
2.844444444444444e-7	3.753713984539379e19
2.797814207650273e-7	8.361143393991487e19
2.7526881720430106e-7	1.832269702422931e20
2.7089947089947086e-7	3.1306395949926203e19
2.666666666666666e-7	6.647707066693879e19
2.6256410256410255e-7	1.4241783358634956e20
2.585858585858586e-7	3.038915041791192e19
2.54726368159204e-7	2.3320560586752164e19
2.5098039215686275e-7	7.02372571446805e19
2.4734299516908207e-7	3.1125370102866563e19
2.4380952380952376e-7	7.271241169235233e19
2.4037558685446006e-7	1.0127639433003665e20
2.37037037037037e-7	1.6878637961252972e18
2.3378995433789952e-7	1.6205300271710546e20
2.3063063063063062e-7	2.4189095310128854e20
2.2755555555555555e-7	1.1538496220866945e20
2.245614035087719e-7	2.349793965743727e20
2.2164502164502162e-7	3.8767117589351124e20
2.1880341880341878e-7	8.051820171891945e19
2.160337552742616e-7	3.5219338020000285e19
2.133333333333333e-7	8.152221948783872e19
2.1069958847736624e-7	4.558698291855699e18
2.08130081300813e-7	5.56595554735963e19
2.0562248995983933e-7	4.2686415393297514e19
2.0317460317460317e-7	3.2426761055420568e19
2.0078431372549018e-7	2.1558241968611662e20
1.9844961240310076e-7	1.1290783692126542e20
1.961685823754789e-7	5.710074668763019e19
1.939393939393939e-7	1.511391441501437e20
1.9176029962546815e-7	5.17384339785215e19
1.896296296296296e-7	2.647423034213841e19
1.8754578754578753e-7	6.800383410984032e19
1.8550724637681157e-7	1.4490345538514729e19
1.8351254480286738e-7	5.684749124219278e19
1.8156028368794323e-7	9.663595760831072e19
1.7964912280701754e-7	2.1562116449117102e19
1.7777777777777776e-7	2.4924587165994242e19
1.7594501718213055e-7	3.127040183537731e19
1.7414965986394556e-7	6.614939263080379e17
1.7239057239057235e-7	2.985584468056154e19
1.7066666666666666e-7	2.4473778586426016e19
1.6897689768976896e-7	1.6016209635021263e18
1.673202614379085e-7	8.656754222692569e18
1.656957928802589e-7	4.978761264832965e17
1.641025641025641e-7	1.8896904798818996e19
1.6253968253968253e-7	1.7294292734769502e19
1.6100628930817607e-7	2.9303795282952003e18
1.5950155763239874e-7	2.8557015204571857e19
1.5802469135802466e-7	5.314172161249298e18
1.565749235474006e-7	7.495457058009523e17
1.5515151515151514e-7	1.7991329129511456e16
1.5375375375375375e-7	5.0048882456151366e17
1.5238095238095236e-7	1.4286075403815002e18
1.510324483775811e-7	9.211033859510645e18
1.4970760233918129e-7	5.609271698873768e18
1.4840579710144926e-7	1.5688432601808348e18
1.471264367816092e-7	8.414223417697145e18
1.4586894586894585e-7	2.3393456388549166e18
1.446327683615819e-7	1.650117978903143e18
1.434173669467787e-7	3.38662269099265e18
1.422222222222222e-7	2.143791077437677e18
1.4104683195592285e-7	2.2745719481964513e18
1.3989071038251365e-7	2.866523493858355e18
1.3875338753387534e-7	1.872002455337646e18
1.3763440860215053e-7	9.014248718942286e17
1.3653333333333334e-7	2.620992216374423e17
1.3544973544973543e-7	2.5799725271845043e17
1.3438320209973753e-7	4.9250185361623896e16
1.333333333333333e-7	9.927838314611438e16
1.3229974160206715e-7	7.883640809664819e15
1.3128205128205127e-7	2.106626265420309e16
1.302798982188295e-7	2.505067735148568e15
1.292929292929293e-7	1.3067186335538458e16
1.2832080200501253e-7	3.108596246845419e15
1.27363184079602e-7	1.5959249778681035e15
1.2641975308641975e-7	6.825506147937888e14
1.2549019607843138e-7	5.381838232437533e13
1.2457420924574208e-7	3.223935527434796e15
1.2367149758454104e-7	3.2242197839773825e15
1.2278177458033572e-7	6.331756541164755e14
1.2190476190476188e-7	2.670975454985659e15
1.210401891252955e-7	3.966849114011629e14
1.2018779342723003e-7	1.2516108334851262e14
1.1934731934731933e-7	2.1808486454616956e14
1.185185185185185e-7	1.4132123654329535e15
1.1770114942528734e-7	7.16621923905481e14
1.1689497716894976e-7	3.8644250782492625e14
1.1609977324263038e-7	2.333536892707048e14
1.1531531531531531e-7	4.411656145970988e15
1.1454138702460848e-7	4.351157655957204e15
1.1377777777777777e-7	6.173655688640179e14
1.1302428256070639e-7	4.483368220610001e14
1.1228070175438595e-7	7.785253741396949e14
1.1154684095860565e-7	2.1187248889244065e15
1.1082251082251081e-7	1.8194561269051056e14
1.1010752688172043e-7	2.1060682056564118e15
1.0940170940170939e-7	6.5111390482917305e13
1.0870488322717621e-7	2.0108273109635872e15
1.080168776371308e-7	6.85557075290554e14
1.0733752620545073e-7	1.877824960670387e15
1.0666666666666666e-7	2.6853979619080744e14
1.0600414078674947e-7	5.394008625669619e15
1.0534979423868312e-7	3.4448690778264595e15
1.0470347648261758e-7	4.0648700348144015e15
1.040650406504065e-7	6.386945441896866e15
1.0343434343434342e-7	9.55488168119183e15
1.0281124497991966e-7	1.2534363652139136e16
1.0219560878243514e-7	7.576953189730916e15
1.0158730158730159e-7	2.4563699202743708e16
1.009861932938856e-7	3.823597876145528e16
1.0039215686274509e-7	4.5657517026085786e17
9.980506822612084e-8	4.7024468492280115e17
