3.6312056737588646e-7	3.5613237183019945e18
3.5555555555555553e-7	6.717198942782624e18
3.482993197278911e-7	9.979737770515757e17
3.413333333333333e-7	8.407762149716089e18
3.34640522875817e-7	5.544578912228826e18
3.282051282051282e-7	9.87160918699591e18
3.2201257861635214e-7	8.295152419360264e18
3.160493827160493e-7	5.69073483075182e18
3.1030303030303027e-7	3.4765539812437146e18
3.047619047619047e-7	3.522665900334722e17
2.9941520467836257e-7	1.7772773977974047e18
2.942528735632184e-7	1.5863972605311724e18
2.892655367231638e-7	9.345044534685875e17
2.844444444444444e-7	1.1396479022541005e18
2.797814207650273e-7	1.038327712029426e19
2.7526881720430106e-7	8.963064257454971e18
2.7089947089947086e-7	2.7977643150937113e19
2.666666666666666e-7	4.0659831024695665e19
2.6256410256410255e-7	5.183509287932787e19
2.585858585858586e-7	5.944699268301018e19
2.54726368159204e-7	5.78078492731728e19
2.5098039215686275e-7	5.138646561996087e19
2.4734299516908207e-7	6.770321804559385e19
2.4380952380952376e-7	6.0521982369639375e19
2.4037558685446006e-7	9.112851424573954e19
2.37037037037037e-7	1.1611570359415395e20
2.3378995433789952e-7	1.6792397483549452e20
2.3063063063063062e-7	2.0651896660331443e20
2.2755555555555555e-7	1.8947412345106825e20
2.245614035087719e-7	1.7603420699993876e20
2.2164502164502162e-7	1.1998728385710186e20
2.1880341880341878e-7	8.59406315845441e19
2.160337552742616e-7	5.164402034180176e19
2.133333333333333e-7	2.8882314942603805e19
2.1069958847736624e-7	1.698405786010374e19
2.08130081300813e-7	6.85515244260567e18
2.0562248995983933e-7	3.613726001579497e18
2.0317460317460317e-7	1.3625889705833188e18
2.0078431372549018e-7	6.210012611632563e17
1.9844961240310076e-7	5.0402895526606125e17
1.961685823754789e-7	2.0016469435012438e17
1.939393939393939e-7	2.096469166243652e17
1.9176029962546815e-7	4.4641688940542136e16
1.896296296296296e-7	7.71131213188874e16
1.8754578754578753e-7	2.956127089851396e15
1.8550724637681157e-7	2.2327826969492916e16
1.8351254480286738e-7	1.1260232530327552e15
1.8156028368794323e-7	3.964976104453117e16
1.7964912280701754e-7	1.7068465042823952e16
1.7777777777777776e-7	5.60104838979316e16
1.7594501718213055e-7	8.048866061145565e15
1.7414965986394556e-7	8.63992390090494e15
1.7239057239057235e-7	2.9235590650242664e16
1.7066666666666666e-7	1.4320470913344272e15
1.6897689768976896e-7	3.563338366051332e15
1.673202614379085e-7	1.1120979652801268e16
1.656957928802589e-7	1.2618366850625935e15
1.641025641025641e-7	6.399694848655458e15
1.6253968253968253e-7	2.75982710345519e15
1.6100628930817607e-7	1.576432803117537e15
1.5950155763239874e-7	1.2194081881756642e16
1.5802469135802466e-7	2.2534477082371606e14
1.565749235474006e-7	1.3719737462352678e16
1.5515151515151514e-7	3.0291320628214175e14
1.5375375375375375e-7	5.471559349132067e15
1.5238095238095236e-7	4.6802656535416484e13
1.510324483775811e-7	3.6048384132034765e15
1.4970760233918129e-7	4.513626566886206e15
1.4840579710144926e-7	9.216781111461702e15
1.471264367816092e-7	1.996225828253639e16
1.4586894586894585e-7	4.593746769818662e15
1.446327683615819e-7	2.77410270182264e16
1.434173669467787e-7	6.960471641693645e15
1.422222222222222e-7	2.4218704232756004e16
1.4104683195592285e-7	5.306097971872052e15
1.3989071038251365e-7	1.3293187451353736e16
1.3875338753387534e-7	3.416419038925929e15
1.3763440860215053e-7	4.381876879599912e15
1.3653333333333334e-7	2.4231880152212495e15
1.3544973544973543e-7	1.4362121390990082e15
1.3438320209973753e-7	2.1576651889716668e15
1.333333333333333e-7	5.855996849912426e14
1.3229974160206715e-7	1.2392606442852962e15
1.3128205128205127e-7	5.31538928188881e14
1.302798982188295e-7	4.869034845740539e14
1.292929292929293e-7	1.844502362637652e14
1.2832080200501253e-7	5.4760729192900975e14
1.27363184079602e-7	5.387829610233302e14
1.2641975308641975e-7	4.030235552810568e14
1.2549019607843138e-7	7.94590855575062e14
1.2457420924574208e-7	4.4288919235131194e14
1.2367149758454104e-7	9.26407900340164e14
1.2278177458033572e-7	3.0282725523157894e14
1.2190476190476188e-7	3.992131373705816e14
1.210401891252955e-7	2.5089874168730665e15
1.2018779342723003e-7	3.398398922111552e14
1.1934731934731933e-7	4.730185624829131e14
1.185185185185185e-7	2.3250670710739272e14
1.1770114942528734e-7	7.597398713497419e13
1.1689497716894976e-7	8.080135756929302e13
1.1609977324263038e-7	6.071623901097037e13
1.1531531531531531e-7	5.58064277410422e13
1.1454138702460848e-7	7.458418037724261e13
1.1377777777777777e-7	7.886855704762266e13
1.1302428256070639e-7	1.6704336805936275e14
1.1228070175438595e-7	1.7031971503146344e14
1.1154684095860565e-7	1.2514558494835736e14
1.1082251082251081e-7	5.013747558221888e13
1.1010752688172043e-7	4.3574644175553086e13
1.0940170940170939e-7	3.2455610241954535e13
1.0870488322717621e-7	5.901562843484415e13
1.080168776371308e-7	5.488621726278656e13
1.0733752620545073e-7	6.0187733328991445e13
1.0666666666666666e-7	4.495710989014446e13
1.0600414078674947e-7	1.291364106849982e14
1.0534979423868312e-7	1.1571540272217519e14
1.0470347648261758e-7	1.547967036374232e14
1.040650406504065e-7	4.267693350696645e14
1.0343434343434342e-7	4.3430617206034794e14
1.0281124497991966e-7	6.164854236700034e14
1.0219560878243514e-7	1.0099933159133132e15
1.0158730158730159e-7	1.2923823884849828e15
1.009861932938856e-7	1.601598671773825e15
1.0039215686274509e-7	2.1520514007208365e15
9.980506822612084e-8	2.0487960370923812e15
