3.6312056737588646e-7	3.344329136093398e19
3.5555555555555553e-7	3.0996557797512933e19
3.482993197278911e-7	7.557572302569988e19
3.413333333333333e-7	9.072306194832569e19
3.34640522875817e-7	6.708702808658934e19
3.282051282051282e-7	3.5880825225565004e19
3.2201257861635214e-7	5.432199875555528e19
3.160493827160493e-7	3.9506676074904326e17
3.1030303030303027e-7	1.276592757017707e19
3.047619047619047e-7	3.1899656443668193e19
2.9941520467836257e-7	6.272175700105512e19
2.942528735632184e-7	2.7648929612499177e19
2.892655367231638e-7	2.625534721709101e20
2.844444444444444e-7	7.671029462349216e19
2.797814207650273e-7	3.785164550868003e20
2.7526881720430106e-7	5.772123069065825e20
2.7089947089947086e-7	7.906697337843487e20
2.666666666666666e-7	1.4186036868096847e21
2.6256410256410255e-7	2.0002877222638673e21
2.585858585858586e-7	2.128037962470276e21
2.54726368159204e-7	2.777803354775532e21
2.5098039215686275e-7	3.079298697866734e21
2.4734299516908207e-7	2.88580881108106e21
2.4380952380952376e-7	3.991893930386429e21
2.4037558685446006e-7	4.322171571116752e21
2.37037037037037e-7	5.116865910173e21
2.3378995433789952e-7	5.136687143466893e21
2.3063063063063062e-7	4.5733079262636624e21
2.2755555555555555e-7	3.4212064992818034e21
2.245614035087719e-7	2.6414348883244283e21
2.2164502164502162e-7	1.322011770619871e21
2.1880341880341878e-7	1.134501955105157e21
2.160337552742616e-7	3.8066765353221515e20
2.133333333333333e-7	3.161682765604325e20
2.1069958847736624e-7	9.495111553314195e19
2.08130081300813e-7	4.4876949237810405e19
2.0562248995983933e-7	3.158934144685124e19
2.0317460317460317e-7	1.3323593314570353e19
2.0078431372549018e-7	9.513295200871946e18
1.9844961240310076e-7	2.1785065045073084e19
1.961685823754789e-7	1.4945307312203126e18
1.939393939393939e-7	1.5571943119915848e19
1.9176029962546815e-7	7.270307242793065e17
1.896296296296296e-7	3.28497090105019e18
1.8754578754578753e-7	3.6736153970497864e18
1.8550724637681157e-7	1.2831192821694426e17
1.8351254480286738e-7	5.309588997165097e18
1.8156028368794323e-7	1.8604513666881178e18
1.7964912280701754e-7	3.9323937997460854e18
1.7777777777777776e-7	7.97338837365174e17
1.7594501718213055e-7	1.5666622882763832e18
1.7414965986394556e-7	7.42599479645065e17
1.7239057239057235e-7	5.105542155492799e16
1.7066666666666666e-7	3.0258628489684716e18
1.6897689768976896e-7	6.161453278668893e17
1.673202614379085e-7	2.6767522279556306e18
1.656957928802589e-7	3.5239705929324045e17
1.641025641025641e-7	1.6722473506146227e18
1.6253968253968253e-7	8.647814513193093e17
1.6100628930817607e-7	1.219397305325951e18
1.5950155763239874e-7	3.8525515730845363e18
1.5802469135802466e-7	8.709524837263897e18
1.565749235474006e-7	4.5823004492704287e18
1.5515151515151514e-7	2.0959353153730605e19
1.5375375375375375e-7	1.6671500025966555e19
1.5238095238095236e-7	2.457914644725667e19
1.510324483775811e-7	2.3423616573599076e19
1.4970760233918129e-7	2.302511352318344e19
1.4840579710144926e-7	7.882578921666381e18
1.471264367816092e-7	6.465746585741093e18
1.4586894586894585e-7	7.373237749528791e17
1.446327683615819e-7	4.588771113615598e18
1.434173669467787e-7	1.6522305397778186e19
1.422222222222222e-7	3.153798314842443e19
1.4104683195592285e-7	4.3320404728826266e19
1.3989071038251365e-7	4.1359101970162336e19
1.3875338753387534e-7	4.057725241291761e19
1.3763440860215053e-7	2.7134913196129423e19
1.3653333333333334e-7	1.2828508154705322e19
1.3544973544973543e-7	8.208960875221849e18
1.3438320209973753e-7	4.44917862146807e17
1.333333333333333e-7	5.7116009817718104e16
1.3229974160206715e-7	1.1957192873340954e18
1.3128205128205127e-7	2.0035384653942298e18
1.302798982188295e-7	2.198706266308819e18
1.292929292929293e-7	2.446043215540083e18
1.2832080200501253e-7	1.4639428166000474e18
1.27363184079602e-7	7.449086604461953e17
1.2641975308641975e-7	1.9402248839102803e17
1.2549019607843138e-7	1.2006939830919976e17
1.2457420924574208e-7	1.293271769726153e17
1.2367149758454104e-7	3.665379094350386e16
1.2278177458033572e-7	6.893151400838471e16
1.2190476190476188e-7	8.413271153904482e16
1.210401891252955e-7	3.01250406475086e16
1.2018779342723003e-7	5.1588644748140616e16
1.1934731934731933e-7	3.4407115768233544e16
1.185185185185185e-7	1.9448968207911116e16
1.1770114942528734e-7	9.983197859342234e15
1.1689497716894976e-7	9.486587855135662e16
1.1609977324263038e-7	5.920069357964022e15
1.1531531531531531e-7	2.5995751170228405e15
1.1454138702460848e-7	3.7944766196380504e16
1.1377777777777777e-7	2.698085368694804e16
1.1302428256070639e-7	1.2101453851009744e16
1.1228070175438595e-7	5.400383234163299e16
1.1154684095860565e-7	4.661652904296743e15
1.1082251082251081e-7	1.5778943126351384e16
1.1010752688172043e-7	9.196475710820888e15
1.0940170940170939e-7	8.201234692265443e16
1.0870488322717621e-7	1.4897982727975094e17
1.080168776371308e-7	4.438094921016572e16
1.0733752620545073e-7	1.0927059033056205e17
1.0666666666666666e-7	2.4727337725841715e17
1.0600414078674947e-7	1.4603259595016272e17
1.0534979423868312e-7	3.476960193154643e16
1.0470347648261758e-7	3.3545175379514195e17
1.040650406504065e-7	1.9889712184718618e17
1.0343434343434342e-7	5.488521202804659e16
1.0281124497991966e-7	2.5436701623953974e17
1.0219560878243514e-7	4.9343926770608584e16
1.0158730158730159e-7	1.647055802019631e17
1.009861932938856e-7	8.778707793558744e16
1.0039215686274509e-7	7.420752652624907e16
9.980506822612084e-8	8.1098990058437e16
