3.6312056737588646e-7	3.6233267037555896e19
3.5555555555555553e-7	2.970411664749242e18
3.482993197278911e-7	1.8940355241344336e19
3.413333333333333e-7	1.1189266207519769e19
3.34640522875817e-7	1.792943740623152e18
3.282051282051282e-7	3.651166465392489e19
3.2201257861635214e-7	1.3963386032051282e19
3.160493827160493e-7	5.6681748070725165e19
3.1030303030303027e-7	6.320056014695357e19
3.047619047619047e-7	1.3035782425056715e20
2.9941520467836257e-7	1.4495000510154274e20
2.942528735632184e-7	2.503444853539409e20
2.892655367231638e-7	4.299584530308138e20
2.844444444444444e-7	3.732949649919231e20
2.797814207650273e-7	7.392239237328824e20
2.7526881720430106e-7	8.327903999877429e20
2.7089947089947086e-7	1.1987269736889477e21
2.666666666666666e-7	1.195590356877475e21
2.6256410256410255e-7	1.1207615173871399e21
2.585858585858586e-7	9.95419296336925e20
2.54726368159204e-7	1.1769443249161749e21
2.5098039215686275e-7	1.54556527625523e21
2.4734299516908207e-7	1.471623082832934e21
2.4380952380952376e-7	1.5672046365230364e21
2.4037558685446006e-7	1.0702494406163249e21
2.37037037037037e-7	8.006416936761841e20
2.3378995433789952e-7	4.76940425575169e20
2.3063063063063062e-7	3.557513907715385e20
2.2755555555555555e-7	2.07562385527891e20
2.245614035087719e-7	3.070571903838881e20
2.2164502164502162e-7	2.97561129431836e20
2.1880341880341878e-7	4.021114899565817e20
2.160337552742616e-7	4.125629172733643e20
2.133333333333333e-7	4.525591035015578e20
2.1069958847736624e-7	3.722647021377614e20
2.08130081300813e-7	4.065426401452513e20
2.0562248995983933e-7	3.030763614305801e20
2.0317460317460317e-7	2.891050838473824e20
2.0078431372549018e-7	2.797755110369283e20
