3.6312056737588646e-7	3.061752241602126e19
3.5555555555555553e-7	1.7038882454832128e19
3.482993197278911e-7	1.1742493891655561e19
3.413333333333333e-7	3.3989665422004833e18
3.34640522875817e-7	7.502027411995468e18
3.282051282051282e-7	7.29254383020813e18
3.2201257861635214e-7	4.728468191450153e18
3.160493827160493e-7	6.631451668639137e18
3.1030303030303027e-7	5.777287161911006e18
3.047619047619047e-7	3.736495985068032e18
2.9941520467836257e-7	4.709479991525634e18
2.942528735632184e-7	2.676424623501171e18
2.892655367231638e-7	8.929980270242614e17
2.844444444444444e-7	3.8510193657627075e18
2.797814207650273e-7	2.93131906598925e18
2.7526881720430106e-7	1.2401532332650594e19
2.7089947089947086e-7	2.0344668492202144e19
2.666666666666666e-7	5.1759106950116024e19
2.6256410256410255e-7	7.454080941272413e19
2.585858585858586e-7	1.0776704148866859e20
2.54726368159204e-7	9.550513278396318e19
2.5098039215686275e-7	7.789415338759632e19
2.4734299516908207e-7	3.4108285171259056e19
2.4380952380952376e-7	4.071042036081799e18
2.4037558685446006e-7	1.3789587038591386e18
2.37037037037037e-7	2.059030200543541e19
2.3378995433789952e-7	2.442778233480117e19
2.3063063063063062e-7	4.073110215453932e19
2.2755555555555555e-7	2.319377439146975e19
2.245614035087719e-7	2.3529526891033403e19
2.2164502164502162e-7	9.365959751309849e18
2.1880341880341878e-7	5.986621796982496e18
2.160337552742616e-7	2.6168572774562176e18
2.133333333333333e-7	8.353491038401684e17
2.1069958847736624e-7	9.516241397632887e17
2.08130081300813e-7	9.772833441192664e16
2.0562248995983933e-7	3.1096970811080096e17
2.0317460317460317e-7	1.425159615165115e16
2.0078431372549018e-7	2.8014268302174656e16
1.9844961240310076e-7	3.5173845181847244e16
1.961685823754789e-7	7.51734010407954e15
1.939393939393939e-7	6.81075832152269e16
1.9176029962546815e-7	2.43781731944068e16
1.896296296296296e-7	4.483061299346876e16
1.8754578754578753e-7	1.2677739303365028e16
1.8550724637681157e-7	1.717115303907114e16
1.8351254480286738e-7	1.8072965756607418e15
1.8156028368794323e-7	3.523688767339545e16
1.7964912280701754e-7	1.4165551441773452e16
1.7777777777777776e-7	3.001281624516979e16
1.7594501718213055e-7	2.9589245813916788e16
1.7414965986394556e-7	4.615028241514126e15
1.7239057239057235e-7	2.115328111857624e16
1.7066666666666666e-7	1.2493896773770508e15
1.6897689768976896e-7	6.080069888546474e15
1.673202614379085e-7	1.3020094619471695e15
1.656957928802589e-7	7.505477750249865e14
1.641025641025641e-7	3.083333734972789e15
1.6253968253968253e-7	3.037721255387632e14
1.6100628930817607e-7	8.763319495057947e15
1.5950155763239874e-7	3.998059338620585e15
1.5802469135802466e-7	1.2981425617485345e15
1.565749235474006e-7	8.03706507774141e15
1.5515151515151514e-7	5.164052577790378e15
1.5375375375375375e-7	5.682994824551768e15
1.5238095238095236e-7	3.15444799672489e15
1.510324483775811e-7	1.236092135674532e16
1.4970760233918129e-7	7.686695103345212e15
1.4840579710144926e-7	2.1558408603627276e16
1.471264367816092e-7	3.1132623512627264e16
1.4586894586894585e-7	4.8252185148245624e16
1.446327683615819e-7	2.709623569936103e16
1.434173669467787e-7	2.870111420149874e16
1.422222222222222e-7	2.78088667951725e16
1.4104683195592285e-7	5.65100899666102e15
1.3989071038251365e-7	1.0202664750744888e16
1.3875338753387534e-7	8.259404205527251e15
1.3763440860215053e-7	2.8696503891417e15
1.3653333333333334e-7	2.938452395094648e15
1.3544973544973543e-7	4.991136035915052e15
1.3438320209973753e-7	3.202112615845157e15
1.333333333333333e-7	1.0171933030867094e15
1.3229974160206715e-7	9.918022443951931e13
1.3128205128205127e-7	3.024871171494386e15
1.302798982188295e-7	6.889851577779931e14
1.292929292929293e-7	1.0253924211964482e15
1.2832080200501253e-7	5.79442715468221e14
1.27363184079602e-7	1.8374942034552922e15
1.2641975308641975e-7	1.233644090950277e15
1.2549019607843138e-7	3.570801808965313e14
1.2457420924574208e-7	4.422924611341565e14
1.2367149758454104e-7	6.344782652140401e14
1.2278177458033572e-7	4.14801284596165e14
1.2190476190476188e-7	1.7255835850328297e14
1.210401891252955e-7	1.0467348907343785e15
1.2018779342723003e-7	6.523793996557912e14
1.1934731934731933e-7	2.93157402729412e14
1.185185185185185e-7	7.380211172712284e14
1.1770114942528734e-7	8.083256745213966e14
1.1689497716894976e-7	7.057374837598825e13
1.1609977324263038e-7	5.706255120367321e14
1.1531531531531531e-7	2.928147287097274e14
1.1454138702460848e-7	1.1074091249222533e14
1.1377777777777777e-7	6.563540918482476e14
1.1302428256070639e-7	5.666152307789003e13
1.1228070175438595e-7	6.39139432750458e14
1.1154684095860565e-7	4.98009650495938e14
1.1082251082251081e-7	2.2851383325128703e14
1.1010752688172043e-7	6.976344292676858e14
1.0940170940170939e-7	3.3986169862587402e13
1.0870488322717621e-7	5.604598873398811e14
1.080168776371308e-7	3.2987428840120133e13
1.0733752620545073e-7	5.2906785501322694e14
1.0666666666666666e-7	1.5504107513615972e14
1.0600414078674947e-7	5.542475548022201e14
1.0534979423868312e-7	4.879461258746266e14
1.0470347648261758e-7	4.030042007461052e14
1.040650406504065e-7	1.3576217631486858e15
1.0343434343434342e-7	3.877660987610866e14
1.0281124497991966e-7	1.209957745742221e15
1.0219560878243514e-7	1.2507036560593018e15
1.0158730158730159e-7	5.739535179788432e14
1.009861932938856e-7	1.0507879407090558e15
1.0039215686274509e-7	2.262683854405887e15
9.980506822612084e-8	2.560407736245152e15
