3.6312056737588646e-7	2.3435590772673315e19
3.5555555555555553e-7	3.4963248850931175e19
3.482993197278911e-7	5.369734209574855e18
3.413333333333333e-7	1.3768840874222395e19
3.34640522875817e-7	9.617399558120655e18
3.282051282051282e-7	1.6867366426726179e19
3.2201257861635214e-7	1.653485343762024e19
3.160493827160493e-7	1.3449245672062927e19
3.1030303030303027e-7	1.3230047290289222e19
3.047619047619047e-7	4.854593862392354e18
2.9941520467836257e-7	9.596757074673336e18
2.942528735632184e-7	1.1169631796264868e18
2.892655367231638e-7	2.797328164541276e18
2.844444444444444e-7	1.446115602167932e18
2.797814207650273e-7	8.38230443584348e18
2.7526881720430106e-7	1.0338423144289726e19
2.7089947089947086e-7	3.3719865528377074e19
2.666666666666666e-7	5.681858451322066e19
2.6256410256410255e-7	1.0413576770668421e20
2.585858585858586e-7	1.2455207562539753e20
2.54726368159204e-7	1.4306777750724736e20
2.5098039215686275e-7	1.1597922060919547e20
2.4734299516908207e-7	1.1231427785098448e20
2.4380952380952376e-7	6.751448791437655e19
2.4037558685446006e-7	6.654066426710215e19
2.37037037037037e-7	2.7281932779595055e19
2.3378995433789952e-7	3.276159890213331e19
2.3063063063063062e-7	1.3814390989969373e19
2.2755555555555555e-7	1.8497240311718916e19
2.245614035087719e-7	1.6542466623040707e19
2.2164502164502162e-7	1.322012242469744e19
2.1880341880341878e-7	1.3608399182671466e19
2.160337552742616e-7	6.606221167451377e18
2.133333333333333e-7	5.084735965541751e18
2.1069958847736624e-7	3.2011623562821637e18
2.08130081300813e-7	1.0224300048772644e18
2.0562248995983933e-7	2.062367952533804e18
2.0317460317460317e-7	1.0998447348192451e17
2.0078431372549018e-7	6.205078144393226e17
1.9844961240310076e-7	1.5712823132921144e16
1.961685823754789e-7	2.764847442417447e16
1.939393939393939e-7	1.3857062544776637e17
1.9176029962546815e-7	5.362689668750306e16
1.896296296296296e-7	5.21932174567529e16
1.8754578754578753e-7	2.9410930350626605e15
1.8550724637681157e-7	4.250215499205882e16
1.8351254480286738e-7	3.676757908360499e16
1.8156028368794323e-7	1.3907229345288544e17
1.7964912280701754e-7	7.806864436749137e15
1.7777777777777776e-7	1.6561926492146156e16
1.7594501718213055e-7	2.7180320974985708e16
1.7414965986394556e-7	2.747572948345561e16
1.7239057239057235e-7	2.2736758985216612e16
1.7066666666666666e-7	3.264003720823937e14
1.6897689768976896e-7	8.218082842131361e15
1.673202614379085e-7	1.5854485565142412e16
1.656957928802589e-7	1.618094160831137e15
1.641025641025641e-7	6.59425616031049e15
1.6253968253968253e-7	2.634167585056726e16
1.6100628930817607e-7	2.8545286752687275e15
1.5950155763239874e-7	4.1158038641572e15
1.5802469135802466e-7	4.169460129133898e15
1.565749235474006e-7	2.0765320262411932e16
1.5515151515151514e-7	1.5936178875642646e16
1.5375375375375375e-7	1.3581216186364408e16
1.5238095238095236e-7	1.0312185029108306e16
1.510324483775811e-7	5.135577773640569e15
1.4970760233918129e-7	1.5142298082305322e15
1.4840579710144926e-7	5.535754535530871e15
1.471264367816092e-7	5.14350959214155e14
1.4586894586894585e-7	2.4465731421414675e15
1.446327683615819e-7	4.161319236552166e14
1.434173669467787e-7	5.324602259264735e13
1.422222222222222e-7	9.692930242920782e14
1.4104683195592285e-7	8.632254805146185e14
1.3989071038251365e-7	3.4999046672008856e14
1.3875338753387534e-7	2.36885250668506e15
1.3763440860215053e-7	8.079958330950884e14
1.3653333333333334e-7	1.0846793082179029e15
1.3544973544973543e-7	5.308262834770768e13
1.3438320209973753e-7	3.470285202680487e13
1.333333333333333e-7	2.53027923612685e14
1.3229974160206715e-7	2.2866356442739462e14
1.3128205128205127e-7	5.3797567988301856e14
1.302798982188295e-7	1.5054661744683788e14
1.292929292929293e-7	1.9987936398084803e14
1.2832080200501253e-7	1.2395336585684952e14
1.27363184079602e-7	1.055569770556462e14
1.2641975308641975e-7	1.3396703686457178e13
1.2549019607843138e-7	4.673682013981195e12
1.2457420924574208e-7	3.4143484046572375e13
1.2367149758454104e-7	5.494115519156648e13
1.2278177458033572e-7	3.338994336384966e13
1.2190476190476188e-7	7.040528370110272e13
1.210401891252955e-7	6.716586725914928e13
1.2018779342723003e-7	1.1642614931982811e14
1.1934731934731933e-7	1.0514990732624448e14
1.185185185185185e-7	1.6618898810728356e14
1.1770114942528734e-7	1.5834446357342484e14
1.1689497716894976e-7	1.6100298568210097e14
1.1609977324263038e-7	2.987236635181795e14
1.1531531531531531e-7	2.165501356979363e14
1.1454138702460848e-7	6.8455114122542836e13
1.1377777777777777e-7	8.570157800031142e13
1.1302428256070639e-7	1.089859305927623e14
1.1228070175438595e-7	1.1537193107829055e14
1.1154684095860565e-7	2.946032401371871e13
1.1082251082251081e-7	4.769503209020088e13
1.1010752688172043e-7	2.056698329116143e13
1.0940170940170939e-7	4.587145235983475e13
1.0870488322717621e-7	6.458767019477392e13
1.080168776371308e-7	2.980033391230429e13
1.0733752620545073e-7	8.504773420979752e12
1.0666666666666666e-7	1.819113649253555e13
1.0600414078674947e-7	3.579534004703858e13
1.0534979423868312e-7	3.0875627029936242e13
1.0470347648261758e-7	2.2565080305964832e13
1.040650406504065e-7	1.512464679928993e14
1.0343434343434342e-7	1.6551679545987244e14
1.0281124497991966e-7	1.461899231512883e14
1.0219560878243514e-7	1.311408118251982e14
1.0158730158730159e-7	3.022190740710553e14
1.009861932938856e-7	9.222665747434565e14
1.0039215686274509e-7	1.905858450310026e15
9.980506822612084e-8	3.3168496601188895e15
