3.6312056737588646e-7	1.4709949140179658e20
3.5555555555555553e-7	1.1219767939099232e19
3.482993197278911e-7	2.1800154475088583e20
3.413333333333333e-7	7.123098445326288e19
3.34640522875817e-7	4.84891831135739e19
3.282051282051282e-7	9.591552159153075e19
3.2201257861635214e-7	2.7718186167589794e19
3.160493827160493e-7	1.0432203495215442e20
3.1030303030303027e-7	2.5607873496406206e20
3.047619047619047e-7	5.396361055248872e20
2.9941520467836257e-7	2.971857506860754e20
2.942528735632184e-7	1.1954467515936193e21
2.892655367231638e-7	8.476556692736213e20
2.844444444444444e-7	1.3810385116433167e21
2.797814207650273e-7	2.2634942753391583e21
2.7526881720430106e-7	2.4410115644936374e21
2.7089947089947086e-7	3.02373442658731e21
2.666666666666666e-7	3.520904069931839e21
2.6256410256410255e-7	3.758775737046966e21
2.585858585858586e-7	3.5366058188523595e21
2.54726368159204e-7	5.530232899198377e21
2.5098039215686275e-7	4.15171996081952e21
2.4734299516908207e-7	4.328659598288542e21
2.4380952380952376e-7	2.3849860081921965e21
2.4037558685446006e-7	7.284082361428177e20
2.37037037037037e-7	9.309460321865521e20
2.3378995433789952e-7	1.814247474801807e21
2.3063063063063062e-7	2.2073738322832738e21
2.2755555555555555e-7	2.5684456257074427e21
2.245614035087719e-7	2.21651253479832e21
2.2164502164502162e-7	1.6062616268998645e21
2.1880341880341878e-7	1.6048358258793712e21
2.160337552742616e-7	1.1432406076655446e21
2.133333333333333e-7	9.093835441657914e20
2.1069958847736624e-7	8.329693010266828e20
2.08130081300813e-7	4.584208362558579e20
2.0562248995983933e-7	5.4779234911473435e20
2.0317460317460317e-7	2.6211423508928384e20
2.0078431372549018e-7	2.6046139217155686e20
1.9844961240310076e-7	1.2303423142615528e20
1.961685823754789e-7	8.209532794961835e19
1.939393939393939e-7	3.220437722712666e19
1.9176029962546815e-7	1.6455914751599112e19
1.896296296296296e-7	4.947692184135934e18
1.8754578754578753e-7	9.827992317254344e17
1.8550724637681157e-7	2.011177336277298e18
1.8351254480286738e-7	4.1077526323364977e18
1.8156028368794323e-7	5.06762966012491e17
1.7964912280701754e-7	1.0024088006108912e19
1.7777777777777776e-7	1.7291982050656394e17
1.7594501718213055e-7	2.1464889974746342e18
1.7414965986394556e-7	1.431285785933076e18
1.7239057239057235e-7	1.956133358206694e18
1.7066666666666666e-7	5.227345940900553e18
1.6897689768976896e-7	1.4622863649599695e18
1.673202614379085e-7	6.876927422997557e18
1.656957928802589e-7	3.56464028769661e18
1.641025641025641e-7	1.5950501822323319e19
1.6253968253968253e-7	1.2975239398986551e19
1.6100628930817607e-7	2.6802533544657293e19
1.5950155763239874e-7	2.1426252419027255e19
1.5802469135802466e-7	1.7447897699577154e19
1.565749235474006e-7	1.3654405308958347e19
1.5515151515151514e-7	1.0737998920349798e19
1.5375375375375375e-7	2.4511734816293966e19
1.5238095238095236e-7	2.793478257868174e19
1.510324483775811e-7	4.2918506271666364e19
1.4970760233918129e-7	6.325412435044571e18
1.4840579710144926e-7	9.226219768785678e18
1.471264367816092e-7	3.403744818547204e19
1.4586894586894585e-7	3.532176853794767e19
1.446327683615819e-7	3.807648388271082e18
1.434173669467787e-7	3.925588456035008e19
1.422222222222222e-7	4.345587227292661e18
1.4104683195592285e-7	1.0320793998657565e19
1.3989071038251365e-7	2.1168420744591933e18
1.3875338753387534e-7	1.821926679720786e18
1.3763440860215053e-7	1.0539200018454427e18
1.3653333333333334e-7	2.0004683641780506e18
1.3544973544973543e-7	1.6159039360885107e18
1.3438320209973753e-7	1.0755698048174478e18
1.333333333333333e-7	8.141938840748397e17
1.3229974160206715e-7	8.705255707402125e17
1.3128205128205127e-7	7.153379533780769e17
1.302798982188295e-7	4.456555716355196e17
1.292929292929293e-7	3.8431992264426944e17
1.2832080200501253e-7	1.9674197133994067e17
1.27363184079602e-7	1.578267301015814e17
1.2641975308641975e-7	6.395533818276369e16
1.2549019607843138e-7	5.295919883025592e16
1.2457420924574208e-7	1.4333729432375138e16
1.2367149758454104e-7	1.3392023336574984e16
1.2278177458033572e-7	1.8671840985695885e15
1.2190476190476188e-7	9.652724864736766e15
1.210401891252955e-7	1.1621377554541532e15
1.2018779342723003e-7	9.356093131390984e15
1.1934731934731933e-7	2.2535520092513945e15
1.185185185185185e-7	4.221852669912935e15
1.1770114942528734e-7	5.922035831859421e15
1.1689497716894976e-7	1.6232033008863312e15
1.1609977324263038e-7	1.498087224754017e16
1.1531531531531531e-7	6.900400531321992e15
1.1454138702460848e-7	2.011942575271869e16
1.1377777777777777e-7	2.8292677415364748e16
1.1302428256070639e-7	3.808545931531668e16
1.1228070175438595e-7	3.81162041608664e16
1.1154684095860565e-7	4.84547307088527e16
1.1082251082251081e-7	1.6132690447542138e17
1.1010752688172043e-7	4.3042395698456904e16
1.0940170940170939e-7	2.7267398540567344e17
1.0870488322717621e-7	2.0784092543625466e17
1.080168776371308e-7	6.19464188937539e16
1.0733752620545073e-7	3.916398160113849e16
1.0666666666666666e-7	1.752007540615783e17
1.0600414078674947e-7	8.031912013186038e16
1.0534979423868312e-7	2.3337573415243955e17
1.0470347648261758e-7	4.028798240490977e16
1.040650406504065e-7	1.8598327108933914e17
1.0343434343434342e-7	1.7124884129235498e17
1.0281124497991966e-7	5.228989575658326e16
1.0219560878243514e-7	3.2449043627433363e17
1.0158730158730159e-7	3.227767512462914e17
1.009861932938856e-7	6.90110899532634e15
1.0039215686274509e-7	1.0114175558724096e17
9.980506822612084e-8	1.4365434834912592e17
