3.6312056737588646e-7	4.725563552811958e19
3.5555555555555553e-7	6.771568279967182e19
3.482993197278911e-7	5.7505703971264e19
3.413333333333333e-7	7.63959096951113e19
3.34640522875817e-7	1.6886532461955312e19
3.282051282051282e-7	1.1386918860342546e19
3.2201257861635214e-7	1.5649349194222085e18
3.160493827160493e-7	2.5361797487379186e19
3.1030303030303027e-7	9.927516682826666e18
3.047619047619047e-7	3.677192710966751e19
2.9941520467836257e-7	1.4423970403867085e19
2.942528735632184e-7	1.4024272907848462e19
2.892655367231638e-7	1.6638002288146153e18
2.844444444444444e-7	2.5808984319372886e19
2.797814207650273e-7	7.49613914549243e19
2.7526881720430106e-7	7.11925939920159e19
2.7089947089947086e-7	2.8504948986591052e20
2.666666666666666e-7	2.87688288303777e20
2.6256410256410255e-7	3.640390147349344e20
2.585858585858586e-7	3.407309236394568e20
2.54726368159204e-7	1.7498810941645436e20
2.5098039215686275e-7	4.55762411437061e19
2.4734299516908207e-7	4.182005714574125e19
2.4380952380952376e-7	1.6100387442810806e19
2.4037558685446006e-7	1.4990786758366264e18
2.37037037037037e-7	1.8759664458599207e19
2.3378995433789952e-7	1.4184917685743742e20
2.3063063063063062e-7	2.4949149494908666e20
2.2755555555555555e-7	4.734692428257189e20
2.245614035087719e-7	7.24642165162216e20
2.2164502164502162e-7	7.1382880572473e20
2.1880341880341878e-7	7.864103813300683e20
2.160337552742616e-7	4.9321594525493e20
2.133333333333333e-7	3.039791421423752e20
2.1069958847736624e-7	1.2590944737114002e20
2.08130081300813e-7	2.0437568894731387e19
2.0562248995983933e-7	5.15164810836639e17
2.0317460317460317e-7	7.376107073708199e18
2.0078431372549018e-7	1.5328015441522854e19
1.9844961240310076e-7	1.1034722498621186e19
1.961685823754789e-7	4.367489308849099e18
1.939393939393939e-7	1.5845647392869059e18
1.9176029962546815e-7	2.3546065118913443e17
1.896296296296296e-7	7.338220344457174e17
1.8754578754578753e-7	4.0342713444651814e17
1.8550724637681157e-7	2.5202179938461626e17
1.8351254480286738e-7	8.212628447303088e16
1.8156028368794323e-7	3.438796095626432e17
1.7964912280701754e-7	2.940182588835144e17
1.7777777777777776e-7	9.423090155163008e15
1.7594501718213055e-7	4.984125532038525e15
1.7414965986394556e-7	4.0045287781450616e16
1.7239057239057235e-7	1.3912307996080645e17
1.7066666666666666e-7	5.0748660256945896e16
1.6897689768976896e-7	8.513841754804163e16
1.673202614379085e-7	7.460162508361032e16
1.656957928802589e-7	2.8917983183823064e16
1.641025641025641e-7	3.5067764895483224e16
1.6253968253968253e-7	1.6880844672842372e16
1.6100628930817607e-7	2.344665051681438e16
1.5950155763239874e-7	1.1318568004483472e16
1.5802469135802466e-7	1.454714575189998e16
1.565749235474006e-7	2.1219049900562772e16
1.5515151515151514e-7	2.4880152509747616e16
1.5375375375375375e-7	4.589026544340036e16
1.5238095238095236e-7	3.537102737167801e16
1.510324483775811e-7	2.452265449142829e16
1.4970760233918129e-7	1.9117813781061236e16
1.4840579710144926e-7	8.889910988822196e15
1.471264367816092e-7	1.4559291493889348e15
1.4586894586894585e-7	1.6469930482500734e16
1.446327683615819e-7	1.59646420174133e16
1.434173669467787e-7	2.1128270863411942e15
1.422222222222222e-7	9.803853587359744e15
1.4104683195592285e-7	1.3239145228570715e15
1.3989071038251365e-7	5.974724338744574e15
1.3875338753387534e-7	2.2414771530766268e15
1.3763440860215053e-7	1.4021019139709284e16
1.3653333333333334e-7	1.3600678149289946e16
1.3544973544973543e-7	1.6087206149948668e16
1.3438320209973753e-7	1.5995080112172736e16
1.333333333333333e-7	8.508868374394222e15
1.3229974160206715e-7	8.980829425009952e15
1.3128205128205127e-7	3.311515861622157e15
1.302798982188295e-7	4.4683157194627085e15
1.292929292929293e-7	1.721141187916472e15
1.2832080200501253e-7	2.159819781731879e15
1.27363184079602e-7	1.2434748716915578e15
1.2641975308641975e-7	7.828711286448322e14
1.2549019607843138e-7	1.0835455508211082e15
1.2457420924574208e-7	2.7727795897304116e14
1.2367149758454104e-7	8.24846264433714e14
1.2278177458033572e-7	1.3473529305998842e14
1.2190476190476188e-7	2.9846400556782925e14
1.210401891252955e-7	2.014244312954114e14
1.2018779342723003e-7	2.8479265320052406e13
1.1934731934731933e-7	2.3036306527362606e14
1.185185185185185e-7	5.762303464120569e12
1.1770114942528734e-7	2.407104330845864e14
1.1689497716894976e-7	3.030487823804229e13
1.1609977324263038e-7	1.1550421520592803e14
1.1531531531531531e-7	2.81340827510906e13
1.1454138702460848e-7	7.037794372031473e13
1.1377777777777777e-7	4.407901959201687e13
1.1302428256070639e-7	1.6123489325446594e13
1.1228070175438595e-7	4.1654387318071375e13
1.1154684095860565e-7	4.009932162751266e13
1.1082251082251081e-7	7.174172363098345e13
1.1010752688172043e-7	3.606716825320069e13
1.0940170940170939e-7	7.507305005365467e13
1.0870488322717621e-7	1.8119347564164496e13
1.080168776371308e-7	7.408718525633358e13
1.0733752620545073e-7	2.672542255397619e12
1.0666666666666666e-7	2.4112170293872195e13
1.0600414078674947e-7	2.613718409796615e13
1.0534979423868312e-7	6.692003052029078e13
1.0470347648261758e-7	1.3048343071151375e14
1.040650406504065e-7	1.6406962704639727e13
1.0343434343434342e-7	1.1900611639279194e14
1.0281124497991966e-7	3.2711258171872344e13
1.0219560878243514e-7	1.4869983101056388e14
1.0158730158730159e-7	9.384083531408646e12
1.009861932938856e-7	2.0045855867092547e13
1.0039215686274509e-7	1.4165437917255947e13
9.980506822612084e-8	7.9669677242634e12
