-2.846413612357564e-14	6.269410886513711e-5
-2.8352948091842922e-14	6.459216091333487e-5
-2.8241760060110207e-14	2.6996095202874203e-5
-2.813057202837749e-14	5.8106450742301225e-6
-2.801938399664477e-14	1.802181767456748e-5
-2.7908195964912055e-14	2.8591412097565668e-5
-2.7797007933179336e-14	1.871242182423298e-5
-2.768581990144662e-14	4.055089952152237e-6
-2.7574631869713902e-14	8.980705484899199e-7
-2.7463443837981184e-14	1.0864358199226326e-5
-2.735225580624847e-14	2.393572212375592e-5
-2.724106777451575e-14	2.3381932976068488e-5
-2.7129879742783032e-14	9.776891044256406e-6
-2.7018691711050316e-14	1.3387825349150793e-5
-2.6907503679317598e-14	4.746137895089639e-5
-2.679631564758488e-14	7.170806286500801e-5
-2.6685127615852164e-14	5.6943085273027185e-5
-2.6573939584119446e-14	5.3297393859905154e-5
-2.6462751552386727e-14	0.00011406327466924443
-2.6351563520654012e-14	0.0001879982129669248
-2.6240375488921293e-14	0.00019990645337103312
-2.6129187457188578e-14	0.00021032004465978477
-2.601799942545586e-14	0.00034794871986267294
-2.590681139372314e-14	0.000595637301328998
-2.5795623361990426e-14	0.000841540882431518
-2.5684435330257707e-14	0.0011828541009872235
-2.557324729852499e-14	0.0019306668133559407
-2.5462059266792273e-14	0.0031411338407707824
-2.5350871235059555e-14	0.004309584892760378
-2.5239683203326836e-14	0.004743892706231468
-2.512849517159412e-14	0.004175708316917301
-2.5017307139861403e-14	0.0028913736244121978
-2.4906119108128687e-14	0.0014513514572791879
-2.479493107639597e-14	0.0005140080419274159
-2.468374304466325e-14	0.000697007481143494
-2.4572555012930535e-14	0.0020735677404420264
-2.4461366981197817e-14	0.0036958317155042285
-2.4350178949465098e-14	0.004109385641064777
-2.4238990917732383e-14	0.002765711081805739
-2.4127802885999664e-14	0.000791077974550663
-2.4016614854266946e-14	1.2156311417840957e-5
-2.390542682253423e-14	0.0011780503330401973
-2.3794238790801512e-14	0.0032925210298482338
-2.3683050759068793e-14	0.004652996046120451
-2.3571862727336078e-14	0.0043730636088842026
-2.346067469560336e-14	0.002938075416272425
-2.3349486663870644e-14	0.0015337558574088097
-2.3238298632137926e-14	0.0009540760968915172
-2.3127110600405207e-14	0.0010444105796809122
-2.3015922568672492e-14	0.0010883405837265468
-2.2904734536939774e-14	0.000722260598714979
-2.2793546505207055e-14	0.000411399636926219
-2.268235847347434e-14	0.0009017052892613446
-2.257117044174162e-14	0.002218510482497077
-2.2459982410008903e-14	0.0034148568809921876
-2.2348794378276187e-14	0.003461394236371464
-2.223760634654347e-14	0.0023094460025323764
-2.212641831481075e-14	0.0009290315266056252
-2.2015230283078035e-14	0.00029604725644086954
-2.1904042251345317e-14	0.00045854650119846803
-2.17928542196126e-14	0.0006740537070115781
-2.1681666187879883e-14	0.00041739542886153947
-2.1570478156147164e-14	9.611342093156923e-5
-2.145929012441445e-14	0.0005889030722825051
-2.134810209268173e-14	0.002053065595904015
-2.1236914060949012e-14	0.003442101255347827
-2.1125726029216297e-14	0.0035080994455387736
-2.1014537997483578e-14	0.002235064481622526
-2.090334996575086e-14	0.0009067845309291703
-2.0792161934018145e-14	0.0006033252061108846
-2.0680973902285426e-14	0.0009922060972104758
-2.056978587055271e-14	0.0009856062964934621
-2.0458597838819992e-14	0.0003640575071451984
-2.0347409807087274e-14	0.0001379911009298143
-2.023622177535456e-14	0.0011336594968224868
-2.012503374362184e-14	0.0027281510657686096
-2.001384571188912e-14	0.0034602189295741196
-1.9902657680156406e-14	0.002724103398333471
-1.9791469648423688e-14	0.001377863079355157
-1.968028161669097e-14	0.0006105808874666427
-1.9569093584958254e-14	0.000622249112835822
-1.9457905553225535e-14	0.0007010180413229288
-1.9346717521492817e-14	0.0003686583369018979
-1.92355294897601e-14	2.8606934738105386e-5
-1.9124341458027383e-14	0.000380016490353463
-1.9013153426294668e-14	0.0014420199316516628
-1.890196539456195e-14	0.0024050960935326706
-1.879077736282923e-14	0.0024575370061771973
-1.8679589331096515e-14	0.0016220102032760914
-1.8568401299363797e-14	0.0006862523428852896
-1.845721326763108e-14	0.0003418550163022095
-1.8346025235898363e-14	0.0005011898472839111
-1.8234837204165645e-14	0.0005510057407674873
-1.8123649172432926e-14	0.0002400710865182792
-1.801246114070021e-14	0.0001226374588293258
-1.7901273108967492e-14	0.0009236782483733203
-1.7790085077234774e-14	0.0024911753045264245
-1.767889704550206e-14	0.0036637785009075337
-1.756770901376934e-14	0.003425922390345502
-1.7456520982036625e-14	0.0020919508360193718
-1.7345332950303906e-14	0.0010123811752049297
-1.7234144918571188e-14	0.001018184777819583
-1.7122956886838473e-14	0.0014973434141774815
-1.7011768855105754e-14	0.0013332346993582213
-1.6900580823373036e-14	0.0005379710948188918
-1.678939279164032e-14	0.0003888175712970421
-1.6678204759907602e-14	0.0017624322352456012
-1.6567016728174883e-14	0.0037977889265524006
-1.6455828696442168e-14	0.0047085207514077
-1.634464066470945e-14	0.003804356454122819
-1.6233452632976734e-14	0.00220314723334645
-1.6122264601244016e-14	0.0014045580608803272
-1.6011076569511297e-14	0.0015890781168577594
-1.5899888537778582e-14	0.0017113821694166404
-1.5788700506045863e-14	0.0010809651057522057
-1.5677512474313145e-14	0.0003358380802119106
-1.556632444258043e-14	0.0006443451070927594
-1.545513641084771e-14	0.0022019874398360876
-1.5343948379114993e-14	0.003850845404003448
-1.5232760347382277e-14	0.004242790765030382
-1.512157231564956e-14	0.003211529099885516
-1.501038428391684e-14	0.0018530890584860325
-1.4899196252184125e-14	0.0012787598790887221
-1.4788008220451407e-14	0.0014591798482250502
-1.467682018871869e-14	0.0014625047453139853
-1.4565632156985973e-14	0.0007891548875769979
-1.4454444125253254e-14	0.00016837548859607157
-1.434325609352054e-14	0.0007401795126268403
-1.423206806178782e-14	0.0025217452525112707
-1.4120880030055104e-14	0.004095657126526689
-1.4009691998322385e-14	0.004085250735740552
-1.3898503966589668e-14	0.0027178058570680825
-1.3787315934856951e-14	0.0015200316624454167
-1.3676127903124234e-14	0.001469689585466609
-1.3564939871391516e-14	0.0019164665699059878
-1.3453751839658799e-14	0.0016335652059122402
-1.3342563807926082e-14	0.0006027921924362422
-1.3231375776193364e-14	0.00016964839785398484
-1.3120187744460647e-14	0.001335260155001641
-1.300899971272793e-14	0.003383892784066677
-1.2897811680995213e-14	0.004601704177119197
-1.2786623649262494e-14	0.004178110139861244
-1.2675435617529777e-14	0.002977182408700391
-1.256424758579706e-14	0.0023717803351170925
-1.2453059554064344e-14	0.0026548897711168554
-1.2341871522331625e-14	0.002870931998850467
-1.2230683490598908e-14	0.0021452762078852435
-1.2119495458866191e-14	0.0009316945393238195
-1.2008307427133473e-14	0.000730159661292673
-1.1897119395400756e-14	0.0024596184646250314
-1.1785931363668039e-14	0.005200991239231328
-1.1674743331935322e-14	0.006876919697161056
-1.1563555300202604e-14	0.006409586475484259
-1.1452367268469887e-14	0.00495838467965242
-1.134117923673717e-14	0.004555709123746838
-1.1229991205004451e-14	0.00557815101508363
-1.1118803173271735e-14	0.006235935837885355
-1.1007615141539018e-14	0.00491949064499635
-1.08964271098063e-14	0.002477690382074822
-1.0785239078073582e-14	0.0014131583537910929
-1.0674051046340865e-14	0.0029462123227779764
-1.0562863014608148e-14	0.00564196984347769
-1.045167498287543e-14	0.007165726240444009
-1.0340486951142713e-14	0.006791121762751948
-1.0229298919409996e-14	0.005750828754285127
-1.011811088767728e-14	0.005539035614996408
-1.000692285594456e-14	0.006475026230955676
-9.895734824211844e-15	0.007836225384597148
-9.784546792479127e-15	0.008793301323265666
-9.673358760746408e-15	0.008933460113559125
-9.562170729013692e-15	0.008205670075862972
-9.450982697280975e-15	0.006918459601647671
-9.339794665548258e-15	0.006099465804106794
-9.22860663381554e-15	0.007598380654917628
-9.117418602082822e-15	0.013062324568830714
-9.006230570350105e-15	0.022261804197474692
-8.895042538617387e-15	0.032942694465877456
-8.78385450688467e-15	0.04340090664186321
-8.672666475151953e-15	0.05514571325457925
-8.561478443419236e-15	0.07147512901633167
-8.450290411686518e-15	0.09245414132253145
-8.339102379953801e-15	0.11254179970796868
-8.227914348221084e-15	0.12509156576493635
-8.116726316488367e-15	0.12942940127476535
-8.005538284755649e-15	0.13291428646332423
-7.894350253022932e-15	0.14709195133217814
-7.783162221290215e-15	0.18312929398751837
-7.671974189557496e-15	0.24791279539314987
-7.56078615782478e-15	0.3371398520019912
-7.449598126092062e-15	0.4281688656064029
-7.338410094359346e-15	0.4852982405468269
-7.227222062626627e-15	0.4826753204939096
-7.11603403089391e-15	0.4269328553041648
-7.0048459991611925e-15	0.35381693468922604
-6.893657967428476e-15	0.2985713458019227
-6.782469935695758e-15	0.2713341605596863
-6.671281903963041e-15	0.2644838223967149
-6.560093872230323e-15	0.28010863413598724
-6.4489058404976064e-15	0.33996434395087705
-6.337717808764889e-15	0.4608599209525075
-6.226529777032172e-15	0.6214526594084765
-6.115341745299454e-15	0.7604859392793165
-6.0041537135667364e-15	0.8148838716927279
-5.8929656818340195e-15	0.7643307294787507
-5.781777650101302e-15	0.6421151335389981
-5.670589618368585e-15	0.506096514577785
-5.559401586635867e-15	0.40169273645081494
-5.44821355490315e-15	0.350843756412651
-5.337025523170433e-15	0.3663458559147799
-5.225837491437715e-15	0.4604835770135008
-5.114649459704998e-15	0.6278836840725928
-5.00346142797228e-15	0.8226732941973144
-4.8922733962395635e-15	0.9675632871923805
-4.781085364506846e-15	1.0
-4.669897332774129e-15	0.9147532176230254
-4.558709301041411e-15	0.7613067324420627
-4.4475212693086935e-15	0.6019669536119917
-4.3363332375759766e-15	0.47516179974298284
-4.225145205843259e-15	0.39337918499528585
-4.113957174110542e-15	0.3609573352222567
-4.002769142377824e-15	0.3803196396318913
-3.891581110645107e-15	0.4406269387452061
-3.78039307891239e-15	0.5104560339680487
-3.669205047179673e-15	0.5507945782422184
-3.558017015446955e-15	0.5384918378833705
-3.446828983714238e-15	0.4783726333758471
-3.3356409519815205e-15	0.3955317379637854
-3.2244529202488032e-15	0.3181303935207688
-3.113264888516086e-15	0.2651683297235239
-3.0020768567833682e-15	0.24391081437798298
-2.890888825050651e-15	0.25185419218750227
-2.7797007933179336e-15	0.27785618389501415
-2.6685127615852163e-15	0.3037278999424799
-2.557324729852499e-15	0.31105701897049115
-2.4461366981197817e-15	0.2921844037068109
-2.3349486663870644e-15	0.2556999308699345
-2.2237606346543467e-15	0.2187058794918621
-2.1125726029216294e-15	0.19187256612559297
-2.001384571188912e-15	0.17274646735152202
-1.890196539456195e-15	0.15389847778866084
-1.7790085077234776e-15	0.1348014070125763
-1.6678204759907603e-15	0.12246727940276583
-1.556632444258043e-15	0.12097258154201616
-1.4454444125253255e-15	0.12403191381351736
-1.3342563807926082e-15	0.11999885062798483
-1.2230683490598909e-15	0.10293015744911699
-1.1118803173271734e-15	0.07727149802246491
-1.000692285594456e-15	0.05271138586999675
-8.895042538617388e-16	0.036246773183123346
-7.783162221290215e-16	0.02883484167854571
-6.671281903963041e-16	0.027364106210625558
-5.559401586635867e-16	0.02822647028300719
-4.447521269308694e-16	0.029336131667300747
-3.3356409519815204e-16	0.02997746523545892
-2.223760634654347e-16	0.029766098805223188
-1.1118803173271735e-16	0.028392547503747624
0.0	0.026360794407247295
1.1118803173271735e-16	0.025095668681393204
2.223760634654347e-16	0.02539535509925611
3.3356409519815204e-16	0.026003089458936212
4.447521269308694e-16	0.024771604275099876
5.559401586635867e-16	0.02153776241703802
6.671281903963041e-16	0.018912979529961446
7.783162221290215e-16	0.01947916301344767
8.895042538617388e-16	0.022662651846074296
1.000692285594456e-15	0.025135646104520484
1.1118803173271734e-15	0.024136396673932185
1.2230683490598909e-15	0.019773943259529976
1.3342563807926082e-15	0.014245157640092291
1.4454444125253255e-15	0.009652527060893723
1.556632444258043e-15	0.006837345595133991
1.6678204759907603e-15	0.005560519565802149
1.7790085077234776e-15	0.005040552937336117
1.890196539456195e-15	0.0044145902003443855
2.001384571188912e-15	0.0032590332510193947
2.1125726029216294e-15	0.0019294149659409682
2.2237606346543467e-15	0.0012664157993472847
2.3349486663870644e-15	0.0018333005368850095
2.4461366981197817e-15	0.0033858277121633085
2.557324729852499e-15	0.004994002780496832
2.6685127615852163e-15	0.005656697671538205
2.7797007933179336e-15	0.005000780048290338
2.890888825050651e-15	0.0036248045642555764
3.0020768567833682e-15	0.002727873549773739
3.113264888516086e-15	0.003139633660608852
3.2244529202488032e-15	0.004545730144244463
3.3356409519815205e-15	0.005710519528252549
3.446828983714238e-15	0.0055580278864610175
3.558017015446955e-15	0.0040871112205405884
3.669205047179673e-15	0.0022996979852747336
3.78039307891239e-15	0.0013134526124761942
3.891581110645107e-15	0.0014960469553434782
4.002769142377824e-15	0.002285670097978121
4.113957174110542e-15	0.002748409985362934
4.225145205843259e-15	0.0024020180943993726
4.3363332375759766e-15	0.0016482252485883894
4.4475212693086935e-15	0.0014166357045964789
4.558709301041411e-15	0.0022746364553412283
4.669897332774129e-15	0.003807681091993223
4.781085364506846e-15	0.004902177511402987
4.8922733962395635e-15	0.004705660906511419
5.00346142797228e-15	0.0033469963368205125
5.114649459704998e-15	0.0017398976232854638
5.225837491437715e-15	0.000730033068988802
5.337025523170433e-15	0.0004666138400740313
5.44821355490315e-15	0.0005402280874704065
5.559401586635867e-15	0.0005740407658604614
5.670589618368585e-15	0.0005625838538106507
5.781777650101302e-15	0.000681294380733884
5.8929656818340195e-15	0.0009309582262725463
6.0041537135667364e-15	0.0010806097225790874
6.115341745299454e-15	0.0009295522459599709
6.226529777032172e-15	0.0005375423756214122
6.337717808764889e-15	0.0001643148101211631
6.4489058404976064e-15	9.468148213495411e-6
6.560093872230323e-15	4.1232489853870596e-5
6.671281903963041e-15	9.15269928001012e-5
6.782469935695758e-15	0.00011017318951576127
6.893657967428476e-15	0.0002776352182371132
7.0048459991611925e-15	0.0007977037259971406
7.11603403089391e-15	0.0015693471659513237
7.227222062626627e-15	0.0021495276952675276
7.338410094359346e-15	0.002131161566385704
7.449598126092062e-15	0.0015557451273417525
7.56078615782478e-15	0.0008979269509218921
7.671974189557496e-15	0.0006328135783142017
7.783162221290215e-15	0.0008390645491914863
7.894350253022932e-15	0.001196696307085919
8.005538284755649e-15	0.0013125170629864483
8.116726316488367e-15	0.0010542389073908377
8.227914348221084e-15	0.0006373902402154715
8.339102379953801e-15	0.00041119979047385153
8.450290411686518e-15	0.0005158891356264589
8.561478443419236e-15	0.0007364537615397926
8.672666475151953e-15	0.000741901912276767
8.78385450688467e-15	0.00048042884400665425
8.895042538617387e-15	0.00027093399126616047
9.006230570350105e-15	0.00045997567220360387
9.117418602082822e-15	0.0010339167872419465
9.22860663381554e-15	0.0016153013933444154
9.339794665548258e-15	0.0018079960300136887
9.450982697280975e-15	0.0015112785892251932
9.562170729013692e-15	0.0009477690251572643
9.673358760746408e-15	0.0004529133697062998
9.784546792479127e-15	0.00021703464528818458
9.895734824211844e-15	0.00017097141220509987
1.000692285594456e-14	0.00012428529924413568
1.011811088767728e-14	4.3092419959518583e-5
1.0229298919409996e-14	0.00014806779748727366
1.0340486951142713e-14	0.0006646182823648235
1.045167498287543e-14	0.0014912591940619195
1.0562863014608148e-14	0.002196497977784566
1.0674051046340865e-14	0.0023676373917696208
1.0785239078073582e-14	0.0019325657718748147
1.08964271098063e-14	0.001167916428180247
1.1007615141539018e-14	0.0004705881689565251
1.1118803173271735e-14	0.00011037367586841865
1.1229991205004451e-14	9.13969189176296e-5
1.134117923673717e-14	0.00019542592750912578
1.1452367268469887e-14	0.00021793416002618122
1.1563555300202604e-14	0.00020144847442703015
1.1674743331935322e-14	0.00038025161365671574
1.1785931363668039e-14	0.0008592229303583524
1.1897119395400756e-14	0.0014166195411596163
1.2008307427133473e-14	0.001687914591565328
1.2119495458866191e-14	0.0015062462739947138
1.2230683490598908e-14	0.001022341568781338
1.2341871522331625e-14	0.0005507207028244723
1.2453059554064344e-14	0.00035442240254655654
1.256424758579706e-14	0.0005034871375879211
1.2675435617529777e-14	0.0008315273354727846
1.2786623649262494e-14	0.0010493433277670324
1.2897811680995213e-14	0.000997652671284794
1.300899971272793e-14	0.0007954709383360122
1.3120187744460647e-14	0.0006789787947875576
1.3231375776193364e-14	0.0007143031238642916
1.3342563807926082e-14	0.0007501228083400634
1.3453751839658799e-14	0.0006428894344458417
1.3564939871391516e-14	0.0004406300777650102
1.3676127903124234e-14	0.00034038564370332026
1.3787315934856951e-14	0.0005383463785300277
1.3898503966589668e-14	0.001098024588737497
1.4009691998322385e-14	0.0018407819510907733
1.4120880030055104e-14	0.0023525163556281856
1.423206806178782e-14	0.0022519754513340355
1.434325609352054e-14	0.0015547027992629337
1.4454444125253254e-14	0.0007011589287478868
1.4565632156985973e-14	0.00015097071765445152
1.467682018871869e-14	8.423811077054149e-7
1.4788008220451407e-14	3.541556664291072e-5
1.4899196252184125e-14	4.766564839454201e-5
1.501038428391684e-14	2.303429563233443e-5
1.512157231564956e-14	9.615779555592585e-5
1.5232760347382277e-14	0.0004302677737852538
1.5343948379114993e-14	0.001064178566690197
1.545513641084771e-14	0.0017606028791097405
1.556632444258043e-14	0.0020779983149026007
1.5677512474313145e-14	0.0017564206397256566
1.5788700506045863e-14	0.0010294139251451812
1.5899888537778582e-14	0.0004275122745919428
1.6011076569511297e-14	0.0002686259474167144
1.6122264601244016e-14	0.00043972560875900915
1.6233452632976734e-14	0.0006420401995602203
1.634464066470945e-14	0.0006962489185257896
1.6455828696442168e-14	0.0006079907452862044
1.6567016728174883e-14	0.0005070864945933724
1.6678204759907602e-14	0.0005704359533721111
1.678939279164032e-14	0.0008536152284278281
1.6900580823373036e-14	0.001141259351000779
1.7011768855105754e-14	0.001118231892807348
1.7122956886838473e-14	0.0007728415527122686
1.7234144918571188e-14	0.0004899419319984406
1.7345332950303906e-14	0.000646893584820663
1.7456520982036625e-14	0.0012400813297378302
1.756770901376934e-14	0.0019838213191765374
1.767889704550206e-14	0.002593030590098898
1.7790085077234774e-14	0.0028293419511719498
1.7901273108967492e-14	0.002483557202906894
1.801246114070021e-14	0.0015975250998065175
1.8123649172432926e-14	0.0006243383534837927
1.8234837204165645e-14	8.837382159462132e-5
1.8346025235898363e-14	6.720090001435998e-5
1.845721326763108e-14	0.00020172705859266538
1.8568401299363797e-14	0.00020020081259807343
1.8679589331096515e-14	0.00012101441271461075
1.879077736282923e-14	0.00017338163758115694
1.890196539456195e-14	0.00048249431272284895
1.9013153426294668e-14	0.0010646170483958972
1.9124341458027383e-14	0.0017642372799467276
1.92355294897601e-14	0.0021668829989378298
1.9346717521492817e-14	0.0018887195673068665
1.9457905553225535e-14	0.0011060164078285587
1.9569093584958254e-14	0.0005298191094638666
1.968028161669097e-14	0.0006526550688927505
1.9791469648423688e-14	0.001225100750016817
1.9902657680156406e-14	0.0016545488214503128
2.001384571188912e-14	0.0016785255476037086
2.012503374362184e-14	0.001411928828359511
2.023622177535456e-14	0.0009937114548598481
2.0347409807087274e-14	0.0005420765361614678
2.0458597838819992e-14	0.0002866880593599335
2.056978587055271e-14	0.0003490931797765553
2.0680973902285426e-14	0.0004724214700800194
2.0792161934018145e-14	0.00034281442759460565
2.090334996575086e-14	0.00012213249224669921
2.1014537997483578e-14	0.00027895515330509583
2.1125726029216297e-14	0.0009396930493326622
2.1236914060949012e-14	0.001827502741671819
2.134810209268173e-14	0.0027814090272169196
2.145929012441445e-14	0.0037699072528705716
2.1570478156147164e-14	0.0043479064998057475
2.1681666187879883e-14	0.0038275141960389617
2.17928542196126e-14	0.002340654182984069
2.1904042251345317e-14	0.0011063164868828576
2.2015230283078035e-14	0.0010964431991112443
2.212641831481075e-14	0.0018708946242038543
2.223760634654347e-14	0.0022856620234779973
2.2348794378276187e-14	0.0019471285269249366
2.2459982410008903e-14	0.001316655274877693
2.257117044174162e-14	0.0007516847963618198
2.268235847347434e-14	0.0002858527898624731
2.2793546505207055e-14	0.0001664045830955523
2.2904734536939774e-14	0.0006620407762197505
2.3015922568672492e-14	0.001304373422408075
2.3127110600405207e-14	0.0012647189015166443
2.3238298632137926e-14	0.0006785589773553019
2.3349486663870644e-14	0.0006621338847909323
2.346067469560336e-14	0.00171357994554844
2.3571862727336078e-14	0.0031012680601026654
2.3683050759068793e-14	0.004279063225230837
2.3794238790801512e-14	0.0056950015882570836
2.390542682253423e-14	0.007322598755898163
2.4016614854266946e-14	0.007659920582893365
2.4127802885999664e-14	0.005754730851276286
2.4238990917732383e-14	0.0034137347406572793
2.4350178949465098e-14	0.003422641420033535
2.4461366981197817e-14	0.005756935117564981
2.4572555012930535e-14	0.007622274928372473
2.468374304466325e-14	0.007515259713289428
2.479493107639597e-14	0.006974027580926741
2.4906119108128687e-14	0.007420856907610242
2.5017307139861403e-14	0.00784972214278931
2.512849517159412e-14	0.007864272200805265
2.5239683203326836e-14	0.010918173338687798
2.5350871235059555e-14	0.02070057554530607
2.5462059266792273e-14	0.034208892802694665
2.557324729852499e-14	0.042053577880742425
2.5684435330257707e-14	0.037690989795691326
2.5795623361990426e-14	0.024516491468519263
2.590681139372314e-14	0.011917835715831077
2.601799942545586e-14	0.005658081871531425
2.6129187457188578e-14	0.004232380225454432
2.6240375488921293e-14	0.003598691989835522
2.6351563520654012e-14	0.00235483584504265
2.6462751552386727e-14	0.0014764674999702024
2.6573939584119446e-14	0.0013915215298230892
2.6685127615852164e-14	0.0013461572352780503
2.679631564758488e-14	0.0009219207324042642
2.6907503679317598e-14	0.0005598046485952782
2.7018691711050316e-14	0.0005649495682168811
2.7129879742783032e-14	0.0006184638079964399
2.724106777451575e-14	0.0004439341045639658
2.735225580624847e-14	0.00024343987345621884
2.7463443837981184e-14	0.00024277760938254837
2.7574631869713902e-14	0.00030482778245756513
2.768581990144662e-14	0.00023421877392683238
2.7797007933179336e-14	0.0001122768293883635
2.7908195964912055e-14	9.890168094837215e-5
2.801938399664477e-14	0.00014759771948900013
2.813057202837749e-14	0.00012618781515728183
2.8241760060110207e-14	5.318819773451433e-5
2.8352948091842922e-14	3.240893219839208e-5
