-2.846413612357564e-14	0.0008078228231607641
-2.8352948091842922e-14	0.00088563022062851
-2.8241760060110207e-14	0.0009846358262850018
-2.813057202837749e-14	0.0009223151354944715
-2.801938399664477e-14	0.0008302830796338175
-2.7908195964912055e-14	0.0009013685314978782
-2.7797007933179336e-14	0.0010321744701236426
-2.768581990144662e-14	0.0010213458075325878
-2.7574631869713902e-14	0.0009461128105202511
-2.7463443837981184e-14	0.0010185592960020018
-2.735225580624847e-14	0.0011919105406667499
-2.724106777451575e-14	0.0012483542052540227
-2.7129879742783032e-14	0.0012085827102001798
-2.7018691711050316e-14	0.0013040927389308002
-2.6907503679317598e-14	0.0015545982333826174
-2.679631564758488e-14	0.0017304095654487295
-2.6685127615852164e-14	0.0017865781462736128
-2.6573939584119446e-14	0.0019782679818432934
-2.6462751552386727e-14	0.002425231239444482
-2.6351563520654012e-14	0.002911377634138943
-2.6240375488921293e-14	0.0033221559448163318
-2.6129187457188578e-14	0.00397331577045347
-2.601799942545586e-14	0.005238312130443307
-2.590681139372314e-14	0.007123294074924525
-2.5795623361990426e-14	0.009551131235062273
-2.5684435330257707e-14	0.012810645411583393
-2.557324729852499e-14	0.017192274572770467
-2.5462059266792273e-14	0.022176469491340993
-2.5350871235059555e-14	0.02646344303444518
-2.5239683203326836e-14	0.028972861108086032
-2.512849517159412e-14	0.0294816924165407
-2.5017307139861403e-14	0.028162323245521346
-2.4906119108128687e-14	0.024970815960700315
-2.479493107639597e-14	0.019927520089310414
-2.468374304466325e-14	0.013783587795210203
-2.4572555012930535e-14	0.007918112573924722
-2.4461366981197817e-14	0.003501301325157563
-2.4350178949465098e-14	0.0009865000077047042
-2.4238990917732383e-14	0.0003345875744750406
-2.4127802885999664e-14	0.0012955027039750554
-2.4016614854266946e-14	0.003285382942189882
-2.390542682253423e-14	0.005315465984392783
-2.3794238790801512e-14	0.0064277513101330865
-2.3683050759068793e-14	0.00625607843212049
-2.3571862727336078e-14	0.005089626340836555
-2.346067469560336e-14	0.0034865206582384446
-2.3349486663870644e-14	0.0019443492618583453
-2.3238298632137926e-14	0.0008088226410067142
-2.3127110600405207e-14	0.00022388838676643102
-2.3015922568672492e-14	7.683352259948502e-5
-2.2904734536939774e-14	0.0001066123787191454
-2.2793546505207055e-14	0.00014324995682730965
-2.268235847347434e-14	0.00020473413290200544
-2.257117044174162e-14	0.000359795579080057
-2.2459982410008903e-14	0.0005790386929919661
-2.2348794378276187e-14	0.0007545248146889912
-2.223760634654347e-14	0.0008107292062794335
-2.212641831481075e-14	0.000776954508194254
-2.2015230283078035e-14	0.0008032084202577097
-2.1904042251345317e-14	0.0010996476646237116
-2.17928542196126e-14	0.0017505189817364555
-2.1681666187879883e-14	0.002521120151931141
-2.1570478156147164e-14	0.0029288307855166694
-2.145929012441445e-14	0.0026237752023586087
-2.134810209268173e-14	0.0017223349126919245
-2.1236914060949012e-14	0.0007299309670544666
-2.1125726029216297e-14	0.0001359760239345582
-2.1014537997483578e-14	9.061156861750817e-5
-2.090334996575086e-14	0.00041568689383723043
-2.0792161934018145e-14	0.0008465515700117118
-2.0680973902285426e-14	0.0012532537609804223
-2.056978587055271e-14	0.0016742439912817673
-2.0458597838819992e-14	0.002154276563726638
-2.0347409807087274e-14	0.0025500329182980394
-2.023622177535456e-14	0.002550979159141473
-2.012503374362184e-14	0.0019791763737123476
-2.001384571188912e-14	0.0010806801501861965
-1.9902657680156406e-14	0.0004441991300723523
-1.9791469648423688e-14	0.0005636640901295461
-1.968028161669097e-14	0.001459667325739723
-1.9569093584958254e-14	0.002694159502996921
-1.9457905553225535e-14	0.003694495065430675
-1.9346717521492817e-14	0.004075902731459066
-1.92355294897601e-14	0.0037785692272240693
-1.9124341458027383e-14	0.003024083529758477
-1.9013153426294668e-14	0.0021516544474346273
-1.890196539456195e-14	0.0014203401409943175
-1.879077736282923e-14	0.0009089171430374385
-1.8679589331096515e-14	0.0005797690973079121
-1.8568401299363797e-14	0.00040441012777674417
-1.845721326763108e-14	0.00040173795353586793
-1.8346025235898363e-14	0.0005867244415210247
-1.8234837204165645e-14	0.0009357244587324688
-1.8123649172432926e-14	0.0013944309361545106
-1.801246114070021e-14	0.0018627489640231439
-1.7901273108967492e-14	0.0021639610989522967
-1.7790085077234774e-14	0.0021014785742646197
-1.767889704550206e-14	0.0016184288704250054
-1.756770901376934e-14	0.0009064370712489337
-1.7456520982036625e-14	0.0003199568419579373
-1.7345332950303906e-14	0.00014756811283562913
-1.7234144918571188e-14	0.00042892685120764093
-1.7122956886838473e-14	0.0009502750662886336
-1.7011768855105754e-14	0.0014019697480613725
-1.6900580823373036e-14	0.0015756994723900252
-1.678939279164032e-14	0.0014646099485989413
-1.6678204759907602e-14	0.0012094592448585195
-1.6567016728174883e-14	0.0009622647112292837
-1.6455828696442168e-14	0.0007937105139660212
-1.634464066470945e-14	0.000690006642869183
-1.6233452632976734e-14	0.0005906497320976042
-1.6122264601244016e-14	0.000440370677131242
-1.6011076569511297e-14	0.00027593558584543856
-1.5899888537778582e-14	0.0002918968812196209
-1.5788700506045863e-14	0.0007407976035683378
-1.5677512474313145e-14	0.0016608191825921437
-1.556632444258043e-14	0.0026951428593003936
-1.545513641084771e-14	0.0032721384343490484
-1.5343948379114993e-14	0.0030432393909565914
-1.5232760347382277e-14	0.002159794353596436
-1.512157231564956e-14	0.0011247916036509695
-1.501038428391684e-14	0.00039522450518534284
-1.4899196252184125e-14	0.00011429511226641606
-1.4788008220451407e-14	0.0001470407631824863
-1.467682018871869e-14	0.00028930595396781426
-1.4565632156985973e-14	0.0004339783270694395
-1.4454444125253254e-14	0.0005974351752987563
-1.434325609352054e-14	0.0008456653689842518
-1.423206806178782e-14	0.0012059345863534297
-1.4120880030055104e-14	0.0016182616020151916
-1.4009691998322385e-14	0.0019348827854539102
-1.3898503966589668e-14	0.0019706394861571724
-1.3787315934856951e-14	0.0016196777290533209
-1.3676127903124234e-14	0.0009972776707874538
-1.3564939871391516e-14	0.0004604373437906457
-1.3453751839658799e-14	0.0003928891734490556
-1.3342563807926082e-14	0.0008840392048308407
-1.3231375776193364e-14	0.0016196701284863252
-1.3120187744460647e-14	0.002130277639694693
-1.300899971272793e-14	0.002158943815295069
-1.2897811680995213e-14	0.0017915212941356264
-1.2786623649262494e-14	0.0012843288511632696
-1.2675435617529777e-14	0.0008343849110964962
-1.256424758579706e-14	0.0005036973436732679
-1.2453059554064344e-14	0.00027700880507015066
-1.2341871522331625e-14	0.00013810043859900956
-1.2230683490598908e-14	0.00011375402636102765
-1.2119495458866191e-14	0.0002641247195711821
-1.2008307427133473e-14	0.0005928835579588634
-1.1897119395400756e-14	0.0009440361924252982
-1.1785931363668039e-14	0.0010540555305062129
-1.1674743331935322e-14	0.0008019056351388611
-1.1563555300202604e-14	0.00041511304916727344
-1.1452367268469887e-14	0.0003384865735410502
-1.134117923673717e-14	0.0008147346809189672
-1.1229991205004451e-14	0.0015975434057936891
-1.1118803173271735e-14	0.002154977710582326
-1.1007615141539018e-14	0.002238980360736476
-1.08964271098063e-14	0.002284117420398665
-1.0785239078073582e-14	0.0032019850130269394
-1.0674051046340865e-14	0.005699113240062052
-1.0562863014608148e-14	0.009713265456005893
-1.045167498287543e-14	0.014420989878445305
-1.0340486951142713e-14	0.018671845784922893
-1.0229298919409996e-14	0.02140139161966969
-1.011811088767728e-14	0.02193767348412911
-1.000692285594456e-14	0.02047564428493127
-9.895734824211844e-15	0.018543930682406295
-9.784546792479127e-15	0.018563686336561632
-9.673358760746408e-15	0.022077177534737775
-9.562170729013692e-15	0.02798282166282756
-9.450982697280975e-15	0.03294666164286276
-9.339794665548258e-15	0.034274265111640854
-9.22860663381554e-15	0.03258983759067791
-9.117418602082822e-15	0.0313876635101108
-9.006230570350105e-15	0.033769326714984026
-8.895042538617387e-15	0.03976955286567226
-8.78385450688467e-15	0.046816629006698356
-8.672666475151953e-15	0.0522192871473357
-8.561478443419236e-15	0.054775743854224436
-8.450290411686518e-15	0.05460247768901083
-8.339102379953801e-15	0.05282595015383115
-8.227914348221084e-15	0.0521701984030348
-8.116726316488367e-15	0.0568732867211655
-8.005538284755649e-15	0.07013197078126064
-7.894350253022932e-15	0.0905437193021572
-7.783162221290215e-15	0.11158492691558916
-7.671974189557496e-15	0.1259130118388605
-7.56078615782478e-15	0.13103885505011323
-7.449598126092062e-15	0.13081114909876262
-7.338410094359346e-15	0.13116030946586035
-7.227222062626627e-15	0.13450580132862014
-7.11603403089391e-15	0.13844854857226618
-7.0048459991611925e-15	0.13950912452888356
-6.893657967428476e-15	0.1374504094605456
-6.782469935695758e-15	0.1361208962473388
-6.671281903963041e-15	0.14163903006717268
-6.560093872230323e-15	0.16123135128709565
-6.4489058404976064e-15	0.20270212387304576
-6.337717808764889e-15	0.27074561137973485
-6.226529777032172e-15	0.3594861188348033
-6.115341745299454e-15	0.4485569709464476
-6.0041537135667364e-15	0.5112370173290248
-5.8929656818340195e-15	0.5319487510095672
-5.781777650101302e-15	0.517814130863068
-5.670589618368585e-15	0.49176186768582786
-5.559401586635867e-15	0.4730990749477728
-5.44821355490315e-15	0.4652367401270921
-5.337025523170433e-15	0.46226692414791815
-5.225837491437715e-15	0.46484724212757406
-5.114649459704998e-15	0.48622108603981334
-5.00346142797228e-15	0.5416707560009615
-4.8922733962395635e-15	0.6330878268078708
-4.781085364506846e-15	0.7435665740773897
-4.669897332774129e-15	0.8447396999438543
-4.558709301041411e-15	0.9089615698914086
-4.4475212693086935e-15	0.9193353733488744
-4.3363332375759766e-15	0.8759788320499695
-4.225145205843259e-15	0.7976222507871548
-4.113957174110542e-15	0.7160099013176854
-4.002769142377824e-15	0.6636323092748299
-3.891581110645107e-15	0.6611561116013751
-3.78039307891239e-15	0.7112639106655483
-3.669205047179673e-15	0.7994985188607386
-3.558017015446955e-15	0.8985460668352602
-3.446828983714238e-15	0.9749306942087501
-3.3356409519815205e-15	1.0
-3.2244529202488032e-15	0.9631622194153259
-3.113264888516086e-15	0.8786975281596535
-3.0020768567833682e-15	0.7786852864813152
-2.890888825050651e-15	0.6953803752340938
-2.7797007933179336e-15	0.6457420764317832
-2.6685127615852163e-15	0.6283514047183996
-2.557324729852499e-15	0.6314473909835161
-2.4461366981197817e-15	0.6424500043477275
-2.3349486663870644e-15	0.6514878682232584
-2.2237606346543467e-15	0.6497264303505681
-2.1125726029216294e-15	0.6282539083765454
-2.001384571188912e-15	0.5809359050986318
-1.890196539456195e-15	0.5090913098366157
-1.7790085077234776e-15	0.42330128757073143
-1.6678204759907603e-15	0.3400279287315236
-1.556632444258043e-15	0.27491721005681086
-1.4454444125253255e-15	0.23679515516079644
-1.3342563807926082e-15	0.22530240271304755
-1.2230683490598909e-15	0.2324742273264465
-1.1118803173271734e-15	0.2465383823360447
-1.000692285594456e-15	0.25583491473219805
-8.895042538617388e-16	0.2517283495565882
-7.783162221290215e-16	0.23047839859205102
-6.671281903963041e-16	0.19418898640676552
-5.559401586635867e-16	0.15031783392238096
-4.447521269308694e-16	0.10910234798972797
-3.3356409519815204e-16	0.07943918541117322
-2.223760634654347e-16	0.06525032945289039
-1.1118803173271735e-16	0.06445507758242669
0.0	0.07102944983615994
1.1118803173271735e-16	0.07866341490180692
2.223760634654347e-16	0.0836666110902383
3.3356409519815204e-16	0.08543164970072077
4.447521269308694e-16	0.08457946623564504
5.559401586635867e-16	0.0808433213292942
6.671281903963041e-16	0.0730227482281288
7.783162221290215e-16	0.061068453473791466
8.895042538617388e-16	0.047635251061121195
1.000692285594456e-15	0.036767333988638025
1.1118803173271734e-15	0.03088048571252817
1.2230683490598909e-15	0.029474983260407737
1.3342563807926082e-15	0.030795556017571373
1.4454444125253255e-15	0.03384229306243495
1.556632444258043e-15	0.03805506561064378
1.6678204759907603e-15	0.041684680169095226
1.7790085077234776e-15	0.041907372793297516
1.890196539456195e-15	0.037211064219575485
2.001384571188912e-15	0.029228390824739853
2.1125726029216294e-15	0.021703829667910905
2.2237606346543467e-15	0.017660318559795482
2.3349486663870644e-15	0.01752230016297921
2.4461366981197817e-15	0.019472740822221814
2.557324729852499e-15	0.021222826092683167
2.6685127615852163e-15	0.02169333139705405
2.7797007933179336e-15	0.021442748028467407
2.890888825050651e-15	0.02152005873031864
3.0020768567833682e-15	0.02187970013689023
3.113264888516086e-15	0.021315475112123144
3.2244529202488032e-15	0.01923240962079269
3.3356409519815205e-15	0.016895290286868526
3.446828983714238e-15	0.01608998669110449
3.558017015446955e-15	0.016795332763608846
3.669205047179673e-15	0.01730818659884691
3.78039307891239e-15	0.01693063217873893
3.891581110645107e-15	0.017295033413163213
4.002769142377824e-15	0.01999523134029654
4.113957174110542e-15	0.023622100946082077
4.225145205843259e-15	0.0245889432422043
4.3363332375759766e-15	0.02102796063000828
4.4475212693086935e-15	0.014778107281612203
4.558709301041411e-15	0.00913966952697911
4.669897332774129e-15	0.005620310068865421
4.781085364506846e-15	0.0035336258041401953
4.8922733962395635e-15	0.0019273190010604966
5.00346142797228e-15	0.0007236661571484134
5.114649459704998e-15	0.00014311486053017773
5.225837491437715e-15	8.030000237662693e-5
5.337025523170433e-15	0.00032530236020233706
5.44821355490315e-15	0.0007267414912253288
5.559401586635867e-15	0.0009205794922548927
5.670589618368585e-15	0.0005551539379130782
5.781777650101302e-15	5.9332647641031834e-5
5.8929656818340195e-15	0.0004578097223028497
6.0041537135667364e-15	0.0019177893487139948
6.115341745299454e-15	0.003180749967166228
6.226529777032172e-15	0.0032457213305079192
6.337717808764889e-15	0.0030678043515060855
6.4489058404976064e-15	0.004403451934153633
6.560093872230323e-15	0.0070544874533789255
6.671281903963041e-15	0.008568350390952266
6.782469935695758e-15	0.0071815434141534705
6.893657967428476e-15	0.004033326295254789
7.0048459991611925e-15	0.001680843080851352
7.11603403089391e-15	0.0012187313934032811
7.227222062626627e-15	0.0018505694875806241
7.338410094359346e-15	0.0026705981680092876
7.449598126092062e-15	0.0035186565993381514
7.56078615782478e-15	0.00422948410469928
7.671974189557496e-15	0.004469891884582285
7.783162221290215e-15	0.004623745392907236
7.894350253022932e-15	0.0054998275020828385
8.005538284755649e-15	0.006566025017358198
8.116726316488367e-15	0.005879536182351645
8.227914348221084e-15	0.002945701275791643
8.339102379953801e-15	0.0004476467594426561
8.450290411686518e-15	0.0012910826237207739
8.561478443419236e-15	0.004460059856280596
8.672666475151953e-15	0.005992166025538628
8.78385450688467e-15	0.004363794966251089
8.895042538617387e-15	0.0026713198148791595
9.006230570350105e-15	0.004191946752846641
9.117418602082822e-15	0.0075637191772515025
9.22860663381554e-15	0.00849646626267538
9.339794665548258e-15	0.0055082958904609175
9.450982697280975e-15	0.0016796391125088262
9.562170729013692e-15	0.0005175226840560074
9.673358760746408e-15	0.0020470873330342724
9.784546792479127e-15	0.003825495470801571
9.895734824211844e-15	0.004305241279626594
1.000692285594456e-14	0.003922380868821615
1.011811088767728e-14	0.003720398772540063
1.0229298919409996e-14	0.004181291653985008
1.0340486951142713e-14	0.005069021700625048
1.045167498287543e-14	0.005468266874555587
1.0562863014608148e-14	0.004325042227203688
1.0674051046340865e-14	0.0018899689017701483
1.0785239078073582e-14	0.00023580731643192736
1.08964271098063e-14	0.0011428827119081514
1.1007615141539018e-14	0.0036149696284822996
1.1118803173271735e-14	0.004855447549409954
1.1229991205004451e-14	0.003901645850103777
1.134117923673717e-14	0.0028184023149708456
1.1452367268469887e-14	0.003596142678454252
1.1563555300202604e-14	0.005256177857680723
1.1674743331935322e-14	0.0053372184028756525
1.1785931363668039e-14	0.0033752785406540647
1.1897119395400756e-14	0.0013239691086498286
1.2008307427133473e-14	0.0008137968894759385
1.2119495458866191e-14	0.0015676055516875636
1.2230683490598908e-14	0.002684655301328346
1.2341871522331625e-14	0.003946124392031325
1.2453059554064344e-14	0.005148358569121946
1.256424758579706e-14	0.005408139443828269
1.2675435617529777e-14	0.004285639029573163
1.2786623649262494e-14	0.0028854168702272067
1.2897811680995213e-14	0.0026117600384684384
1.300899971272793e-14	0.003131847896138684
1.3120187744460647e-14	0.00280707462442389
1.3231375776193364e-14	0.0012159767228725692
1.3342563807926082e-14	3.438322590721239e-5
1.3453751839658799e-14	0.0008344178353203662
1.3564939871391516e-14	0.0028860751441945297
1.3676127903124234e-14	0.004028092758910125
1.3787315934856951e-14	0.0033243564593871716
1.3898503966589668e-14	0.0019451588823478124
1.4009691998322385e-14	0.0014146635320080756
1.4120880030055104e-14	0.0018130310316629102
1.423206806178782e-14	0.0020956607564104825
1.434325609352054e-14	0.001629016473688102
1.4454444125253254e-14	0.0007829951639781087
1.4565632156985973e-14	0.00019216289359166516
1.467682018871869e-14	9.990400246988198e-5
1.4788008220451407e-14	0.0005748897983259929
1.4899196252184125e-14	0.0017437016000490556
1.501038428391684e-14	0.003293013003352981
1.512157231564956e-14	0.004141191233058483
1.5232760347382277e-14	0.0034140534845258867
1.5343948379114993e-14	0.001780070148103868
1.545513641084771e-14	0.0009865778247021085
1.556632444258043e-14	0.0016716615905864845
1.5677512474313145e-14	0.0024012231316926573
1.5788700506045863e-14	0.001662776369851296
1.5899888537778582e-14	0.0002506646782232533
1.6011076569511297e-14	0.0004502848760008962
1.6122264601244016e-14	0.002850824385432885
1.6233452632976734e-14	0.005267059706639305
1.634464066470945e-14	0.005431573041932303
1.6455828696442168e-14	0.0037304062128806267
1.6567016728174883e-14	0.002297491242397192
1.6678204759907602e-14	0.0021031152573159823
1.678939279164032e-14	0.0022085852605087134
1.6900580823373036e-14	0.001680286575681317
1.7011768855105754e-14	0.0008924023491268753
1.7122956886838473e-14	0.0006226654047219486
1.7234144918571188e-14	0.0009662826709535084
1.7345332950303906e-14	0.0017231652612174134
1.7456520982036625e-14	0.002953859809055843
1.756770901376934e-14	0.004358150599660161
1.767889704550206e-14	0.004803556178566774
1.7790085077234774e-14	0.003510020518915321
1.7901273108967492e-14	0.0014029194324887903
1.801246114070021e-14	0.0002638587219570699
1.8123649172432926e-14	0.0005501907370614875
1.8234837204165645e-14	0.001013890773083316
1.8346025235898363e-14	0.0006763788894641082
1.845721326763108e-14	0.00021847306380785503
1.8568401299363797e-14	0.0008308422592337832
1.8679589331096515e-14	0.002364896230645321
1.879077736282923e-14	0.0034339328368836923
1.890196539456195e-14	0.0031153096906883252
1.9013153426294668e-14	0.0018556574681136391
1.9124341458027383e-14	0.0006891066092498444
1.92355294897601e-14	0.00013150218941912684
1.9346717521492817e-14	2.5070210402219555e-5
1.9457905553225535e-14	6.168674605614562e-5
1.9569093584958254e-14	0.000122915371642339
1.968028161669097e-14	0.00021473573544963115
1.9791469648423688e-14	0.00034009362290804044
1.9902657680156406e-14	0.0005550019411557453
2.001384571188912e-14	0.0010641621456614926
2.012503374362184e-14	0.0020231835889337425
2.023622177535456e-14	0.0030787585000467722
2.0347409807087274e-14	0.003338027729624299
2.0458597838819992e-14	0.002273529744981884
2.056978587055271e-14	0.0006747499625151449
2.0680973902285426e-14	8.401348668792466e-5
2.0792161934018145e-14	0.0009594311956188003
2.090334996575086e-14	0.002002674290010567
2.1014537997483578e-14	0.0019393293425275186
2.1125726029216297e-14	0.0014469546946390655
2.1236914060949012e-14	0.0022773701946409266
2.134810209268173e-14	0.004561296162587004
2.145929012441445e-14	0.006191675597012558
2.1570478156147164e-14	0.0053758599429435585
2.1681666187879883e-14	0.0028733413799914747
2.17928542196126e-14	0.0009420594265150634
2.1904042251345317e-14	0.000715237227175468
2.2015230283078035e-14	0.001512925539357352
2.212641831481075e-14	0.002309747501169377
2.223760634654347e-14	0.0027945124255847756
2.2348794378276187e-14	0.0029896919499823402
2.2459982410008903e-14	0.002816751432599676
2.257117044174162e-14	0.002366760235185659
2.268235847347434e-14	0.0019473765702287707
2.2793546505207055e-14	0.001580197728717143
2.2904734536939774e-14	0.0009986509793701633
2.3015922568672492e-14	0.0003376446673396214
2.3127110600405207e-14	0.00017653131387236165
2.3238298632137926e-14	0.0006034945224609396
2.3349486663870644e-14	0.0009257192854697303
2.346067469560336e-14	0.0007336240231471591
2.3571862727336078e-14	0.0005405582124892666
2.3683050759068793e-14	0.0007900500555827264
2.3794238790801512e-14	0.0010219003007896866
2.390542682253423e-14	0.0009407602158791184
2.4016614854266946e-14	0.0015667992980269217
2.4127802885999664e-14	0.003874260977503001
2.4238990917732383e-14	0.0065540733662876145
2.4350178949465098e-14	0.006916016948975129
2.4461366981197817e-14	0.004574136329936349
2.4572555012930535e-14	0.002712793755434575
2.468374304466325e-14	0.004571809858920327
2.479493107639597e-14	0.009702221896619706
2.4906119108128687e-14	0.015040262362099517
2.5017307139861403e-14	0.01902285817036174
2.512849517159412e-14	0.023020574400292888
2.5239683203326836e-14	0.02869647748115004
2.5350871235059555e-14	0.035385210749752476
2.5462059266792273e-14	0.04052591881992424
2.557324729852499e-14	0.04164854152960342
2.5684435330257707e-14	0.037570583886223766
2.5795623361990426e-14	0.028909114794881143
2.590681139372314e-14	0.01841350942760165
2.601799942545586e-14	0.009958642018885498
2.6129187457188578e-14	0.005847378186381724
2.6240375488921293e-14	0.00505861021000648
2.6351563520654012e-14	0.004835708851317656
2.6462751552386727e-14	0.0037843324752456094
2.6573939584119446e-14	0.0026391473254515105
2.6685127615852164e-14	0.0022991123216446778
2.679631564758488e-14	0.0023881822320998185
2.6907503679317598e-14	0.0021322785579633166
2.7018691711050316e-14	0.0016201273446375011
2.7129879742783032e-14	0.0014211214939364725
2.724106777451575e-14	0.0015296210382741721
2.735225580624847e-14	0.0014737493867449426
2.7463443837981184e-14	0.0011853943046905128
2.7574631869713902e-14	0.001042681827679438
2.768581990144662e-14	0.0011435824446780702
2.7797007933179336e-14	0.0011676894589607283
2.7908195964912055e-14	0.0009873519686852599
2.801938399664477e-14	0.0008695817305202842
2.813057202837749e-14	0.0009581828478056459
2.8241760060110207e-14	0.0010255046765306282
2.8352948091842922e-14	0.0009116167497085872
