-2.846413612357564e-14	4.34260785923747e-5
-2.8352948091842922e-14	3.8065627007217e-5
-2.8241760060110207e-14	3.486959578651523e-5
-2.813057202837749e-14	3.673664735927345e-5
-2.801938399664477e-14	3.756469484883065e-5
-2.7908195964912055e-14	3.377422287995192e-5
-2.7797007933179336e-14	3.0850562368383175e-5
-2.768581990144662e-14	3.2929874769736935e-5
-2.7574631869713902e-14	3.509519891623897e-5
-2.7463443837981184e-14	3.2685401007845436e-5
-2.735225580624847e-14	3.0071111162581402e-5
-2.724106777451575e-14	3.246001599543512e-5
-2.7129879742783032e-14	3.609568564273704e-5
-2.7018691711050316e-14	3.531638479236737e-5
-2.6907503679317598e-14	3.340320110685562e-5
-2.679631564758488e-14	3.674828927536408e-5
-2.6685127615852164e-14	4.292141679997307e-5
-2.6573939584119446e-14	4.517028485934627e-5
-2.6462751552386727e-14	4.5654804649892744e-5
-2.6351563520654012e-14	5.273094174283921e-5
-2.6240375488921293e-14	6.648903425802596e-5
-2.6129187457188578e-14	7.950234762292354e-5
-2.601799942545586e-14	9.315677033585527e-5
-2.590681139372314e-14	0.00012010729256508371
-2.5795623361990426e-14	0.00016496517341349316
-2.5684435330257707e-14	0.00021262260860192584
-2.557324729852499e-14	0.00024223090338003673
-2.5462059266792273e-14	0.00024469136211931555
-2.5350871235059555e-14	0.00022077005739158434
-2.5239683203326836e-14	0.0001726060166822157
-2.512849517159412e-14	0.0001084781563558193
-2.5017307139861403e-14	4.9452329442201424e-5
-2.4906119108128687e-14	1.702140456475715e-5
-2.479493107639597e-14	1.2908359572258857e-5
-2.468374304466325e-14	1.9707894380670594e-5
-2.4572555012930535e-14	2.1838721304243574e-5
-2.4461366981197817e-14	1.8084698727685762e-5
-2.4350178949465098e-14	1.3807013930632123e-5
-2.4238990917732383e-14	1.0811775713881572e-5
-2.4127802885999664e-14	8.622372123027382e-6
-2.4016614854266946e-14	8.21480662916817e-6
-2.390542682253423e-14	9.41269022060626e-6
-2.3794238790801512e-14	9.197864001447198e-6
-2.3683050759068793e-14	6.498130351012258e-6
-2.3571862727336078e-14	4.658925966171727e-6
-2.346067469560336e-14	5.8457584122080215e-6
-2.3349486663870644e-14	7.0985054073465e-6
-2.3238298632137926e-14	5.540177781823384e-6
-2.3127110600405207e-14	3.4938201522295563e-6
-2.3015922568672492e-14	4.1972423851356686e-6
-2.2904734536939774e-14	5.943260958972312e-6
-2.2793546505207055e-14	5.276579478702452e-6
-2.268235847347434e-14	3.2611682138840174e-6
-2.257117044174162e-14	3.3983867138181075e-6
-2.2459982410008903e-14	5.206352149811891e-6
-2.2348794378276187e-14	5.207661515573147e-6
-2.223760634654347e-14	3.289132686861133e-6
-2.212641831481075e-14	2.7621017411912855e-6
-2.2015230283078035e-14	4.268522724215404e-6
-2.1904042251345317e-14	4.7627763827333734e-6
-2.17928542196126e-14	3.1530111602323254e-6
-2.1681666187879883e-14	2.134711033229789e-6
-2.1570478156147164e-14	3.144860069278929e-6
-2.145929012441445e-14	3.89211680457182e-6
-2.134810209268173e-14	2.7201979268466345e-6
-2.1236914060949012e-14	1.5151424339183626e-6
-2.1125726029216297e-14	2.0456969709605514e-6
-2.1014537997483578e-14	2.813632438833438e-6
-2.090334996575086e-14	2.055748267054391e-6
-2.0792161934018145e-14	9.740511713069553e-7
-2.0680973902285426e-14	1.2913559082006625e-6
-2.056978587055271e-14	2.043351276978302e-6
-2.0458597838819992e-14	1.5858633254281125e-6
-2.0347409807087274e-14	7.365098182188623e-7
-2.023622177535456e-14	1.0843407720516112e-6
-2.012503374362184e-14	1.899059226146395e-6
-2.001384571188912e-14	1.5961914275219942e-6
-1.9902657680156406e-14	8.355506358100042e-7
-1.9791469648423688e-14	1.2382321736986683e-6
-1.968028161669097e-14	2.2096125535720493e-6
-1.9569093584958254e-14	2.0418504032635794e-6
-1.9457905553225535e-14	1.242960045316988e-6
-1.9346717521492817e-14	1.6563183260642588e-6
-1.92355294897601e-14	2.9160294677956858e-6
-1.9124341458027383e-14	3.0183725115121277e-6
-1.9013153426294668e-14	2.1161490797202823e-6
-1.890196539456195e-14	2.3829050898551537e-6
-1.879077736282923e-14	3.980055619925514e-6
-1.8679589331096515e-14	4.5912099133795555e-6
-1.8568401299363797e-14	3.5969196186505654e-6
-1.845721326763108e-14	3.3073369412883704e-6
-1.8346025235898363e-14	4.843852797445528e-6
-1.8234837204165645e-14	6.019974356043047e-6
-1.8123649172432926e-14	5.09421042467053e-6
-1.801246114070021e-14	3.7759518293850514e-6
-1.7901273108967492e-14	4.2333877655250744e-6
-1.7790085077234774e-14	5.429179348289663e-6
-1.767889704550206e-14	5.024239861867962e-6
-1.756770901376934e-14	3.2729784282286065e-6
-1.7456520982036625e-14	2.3629237790312464e-6
-1.7345332950303906e-14	2.8607543532724694e-6
-1.7234144918571188e-14	3.256614367608451e-6
-1.7122956886838473e-14	2.5872851145069816e-6
-1.7011768855105754e-14	1.5297037902873785e-6
-1.6900580823373036e-14	1.1102702379269466e-6
-1.678939279164032e-14	1.7534545004327478e-6
-1.6678204759907602e-14	3.23446381738093e-6
-1.6567016728174883e-14	4.573920251172517e-6
-1.6455828696442168e-14	4.839581088294893e-6
-1.634464066470945e-14	4.950767418680064e-6
-1.6233452632976734e-14	7.151685745917657e-6
-1.6122264601244016e-14	1.1419573552806887e-5
-1.6011076569511297e-14	1.453207055441877e-5
-1.5899888537778582e-14	1.4836062296320927e-5
-1.5788700506045863e-14	1.5553258822594262e-5
-1.5677512474313145e-14	1.998278225444004e-5
-1.556632444258043e-14	2.5428329506704675e-5
-1.545513641084771e-14	2.6513212155848965e-5
-1.5343948379114993e-14	2.361782373344735e-5
-1.5232760347382277e-14	2.2578722472218654e-5
-1.512157231564956e-14	2.5406082897431412e-5
-1.501038428391684e-14	2.703296673085163e-5
-1.4899196252184125e-14	2.3664055187219655e-5
-1.4788008220451407e-14	1.9076383008448353e-5
-1.467682018871869e-14	1.8539024463617486e-5
-1.4565632156985973e-14	2.046969766935754e-5
-1.4454444125253254e-14	1.931278970176402e-5
-1.434325609352054e-14	1.4401491712526271e-5
-1.423206806178782e-14	1.0455495360458972e-5
-1.4120880030055104e-14	9.892620267514559e-6
-1.4009691998322385e-14	9.797217238165498e-6
-1.3898503966589668e-14	7.3180010153197685e-6
-1.3787315934856951e-14	3.82388976579227e-6
-1.3676127903124234e-14	2.0300740602813566e-6
-1.3564939871391516e-14	2.0807312868284495e-6
-1.3453751839658799e-14	2.340775879048056e-6
-1.3342563807926082e-14	1.9920457854610766e-6
-1.3231375776193364e-14	1.295210516519291e-6
-1.3120187744460647e-14	7.622944997693564e-7
-1.300899971272793e-14	1.090060811245369e-6
-1.2897811680995213e-14	2.5557633255699918e-6
-1.2786623649262494e-14	3.937867783399567e-6
-1.2675435617529777e-14	3.6855563463358576e-6
-1.256424758579706e-14	2.5361060665597528e-6
-1.2453059554064344e-14	2.8573328406898523e-6
-1.2341871522331625e-14	4.799722977382559e-6
-1.2230683490598908e-14	5.634972657876531e-6
-1.2119495458866191e-14	4.077174241185101e-6
-1.2008307427133473e-14	2.5747141888801586e-6
-1.1897119395400756e-14	3.389173922573622e-6
-1.1785931363668039e-14	4.858333538820976e-6
-1.1674743331935322e-14	4.201911978978306e-6
-1.1563555300202604e-14	2.1521770513779772e-6
-1.1452367268469887e-14	1.62924929739767e-6
-1.134117923673717e-14	2.882676095589671e-6
-1.1229991205004451e-14	3.304051325938354e-6
-1.1118803173271735e-14	1.9008741744803592e-6
-1.1007615141539018e-14	7.743150787698216e-7
-1.08964271098063e-14	1.4868195263439714e-6
-1.0785239078073582e-14	2.6306718760421874e-6
-1.0674051046340865e-14	2.286227950327613e-6
-1.0562863014608148e-14	1.0139302129296164e-6
-1.045167498287543e-14	8.620595351662664e-7
-1.0340486951142713e-14	2.3507453334993782e-6
-1.0229298919409996e-14	3.790290760649624e-6
-1.011811088767728e-14	3.5687692180813634e-6
-1.000692285594456e-14	2.533047009678237e-6
-9.895734824211844e-15	3.521291835281534e-6
-9.784546792479127e-15	7.810939111016204e-6
-9.673358760746408e-15	1.2546082923322742e-5
-9.562170729013692e-15	1.411914793341227e-5
-9.450982697280975e-15	1.4861681048680505e-5
-9.339794665548258e-15	2.252843062442489e-5
-9.22860663381554e-15	3.979606197161709e-5
-9.117418602082822e-15	5.8510390098392906e-5
-9.006230570350105e-15	7.15296998976164e-5
-8.895042538617387e-15	8.774802834940426e-5
-8.78385450688467e-15	0.00012373408045723126
-8.672666475151953e-15	0.00017780619258952787
-8.561478443419236e-15	0.0002271040052942222
-8.450290411686518e-15	0.0002622552424362753
-8.339102379953801e-15	0.0003122262127722906
-8.227914348221084e-15	0.0004131318953250903
-8.116726316488367e-15	0.0005595403944493195
-8.005538284755649e-15	0.000722088172434225
-7.894350253022932e-15	0.0009251485958026235
-7.783162221290215e-15	0.0012648238497189968
-7.671974189557496e-15	0.0018033432266426142
-7.56078615782478e-15	0.002462403921560682
-7.449598126092062e-15	0.0030783926719903025
-7.338410094359346e-15	0.0035691289715523026
-7.227222062626627e-15	0.003988553040417944
-7.11603403089391e-15	0.004406292323045905
-7.0048459991611925e-15	0.0048305750178444795
-6.893657967428476e-15	0.00533416777459248
-6.782469935695758e-15	0.006196541677230491
-6.671281903963041e-15	0.00782464191695329
-6.560093872230323e-15	0.010606469850248079
-6.4489058404976064e-15	0.014982090789751329
-6.337717808764889e-15	0.021459888134449486
-6.226529777032172e-15	0.029953111496218092
-6.115341745299454e-15	0.03871379614148171
-6.0041537135667364e-15	0.04442123136249153
-5.8929656818340195e-15	0.04440555402198806
-5.781777650101302e-15	0.03935413742937441
-5.670589618368585e-15	0.0333534797130445
-5.559401586635867e-15	0.030539715317043033
-5.44821355490315e-15	0.03183183198161117
-5.337025523170433e-15	0.035864845665166845
-5.225837491437715e-15	0.043608424576944436
-5.114649459704998e-15	0.06116166664856921
-5.00346142797228e-15	0.0959473234110345
-4.8922733962395635e-15	0.14797549995558568
-4.781085364506846e-15	0.20379051541168403
-4.669897332774129e-15	0.240272912225437
-4.558709301041411e-15	0.23829701352826815
-4.4475212693086935e-15	0.1973283927593905
-4.3363332375759766e-15	0.13856417108972763
-4.225145205843259e-15	0.09125916804421695
-4.113957174110542e-15	0.07172820649823165
-4.002769142377824e-15	0.07441587564049594
-3.891581110645107e-15	0.08603058814967587
-3.78039307891239e-15	0.110085987550834
-3.669205047179673e-15	0.17352616623373351
-3.558017015446955e-15	0.3008575035252632
-3.446828983714238e-15	0.47607157908305875
-3.3356409519815205e-15	0.6326851085121187
-3.2244529202488032e-15	0.6912294464385765
-3.113264888516086e-15	0.6176728528891406
-3.0020768567833682e-15	0.4515128323965149
-2.890888825050651e-15	0.27656071726178916
-2.7797007933179336e-15	0.1596173470142722
-2.6685127615852163e-15	0.11201104963116307
-2.557324729852499e-15	0.1066500656344458
-2.4461366981197817e-15	0.12899691602700192
-2.3349486663870644e-15	0.20589805661025035
-2.2237606346543467e-15	0.3768094400220451
-2.1125726029216294e-15	0.6315977126045211
-2.001384571188912e-15	0.8806274893423722
-1.890196539456195e-15	1.0
-1.7790085077234776e-15	0.9222669822444796
-1.6678204759907603e-15	0.6912098536112753
-1.556632444258043e-15	0.426803896194907
-1.4454444125253255e-15	0.23245749512614297
-1.3342563807926082e-15	0.13326875689829962
-1.2230683490598909e-15	0.09855125784089573
-1.1118803173271734e-15	0.11043098536065958
-1.000692285594456e-15	0.19354452040847386
-8.895042538617388e-16	0.37117907202512385
-7.783162221290215e-16	0.6026559571611466
-6.671281903963041e-16	0.7822388520709914
-5.559401586635867e-16	0.8121827786843306
-4.447521269308694e-16	0.6795814725291649
-3.3356409519815204e-16	0.4616993319373382
-2.223760634654347e-16	0.2596383924010854
-1.1118803173271735e-16	0.12917333591326083
0.0	0.06834331320540595
1.1118803173271735e-16	0.054226093180249096
2.223760634654347e-16	0.07585749085613629
3.3356409519815204e-16	0.13033174378691773
4.447521269308694e-16	0.20011010987085912
5.559401586635867e-16	0.2490993710917154
6.671281903963041e-16	0.2467543053608409
7.783162221290215e-16	0.19349757249832195
8.895042538617388e-16	0.11949922733406641
1.000692285594456e-15	0.05909996211121383
1.1118803173271734e-15	0.027259216116259945
1.2230683490598909e-15	0.017675549510246386
1.3342563807926082e-15	0.01746609994756244
1.4454444125253255e-15	0.019708343060959352
1.556632444258043e-15	0.02369628362302619
1.6678204759907603e-15	0.028621295819464394
1.7790085077234776e-15	0.030976021523812076
1.890196539456195e-15	0.02787154460224305
2.001384571188912e-15	0.020442273494866145
2.1125726029216294e-15	0.012683657240752011
2.2237606346543467e-15	0.007571075710994213
2.3349486663870644e-15	0.005129125747737037
2.4461366981197817e-15	0.0038546608536342026
2.557324729852499e-15	0.002885144844939954
2.6685127615852163e-15	0.002378579479138957
2.7797007933179336e-15	0.002477395686892808
2.890888825050651e-15	0.002729562422121693
3.0020768567833682e-15	0.002598771815092367
3.113264888516086e-15	0.002078161611290209
3.2244529202488032e-15	0.0015524029706334582
3.3356409519815205e-15	0.0012504994275059928
3.446828983714238e-15	0.0010636007505183604
3.558017015446955e-15	0.0008301274097639892
3.669205047179673e-15	0.0005805394776937967
3.78039307891239e-15	0.00044305016466448496
3.891581110645107e-15	0.0004363862021570389
4.002769142377824e-15	0.0004567305520428556
4.113957174110542e-15	0.00042864633833605235
4.225145205843259e-15	0.00038355232284275806
4.3363332375759766e-15	0.0003812108148526049
4.4475212693086935e-15	0.00041247602991928607
4.558709301041411e-15	0.00041587379423520607
4.669897332774129e-15	0.00036635892199224444
4.781085364506846e-15	0.00030645044473509266
4.8922733962395635e-15	0.00028418550976709833
5.00346142797228e-15	0.00029112837041205615
5.114649459704998e-15	0.0002847131090919759
5.225837491437715e-15	0.0002561101147781604
5.337025523170433e-15	0.00024308676626246594
5.44821355490315e-15	0.00027127106106620717
5.559401586635867e-15	0.0003126553260944849
5.670589618368585e-15	0.00032285796405394243
5.781777650101302e-15	0.0003008868067963072
5.8929656818340195e-15	0.00028365004794727146
6.0041537135667364e-15	0.0002873125556486248
6.115341745299454e-15	0.00028534673686506144
6.226529777032172e-15	0.0002533280841267041
6.337717808764889e-15	0.00020934058633519125
6.4489058404976064e-15	0.00018961378410500642
6.560093872230323e-15	0.0001983906545476881
6.671281903963041e-15	0.00020581713202481085
6.782469935695758e-15	0.00019248695910000627
6.893657967428476e-15	0.0001734157264265967
7.0048459991611925e-15	0.0001707409864415047
7.11603403089391e-15	0.00017961441005986213
7.227222062626627e-15	0.00017580664855237603
7.338410094359346e-15	0.0001504219745173673
7.449598126092062e-15	0.00012176222535431292
7.56078615782478e-15	0.00011034979151568331
7.671974189557496e-15	0.00011344481795073672
7.783162221290215e-15	0.00011254743017685722
7.894350253022932e-15	0.00010088001335266519
8.005538284755649e-15	9.212867224201163e-5
8.116726316488367e-15	9.930978990288497e-5
8.227914348221084e-15	0.00011451803205573267
8.339102379953801e-15	0.00011876122334493032
8.450290411686518e-15	0.00010787855983595842
8.561478443419236e-15	9.702066330462047e-5
8.672666475151953e-15	9.746803799295951e-5
8.78385450688467e-15	0.00010052058747810797
8.895042538617387e-15	9.220375775921202e-5
9.006230570350105e-15	7.559280533185046e-5
9.117418602082822e-15	6.645858685353416e-5
9.22860663381554e-15	6.959373210354965e-5
9.339794665548258e-15	7.24471381424685e-5
9.450982697280975e-15	6.473714257806662e-5
9.562170729013692e-15	5.290667848951341e-5
9.673358760746408e-15	4.840274618405999e-5
9.784546792479127e-15	4.9932642203086725e-5
9.895734824211844e-15	4.6814038095666625e-5
1.000692285594456e-14	3.6014201351346e-5
1.011811088767728e-14	2.602259482100321e-5
1.0229298919409996e-14	2.3581072499937477e-5
1.0340486951142713e-14	2.4795796453901002e-5
1.045167498287543e-14	2.2487781021667275e-5
1.0562863014608148e-14	1.6687476539440397e-5
1.0674051046340865e-14	1.3266434833602273e-5
1.0785239078073582e-14	1.4827734126905791e-5
1.08964271098063e-14	1.7474870447769963e-5
1.1007615141539018e-14	1.665580283958342e-5
1.1118803173271735e-14	1.312915137760968e-5
1.1229991205004451e-14	1.1470522127114333e-5
1.134117923673717e-14	1.3695677537166642e-5
1.1452367268469887e-14	1.6471836440753054e-5
1.1563555300202604e-14	1.5714585794978127e-5
1.1674743331935322e-14	1.2513072057419583e-5
1.1785931363668039e-14	1.1800741114820823e-5
1.1897119395400756e-14	1.5072434121679506e-5
1.2008307427133473e-14	1.7888364333293612e-5
1.2119495458866191e-14	1.6550172509354518e-5
1.2230683490598908e-14	1.3961237585603305e-5
1.2341871522331625e-14	1.512036449912106e-5
1.2453059554064344e-14	1.9012217273610596e-5
1.256424758579706e-14	1.9989395986869164e-5
1.2675435617529777e-14	1.6708212302805344e-5
1.2786623649262494e-14	1.4244880903586466e-5
1.2897811680995213e-14	1.5970026220009113e-5
1.300899971272793e-14	1.8360561458710396e-5
1.3120187744460647e-14	1.6894825938874796e-5
1.3231375776193364e-14	1.3181625315388008e-5
1.3342563807926082e-14	1.2103874248709563e-5
1.3453751839658799e-14	1.4186345072137813e-5
1.3564939871391516e-14	1.5230542459920351e-5
1.3676127903124234e-14	1.2886962003844152e-5
1.3787315934856951e-14	9.693808210682997e-6
1.3898503966589668e-14	8.981289609000775e-6
1.4009691998322385e-14	1.0551628431041788e-5
1.4120880030055104e-14	1.1617572829006201e-5
1.423206806178782e-14	1.0582547338204095e-5
1.434325609352054e-14	8.92076076456549e-6
1.4454444125253254e-14	9.584229823793595e-6
1.4565632156985973e-14	1.353158219340288e-5
1.467682018871869e-14	1.8090166989276724e-5
1.4788008220451407e-14	2.0152309880468578e-5
1.4899196252184125e-14	2.106178512022752e-5
1.501038428391684e-14	2.556256636132939e-5
1.512157231564956e-14	3.453088484585264e-5
1.5232760347382277e-14	4.2237590006331215e-5
1.5343948379114993e-14	4.4105476313663274e-5
1.545513641084771e-14	4.402297870262722e-5
1.556632444258043e-14	4.8797245212955214e-5
1.5677512474313145e-14	5.727347292075379e-5
1.5788700506045863e-14	6.168181990361876e-5
1.5899888537778582e-14	6.005544260733059e-5
1.6011076569511297e-14	5.993924184291288e-5
1.6122264601244016e-14	6.667552871854035e-5
1.6233452632976734e-14	7.449505023542084e-5
1.634464066470945e-14	7.47060140049308e-5
1.6455828696442168e-14	6.82809236551506e-5
1.6567016728174883e-14	6.355254924225942e-5
1.6678204759907602e-14	6.343063662459098e-5
1.678939279164032e-14	6.203513288412123e-5
1.6900580823373036e-14	5.4770918494814954e-5
1.7011768855105754e-14	4.569872646222706e-5
1.7122956886838473e-14	4.1934539350161174e-5
1.7234144918571188e-14	4.437218549015764e-5
1.7345332950303906e-14	4.752820206882037e-5
1.7456520982036625e-14	4.7367220300834625e-5
1.756770901376934e-14	4.6356367883250015e-5
1.767889704550206e-14	4.9926577519629534e-5
1.7790085077234774e-14	5.898106834446341e-5
1.7901273108967492e-14	6.773351089133321e-5
1.801246114070021e-14	7.055543118187364e-5
1.8123649172432926e-14	6.991616678351804e-5
1.8234837204165645e-14	7.382335105408175e-5
1.8346025235898363e-14	8.452779336141197e-5
1.845721326763108e-14	9.479060430983201e-5
1.8568401299363797e-14	9.903853134043718e-5
1.8679589331096515e-14	0.00010312811715904818
1.879077736282923e-14	0.0001158868676780683
1.890196539456195e-14	0.00013391377338353933
1.9013153426294668e-14	0.0001442503376816836
1.9124341458027383e-14	0.00014252428648485626
1.92355294897601e-14	0.00013834788547106744
1.9346717521492817e-14	0.0001390932308022503
1.9457905553225535e-14	0.00013826677240764615
1.9569093584958254e-14	0.00012743153556110624
1.968028161669097e-14	0.00011179745719602643
1.9791469648423688e-14	0.0001034677967819251
1.9902657680156406e-14	0.00010322911214425112
2.001384571188912e-14	0.00010026831961213261
2.012503374362184e-14	8.93545306196042e-5
2.023622177535456e-14	7.746345584700673e-5
2.0347409807087274e-14	7.092172796147746e-5
2.0458597838819992e-14	6.552165088723246e-5
2.056978587055271e-14	5.453174312386515e-5
2.0680973902285426e-14	3.9702426979060744e-5
2.0792161934018145e-14	2.8188237490995198e-5
2.090334996575086e-14	2.256335305650642e-5
2.1014537997483578e-14	1.9449630827157742e-5
2.1125726029216297e-14	1.585179564703357e-5
2.1236914060949012e-14	1.237687252354572e-5
2.134810209268173e-14	1.123519164786451e-5
2.145929012441445e-14	1.393798705845559e-5
2.1570478156147164e-14	1.996228548193638e-5
2.1681666187879883e-14	2.6335007051681885e-5
2.17928542196126e-14	3.064834183135482e-5
2.1904042251345317e-14	3.5124854504870235e-5
2.2015230283078035e-14	4.387906395204474e-5
2.212641831481075e-14	5.517570158919944e-5
2.223760634654347e-14	6.205305179744853e-5
2.2348794378276187e-14	6.319349434637432e-5
2.2459982410008903e-14	6.639602739618298e-5
2.257117044174162e-14	7.640482089261233e-5
2.268235847347434e-14	8.632834780655015e-5
2.2793546505207055e-14	8.858940949542718e-5
2.2904734536939774e-14	8.793045268446024e-5
2.3015922568672492e-14	9.326248999253368e-5
2.3127110600405207e-14	0.00010127287575340422
2.3238298632137926e-14	0.00010084428432582857
2.3349486663870644e-14	9.198098362372277e-5
2.346067469560336e-14	8.632329882978936e-5
2.3571862727336078e-14	8.755419593164235e-5
2.3683050759068793e-14	8.594526361967685e-5
2.3794238790801512e-14	7.692601608379486e-5
2.390542682253423e-14	7.038449122226394e-5
2.4016614854266946e-14	7.345017928056579e-5
2.4127802885999664e-14	7.791656305472381e-5
2.4238990917732383e-14	7.626662710933274e-5
2.4350178949465098e-14	7.780146375422446e-5
2.4461366981197817e-14	9.415919376753059e-5
2.4572555012930535e-14	0.00011958657988236893
2.468374304466325e-14	0.00014428201024850633
2.479493107639597e-14	0.00017958274760093986
2.4906119108128687e-14	0.00024738952961836727
2.5017307139861403e-14	0.00034917078644158356
2.512849517159412e-14	0.00047542111376965766
2.5239683203326836e-14	0.0006513926229390917
2.5350871235059555e-14	0.0009358122365539336
2.5462059266792273e-14	0.001339226473769011
2.557324729852499e-14	0.001753192440386692
2.5684435330257707e-14	0.001994646431405429
2.5795623361990426e-14	0.0019386687967852655
2.590681139372314e-14	0.0016105649750927122
2.601799942545586e-14	0.001158867219984486
2.6129187457188578e-14	0.0007510839021523015
2.6240375488921293e-14	0.0004825210536184891
2.6351563520654012e-14	0.000350242587237767
2.6462751552386727e-14	0.00029058345335172424
2.6573939584119446e-14	0.00024385645365279104
2.6685127615852164e-14	0.00019452348484849118
2.679631564758488e-14	0.0001577957970445155
2.6907503679317598e-14	0.0001402973209662196
2.7018691711050316e-14	0.00012798479794096722
2.7129879742783032e-14	0.00010947008745681746
2.724106777451575e-14	9.165369814833504e-5
2.735225580624847e-14	8.393709262158052e-5
2.7463443837981184e-14	8.099671638437998e-5
2.7574631869713902e-14	7.283323985854179e-5
2.768581990144662e-14	6.191867042575864e-5
2.7797007933179336e-14	5.7204277392563546e-5
2.7908195964912055e-14	5.746067917237923e-5
2.801938399664477e-14	5.4009948068933924e-5
2.813057202837749e-14	4.6525144202454284e-5
2.8241760060110207e-14	4.2871566091631636e-5
2.8352948091842922e-14	4.429013635438063e-5
