-2.846413612357564e-14	4.7617761562406296e16
-2.8352948091842922e-14	4.927054899455394e16
-2.8241760060110207e-14	5.843856182553789e16
-2.813057202837749e-14	6.049019417226053e16
-2.801938399664477e-14	5.432723760547789e16
-2.7908195964912055e-14	5.5393911542706184e16
-2.7797007933179336e-14	6.723685323748246e16
-2.768581990144662e-14	7.387094786875632e16
-2.7574631869713902e-14	6.926574788397086e16
-2.7463443837981184e-14	7.033041886061128e16
-2.735225580624847e-14	8.665445165108285e16
-2.724106777451575e-14	1.0123276656682387e17
-2.7129879742783032e-14	1.0119813680652064e17
-2.7018691711050316e-14	1.049068910942523e17
-2.6907503679317598e-14	1.3153372256947126e17
-2.679631564758488e-14	1.643875826235701e17
-2.6685127615852164e-14	1.8033070883778214e17
-2.6573939584119446e-14	2.000428670625015e17
-2.6462751552386727e-14	2.632658981349332e17
-2.6351563520654012e-14	3.6255450575713165e17
-2.6240375488921293e-14	4.6328464303760045e17
-2.6129187457188578e-14	6.009650435874171e17
-2.601799942545586e-14	8.80427111296949e17
-2.590681139372314e-14	1.3151853355787395e18
-2.5795623361990426e-14	1.7140868590019692e18
-2.5684435330257707e-14	1.8178935504119744e18
-2.557324729852499e-14	1.558582208758288e18
-2.5462059266792273e-14	1.1237874292834455e18
-2.5350871235059555e-14	7.524220167518273e17
-2.5239683203326836e-14	5.262372795200442e17
-2.512849517159412e-14	3.8528796114823917e17
-2.5017307139861403e-14	2.741593249091787e17
-2.4906119108128687e-14	1.9685153377978246e17
-2.479493107639597e-14	1.5478625694253552e17
-2.468374304466325e-14	1.1445953739852392e17
-2.4572555012930535e-14	5.746268360724932e16
-2.4461366981197817e-14	1.1382115056279168e16
-2.4350178949465098e-14	3.25541753909264e15
-2.4238990917732383e-14	1.5800786860867518e16
-2.4127802885999664e-14	1.7184095821431174e16
-2.4016614854266946e-14	8.331623385542492e15
-2.390542682253423e-14	1.0100872683018212e16
-2.3794238790801512e-14	2.170523308797415e16
-2.3683050759068793e-14	2.655695562525869e16
-2.3571862727336078e-14	3.1344074084908692e16
-2.346067469560336e-14	6.22030139828298e16
-2.3349486663870644e-14	1.161757897206511e17
-2.3238298632137926e-14	1.487057539115435e17
-2.3127110600405207e-14	1.2685736857053259e17
-2.3015922568672492e-14	7.380070496668891e16
-2.2904734536939774e-14	3.959267748299915e16
-2.2793546505207055e-14	4.0683685385499576e16
-2.268235847347434e-14	5.09910629129005e16
-2.257117044174162e-14	4.743072001529195e16
-2.2459982410008903e-14	3.94389839902885e16
-2.2348794378276187e-14	4.666757904620945e16
-2.223760634654347e-14	6.597912046489398e16
-2.212641831481075e-14	7.504835023552618e16
-2.2015230283078035e-14	6.130872356557658e16
-2.1904042251345317e-14	3.453051083606338e16
-2.17928542196126e-14	1.2291652941430404e16
-2.1681666187879883e-14	2.873536822101109e15
-2.1570478156147164e-14	3.4776573305891625e15
-2.145929012441445e-14	7.233372940943379e15
-2.134810209268173e-14	8.830455596215419e15
-2.1236914060949012e-14	8.851040901513328e15
-2.1125726029216297e-14	1.5591092849422562e16
-2.1014537997483578e-14	3.706387207662352e16
-2.090334996575086e-14	6.687465306126836e16
-2.0792161934018145e-14	8.374864090468981e16
-2.0680973902285426e-14	7.284779142612675e16
-2.056978587055271e-14	4.4921048024695224e16
-2.0458597838819992e-14	2.5578503284838656e16
-2.0347409807087274e-14	2.589095855178803e16
-2.023622177535456e-14	3.343037022411532e16
-2.012503374362184e-14	3.4820494461893756e16
-2.001384571188912e-14	3.533628243169285e16
-1.9902657680156406e-14	4.687814192816432e16
-1.9791469648423688e-14	6.4599983952018376e16
-1.968028161669097e-14	6.92764788164573e16
-1.9569093584958254e-14	5.218310216487718e16
-1.9457905553225535e-14	2.5835897374018932e16
-1.9346717521492817e-14	7.412616201687862e15
-1.92355294897601e-14	1.1402564761784855e15
-1.9124341458027383e-14	1.0377210043348108e15
-1.9013153426294668e-14	2.2474882068751022e15
-1.890196539456195e-14	3.63417070822142e15
-1.879077736282923e-14	6.028543775125502e15
-1.8679589331096515e-14	1.430003834478231e16
-1.8568401299363797e-14	3.4812313427301936e16
-1.845721326763108e-14	6.318384186766232e16
-1.8346025235898363e-14	8.04713647872361e16
-1.8234837204165645e-14	7.1819356455864664e16
-1.8123649172432926e-14	4.616523378252146e16
-1.801246114070021e-14	2.717788091307659e16
-1.7901273108967492e-14	2.5823323084414004e16
-1.7790085077234774e-14	3.254347197332656e16
-1.767889704550206e-14	3.642080678422556e16
-1.756770901376934e-14	3.887757334734841e16
-1.7456520982036625e-14	4.363272032849288e16
-1.7345332950303906e-14	4.523519196153211e16
-1.7234144918571188e-14	3.705385202582545e16
-1.7122956886838473e-14	2.3294291381623036e16
-1.7011768855105754e-14	1.3428785590237064e16
-1.6900580823373036e-14	9.227420996368454e15
-1.678939279164032e-14	6.134654092658571e15
-1.6678204759907602e-14	3.907633634755873e15
-1.6567016728174883e-14	6.810513727934236e15
-1.6455828696442168e-14	1.5653297822487012e16
-1.634464066470945e-14	2.866189398931058e16
-1.6233452632976734e-14	4.800705839571757e16
-1.6122264601244016e-14	7.454513797740803e16
-1.6011076569511297e-14	9.617143420578742e16
-1.5899888537778582e-14	9.410049301207954e16
-1.5788700506045863e-14	6.578324153354415e16
-1.5677512474313145e-14	3.2020331671913284e16
-1.556632444258043e-14	1.485250707785024e16
-1.545513641084771e-14	1.5435805230585446e16
-1.5343948379114993e-14	1.9691316359571012e16
-1.5232760347382277e-14	1.834110962300481e16
-1.512157231564956e-14	1.3193423894456306e16
-1.501038428391684e-14	9.422592258203012e15
-1.4899196252184125e-14	1.134588133257972e16
-1.4788008220451407e-14	2.2647236030903424e16
-1.467682018871869e-14	4.104048848717385e16
-1.4565632156985973e-14	5.409945449199691e16
-1.4454444125253254e-14	5.027964785975462e16
-1.434325609352054e-14	3.5025124295714296e16
-1.423206806178782e-14	2.7189562157375296e16
-1.4120880030055104e-14	3.7330294955221224e16
-1.4009691998322385e-14	5.705143722436059e16
-1.3898503966589668e-14	7.169159919287038e16
-1.3787315934856951e-14	7.498843400409123e16
-1.3676127903124234e-14	6.762695989811493e16
-1.3564939871391516e-14	5.065023071922598e16
-1.3453751839658799e-14	2.7993664240753364e16
-1.3342563807926082e-14	9.45571796908956e15
-1.3231375776193364e-14	2.3322243066479135e15
-1.3120187744460647e-14	2.705296671291594e15
-1.300899971272793e-14	2.2051557522116555e15
-1.2897811680995213e-14	1.2731047619458695e15
-1.2786623649262494e-14	8.456330486696285e15
-1.2675435617529777e-14	2.7593165602919256e16
-1.256424758579706e-14	5.2666612405689656e16
-1.2453059554064344e-14	7.492885128107483e16
-1.2341871522331625e-14	8.808344947647094e16
-1.2230683490598908e-14	8.659825943761053e16
-1.2119495458866191e-14	6.7895150157853976e16
-1.2008307427133473e-14	3.980443586092634e16
-1.1897119395400756e-14	1.860417012702959e16
-1.1785931363668039e-14	1.3857877904223812e16
-1.1674743331935322e-14	1.8942398728503244e16
-1.1563555300202604e-14	2.0892917789380376e16
-1.1452367268469887e-14	1.5983568829008348e16
-1.134117923673717e-14	1.1080697758447034e16
-1.1229991205004451e-14	1.2991921215745708e16
-1.1118803173271735e-14	2.19253846995762e16
-1.1007615141539018e-14	3.342790434950805e16
-1.08964271098063e-14	4.1346311946506104e16
-1.0785239078073582e-14	4.0115650669705624e16
-1.0674051046340865e-14	2.998120598564239e16
-1.0562863014608148e-14	2.0283240411705784e16
-1.045167498287543e-14	2.2126142180391044e16
-1.0340486951142713e-14	3.5864572755713016e16
-1.0229298919409996e-14	4.954220253102374e16
-1.011811088767728e-14	5.141303327025662e16
-1.000692285594456e-14	4.10023535873997e16
-9.895734824211844e-15	2.6647142684938132e16
-9.784546792479127e-15	1.5836316991371166e16
-9.673358760746408e-15	1.0388061262215484e16
-9.562170729013692e-15	8.19656922682263e15
-9.450982697280975e-15	6.48297378179025e15
-9.339794665548258e-15	4.527954827871833e15
-9.22860663381554e-15	5.34750983183701e15
-9.117418602082822e-15	1.3347152664460602e16
-9.006230570350105e-15	2.821238999480846e16
-8.895042538617387e-15	4.2364088764987176e16
-8.78385450688467e-15	4.691833835370635e16
-8.672666475151953e-15	3.987192344798561e16
-8.561478443419236e-15	2.6916980297118096e16
-8.450290411686518e-15	1.5095677998869732e16
-8.339102379953801e-15	7.564481016190938e15
-8.227914348221084e-15	3.853194711463444e15
-8.116726316488367e-15	2.78062969273673e15
-8.005538284755649e-15	4.4537448208901105e15
-7.894350253022932e-15	1.0339011509788718e16
-7.783162221290215e-15	2.114803910294724e16
-7.671974189557496e-15	3.3794095128988616e16
-7.56078615782478e-15	4.150762619610014e16
-7.449598126092062e-15	3.9056684180846856e16
-7.338410094359346e-15	2.7931332086027744e16
-7.227222062626627e-15	1.4964111708331712e16
-7.11603403089391e-15	5.968095245307438e15
-7.0048459991611925e-15	2.059854453305994e15
-6.893657967428476e-15	1.735632684023984e15
-6.782469935695758e-15	4.4188263759527185e15
-6.671281903963041e-15	1.1271705606872502e16
-6.560093872230323e-15	2.3401365664664084e16
-6.4489058404976064e-15	3.908822233667473e16
-6.337717808764889e-15	5.198466891767494e16
-6.226529777032172e-15	5.3669959651031e16
-6.115341745299454e-15	4.1071621297666536e16
-6.0041537135667364e-15	2.141748196479012e16
-5.8929656818340195e-15	6.792244311313237e15
-5.781777650101302e-15	2.693603213710302e15
-5.670589618368585e-15	4.216080316268069e15
-5.559401586635867e-15	4.354675503854386e15
-5.44821355490315e-15	3.276660542917961e15
-5.337025523170433e-15	7.496531378986288e15
-5.225837491437715e-15	2.1780541050340224e16
-5.114649459704998e-15	4.349187410934819e16
-5.00346142797228e-15	6.321404286069466e16
-4.8922733962395635e-15	6.99991161663039e16
-4.781085364506846e-15	5.932465555725494e16
-4.669897332774129e-15	3.8863771539134664e16
-4.558709301041411e-15	2.390206527305007e16
-4.4475212693086935e-15	2.3000576400982076e16
-4.3363332375759766e-15	2.9135273838738348e16
-4.225145205843259e-15	2.8522034545425988e16
-4.113957174110542e-15	1.7268871337787164e16
-4.002769142377824e-15	5.188986361917812e15
-3.891581110645107e-15	3.2860197036140365e15
-3.78039307891239e-15	1.1926059292066698e16
-3.669205047179673e-15	2.2510521047346484e16
-3.558017015446955e-15	2.6926583290017948e16
-3.446828983714238e-15	2.3539136417927244e16
-3.3356409519815205e-15	1.7172018458198388e16
-3.2244529202488032e-15	1.5354953820932494e16
-3.113264888516086e-15	2.184288210931785e16
-3.0020768567833682e-15	3.162666431369729e16
-2.890888825050651e-15	3.485012372462877e16
-2.7797007933179336e-15	2.7915382895484264e16
-2.6685127615852163e-15	1.814839102497318e16
-2.557324729852499e-15	1.4857547329524578e16
-2.4461366981197817e-15	1.848869205751318e16
-2.3349486663870644e-15	2.233032469924456e16
-2.2237606346543467e-15	2.3046417422745576e16
-2.1125726029216294e-15	2.4937437535415984e16
-2.001384571188912e-15	3.3507296327660376e16
-1.890196539456195e-15	4.769144903725311e16
-1.7790085077234776e-15	5.875450704649344e16
-1.6678204759907603e-15	5.5940719803725e16
-1.556632444258043e-15	3.603884494889556e16
-1.4454444125253255e-15	1.0712469153895096e16
-1.3342563807926082e-15	9.350701925474006e14
-1.2230683490598909e-15	1.7229622721956456e16
-1.1118803173271734e-15	4.575993581302719e16
-1.000692285594456e-15	6.139091751292664e16
-8.895042538617388e-16	5.660686041021988e16
-7.783162221290215e-16	5.037899165185165e16
-6.671281903963041e-16	6.387152518497186e16
-5.559401586635867e-16	9.312058457371357e16
-4.447521269308694e-16	1.12398812557632e17
-3.3356409519815204e-16	1.0196081357198923e17
-2.223760634654347e-16	6.65329752798744e16
-1.1118803173271735e-16	2.7931351060219836e16
0.0	5.267559622279864e15
1.1118803173271735e-16	2.1895723687968938e15
2.223760634654347e-16	8.177697398204186e15
3.3356409519815204e-16	1.0909038759080164e16
4.447521269308694e-16	1.0010005058722638e16
5.559401586635867e-16	1.7671151864635096e16
6.671281903963041e-16	4.170147219567e16
7.783162221290215e-16	6.976396886322259e16
8.895042538617388e-16	7.782638330753114e16
1.000692285594456e-15	5.647893799910644e16
1.1118803173271734e-15	2.2824312371496624e16
1.2230683490598909e-15	2.351692128166717e15
1.3342563807926082e-15	3.3721590643185605e15
1.4454444125253255e-15	1.378501644159152e16
1.556632444258043e-15	1.9742325120254536e16
1.6678204759907603e-15	2.17347190893508e16
1.7790085077234776e-15	3.198286760021228e16
1.890196539456195e-15	5.8632020748876104e16
2.001384571188912e-15	9.26459038696915e16
2.1125726029216294e-15	1.106388271379647e17
2.2237606346543467e-15	9.495740929498814e16
2.3349486663870644e-15	5.371140403148939e16
2.4461366981197817e-15	1.648812691703112e16
2.557324729852499e-15	5.300962063839072e15
2.6685127615852163e-15	1.3310005918021962e16
2.7797007933179336e-15	1.8517735373687424e16
2.890888825050651e-15	1.5020774842640764e16
3.0020768567833682e-15	2.02106431389035e16
3.113264888516086e-15	4.872645701198225e16
3.2244529202488032e-15	8.848764438415651e16
3.3356409519815205e-15	1.0979958277538926e17
3.446828983714238e-15	9.539014341625178e16
3.558017015446955e-15	5.668864515764931e16
3.669205047179673e-15	2.1718428536244012e16
3.78039307891239e-15	9.761507788277104e15
3.891581110645107e-15	1.6754143829508092e16
4.002769142377824e-15	2.405595006773858e16
4.113957174110542e-15	2.260272083402201e16
4.225145205843259e-15	2.63917221385558e16
4.3363332375759766e-15	5.532454299890676e16
4.4475212693086935e-15	1.0353773114492234e17
4.558709301041411e-15	1.3506542910845174e17
4.669897332774129e-15	1.2014906367310669e17
4.781085364506846e-15	7.0629303309286344e16
4.8922733962395635e-15	2.8223801147314464e16
5.00346142797228e-15	1.877352071460611e16
5.114649459704998e-15	2.9492373230951388e16
5.225837491437715e-15	3.432129407933514e16
5.337025523170433e-15	3.0494474365294256e16
5.44821355490315e-15	4.0269883093308e16
5.559401586635867e-15	7.955692039036003e16
5.670589618368585e-15	1.329650956640396e17
5.781777650101302e-15	1.6307568181763552e17
5.8929656818340195e-15	1.446775093235161e17
6.0041537135667364e-15	9.087132940477674e16
6.115341745299454e-15	4.345867863272736e16
6.226529777032172e-15	3.2807202089528964e16
6.337717808764889e-15	4.849215045187214e16
6.4489058404976064e-15	5.753881110179694e16
6.560093872230323e-15	5.15170733951858e16
6.671281903963041e-15	6.088515786223979e16
6.782469935695758e-15	1.1198652146607645e17
6.893657967428476e-15	1.809885925448312e17
7.0048459991611925e-15	2.1032605098445802e17
7.11603403089391e-15	1.7263507113390176e17
7.227222062626627e-15	1.0247040899495923e17
7.338410094359346e-15	5.6983943763525416e16
7.449598126092062e-15	5.636883419703481e16
7.56078615782478e-15	7.416358427568672e16
7.671974189557496e-15	8.036303184945325e16
7.783162221290215e-15	8.011912435428326e16
7.894350253022932e-15	1.0455453193632478e17
8.005538284755649e-15	1.6755965566862992e17
8.116726316488367e-15	2.3783079192584966e17
8.227914348221084e-15	2.6036867760913203e17
8.339102379953801e-15	2.115234508161794e17
8.450290411686518e-15	1.2988719839004478e17
8.561478443419236e-15	8.15064932407951e16
8.672666475151953e-15	9.137484472668133e16
8.78385450688467e-15	1.2212528060955347e17
8.895042538617387e-15	1.295408505521091e17
9.006230570350105e-15	1.2437150953947667e17
9.117418602082822e-15	1.56160756137242e17
9.22860663381554e-15	2.376183399775787e17
9.339794665548258e-15	3.117605201146505e17
9.450982697280975e-15	3.103143300223901e17
9.562170729013692e-15	2.3171747719430726e17
9.673358760746408e-15	1.4262949755084918e17
9.784546792479127e-15	1.0538425717323938e17
9.895734824211844e-15	1.2041214664108186e17
1.000692285594456e-14	1.4370322730763488e17
1.011811088767728e-14	1.4723106537074912e17
1.0229298919409996e-14	1.4944354440706285e17
1.0340486951142713e-14	1.8582666557467523e17
1.045167498287543e-14	2.5649206389472826e17
1.0562863014608148e-14	3.11542967577921e17
1.0674051046340865e-14	2.963671538666179e17
1.0785239078073582e-14	2.125246644166046e17
1.08964271098063e-14	1.2382608479254248e17
1.1007615141539018e-14	9.271319197889285e16
1.1118803173271735e-14	1.1686753434413544e17
1.1229991205004451e-14	1.4269412444798386e17
1.134117923673717e-14	1.3876068336890722e17
1.1452367268469887e-14	1.3403641177957019e17
1.1563555300202604e-14	1.7128521588974256e17
1.1674743331935322e-14	2.3917363955044493e17
1.1785931363668039e-14	2.7508441150259392e17
1.1897119395400756e-14	2.364426143132761e17
1.2008307427133473e-14	1.5014549751905693e17
1.2119495458866191e-14	8.16238459122289e16
1.2230683490598908e-14	6.626741075210657e16
1.2341871522331625e-14	8.380440147943933e16
1.2453059554064344e-14	9.520418191620274e16
1.256424758579706e-14	8.993530838499749e16
1.2675435617529777e-14	9.081919528768838e16
1.2786623649262494e-14	1.1884065654816246e17
1.2897811680995213e-14	1.6193190807403702e17
1.300899971272793e-14	1.8228645643339904e17
1.3120187744460647e-14	1.5427689346929744e17
1.3231375776193364e-14	9.279593652224344e16
1.3342563807926082e-14	4.071360281985782e16
1.3453751839658799e-14	2.7220836391120504e16
1.3564939871391516e-14	4.191899222162975e16
1.3676127903124234e-14	5.309528041561959e16
1.3787315934856951e-14	4.774318628254661e16
1.3898503966589668e-14	4.525247407430484e16
1.4009691998322385e-14	6.899157409991618e16
1.4120880030055104e-14	1.1164442937524944e17
1.423206806178782e-14	1.3764733258221179e17
1.434325609352054e-14	1.207826714746937e17
1.4454444125253254e-14	7.298410995776848e16
1.4565632156985973e-14	3.161068393682657e16
1.467682018871869e-14	2.1084701411188984e16
1.4788008220451407e-14	3.2414203353819868e16
1.4899196252184125e-14	4.080356809298664e16
1.501038428391684e-14	3.76746139821075e16
1.512157231564956e-14	3.96472057284747e16
1.5232760347382277e-14	6.576640834584993e16
1.5343948379114993e-14	1.1029211603150509e17
1.545513641084771e-14	1.4244822454906072e17
1.556632444258043e-14	1.3490677444453792e17
1.5677512474313145e-14	9.191205145360738e16
1.5788700506045863e-14	4.704127093151411e16
1.5899888537778582e-14	3.1045934312616896e16
1.6011076569511297e-14	4.277666230083481e16
1.6122264601244016e-14	5.573947135092891e16
1.6233452632976734e-14	5.4109968199416616e16
1.634464066470945e-14	5.480242447471569e16
1.6455828696442168e-14	8.47375234314642e16
1.6567016728174883e-14	1.3842621790622203e17
1.6678204759907602e-14	1.7229911651332992e17
1.678939279164032e-14	1.5067677655396147e17
1.6900580823373036e-14	8.978049973974838e16
1.7011768855105754e-14	4.2355585454145544e16
1.7122956886838473e-14	3.902955718191672e16
1.7234144918571188e-14	5.921722060244623e16
1.7345332950303906e-14	6.640051714512542e16
1.7456520982036625e-14	5.865546520770435e16
1.756770901376934e-14	6.7566378876452376e16
1.767889704550206e-14	1.0948878741070874e17
1.7790085077234774e-14	1.5585721412280333e17
1.7901273108967492e-14	1.6212895110914624e17
1.801246114070021e-14	1.185016443524904e17
1.8123649172432926e-14	6.041602807555798e16
1.8234837204165645e-14	2.9415837047487572e16
1.8346025235898363e-14	3.3012977665731744e16
1.845721326763108e-14	4.687537511218388e16
1.8568401299363797e-14	4.958864999645587e16
1.8679589331096515e-14	4.645155172566795e16
1.879077736282923e-14	5.7702416878648e16
1.890196539456195e-14	8.897871998059365e16
1.9013153426294668e-14	1.1942044692056146e17
1.9124341458027383e-14	1.2086829886013696e17
1.92355294897601e-14	8.712005037883634e16
1.9346717521492817e-14	4.1674312310114264e16
1.9457905553225535e-14	1.5485649792916632e16
1.9569093584958254e-14	1.8056990757799996e16
1.968028161669097e-14	3.215792958706252e16
1.9791469648423688e-14	3.6959745799305144e16
1.9902657680156406e-14	3.3263200059937572e16
2.001384571188912e-14	4.168760280511959e16
2.012503374362184e-14	7.483804330325646e16
2.023622177535456e-14	1.155984071923686e17
2.0347409807087274e-14	1.2957237142945878e17
2.0458597838819992e-14	1.0127100067511621e17
2.056978587055271e-14	5.335534259439442e16
2.0680973902285426e-14	2.443893104522951e16
2.0792161934018145e-14	2.90510257508194e16
2.090334996575086e-14	4.638652753444866e16
2.1014537997483578e-14	5.098459870891046e16
2.1125726029216297e-14	4.677747128021576e16
2.1236914060949012e-14	6.100955297160515e16
2.134810209268173e-14	1.0494150123220746e17
2.145929012441445e-14	1.5141822734575677e17
2.1570478156147164e-14	1.5988036320988326e17
2.1681666187879883e-14	1.208234920115443e17
2.17928542196126e-14	6.716826977290499e16
2.1904042251345317e-14	3.944625360547381e16
2.2015230283078035e-14	4.581139489285859e16
2.212641831481075e-14	6.1628015968916936e16
2.223760634654347e-14	6.4999238307158184e16
2.2348794378276187e-14	6.3491975902309096e16
2.2459982410008903e-14	8.062866062887938e16
2.257117044174162e-14	1.201878810874882e17
2.268235847347434e-14	1.532390091817789e17
2.2793546505207055e-14	1.4614766317505312e17
2.2904734536939774e-14	9.858460181292742e16
2.3015922568672492e-14	4.663097203379201e16
2.3127110600405207e-14	2.565587318744033e16
2.3238298632137926e-14	3.5477343625905172e16
2.3349486663870644e-14	4.7953947629422e16
2.346067469560336e-14	4.516541518073655e16
2.3571862727336078e-14	3.899137497609666e16
2.3683050759068793e-14	4.8937127084856584e16
2.3794238790801512e-14	7.089644002566971e16
2.390542682253423e-14	8.007644883744482e16
2.4016614854266946e-14	6.2651421547292696e16
2.4127802885999664e-14	3.1856094445720764e16
2.4238990917732383e-14	9.230280612609858e15
2.4350178949465098e-14	9.916832563625216e14
2.4461366981197817e-14	2.1865119078508647e14
2.4572555012930535e-14	2.504077138047186e15
2.468374304466325e-14	7.363047514537947e15
2.479493107639597e-14	1.0867610652841862e16
2.4906119108128687e-14	1.4161298058794074e16
2.5017307139861403e-14	4.0064958704096e16
2.512849517159412e-14	1.227641077969248e17
2.5239683203326836e-14	2.7022859398850342e17
2.5350871235059555e-14	4.467381341476321e17
2.5462059266792273e-14	6.013330476742852e17
2.557324729852499e-14	7.033411509040471e17
2.5684435330257707e-14	7.409217836620545e17
2.5795623361990426e-14	7.025166968748165e17
2.590681139372314e-14	5.872757486199552e17
2.601799942545586e-14	4.321381882651428e17
2.6129187457188578e-14	2.996275150473901e17
2.6240375488921293e-14	2.2446136188006685e17
2.6351563520654012e-14	1.8764171680255597e17
2.6462751552386727e-14	1.5421590825485165e17
2.6573939584119446e-14	1.1925838464301275e17
2.6685127615852164e-14	9.96104657823636e16
2.679631564758488e-14	9.593423163772818e16
2.6907503679317598e-14	8.976905359067654e16
2.7018691711050316e-14	7.46319010951367e16
2.7129879742783032e-14	6.430850098905148e16
2.724106777451575e-14	6.596190918531235e16
2.735225580624847e-14	6.725259214598142e16
2.7463443837981184e-14	5.895156823743254e16
2.7574631869713902e-14	5.097849105278322e16
2.768581990144662e-14	5.3484102101384e16
2.7797007933179336e-14	5.818347460235198e16
2.7908195964912055e-14	5.372212278430426e16
2.801938399664477e-14	4.650011189710378e16
2.813057202837749e-14	4.873193483661517e16
2.8241760060110207e-14	5.573395043604302e16
2.8352948091842922e-14	5.440793575821017e16
