3.6312056737588646e-7	6.720811151971942e18
3.5555555555555553e-7	4.3567135635346094e18
3.482993197278911e-7	2.970634138573376e19
3.413333333333333e-7	3.674244801551137e19
3.34640522875817e-7	2.6102608645504885e19
3.282051282051282e-7	1.5670090917758441e19
3.2201257861635214e-7	1.3579111526053093e19
3.160493827160493e-7	1.8759642125634163e18
3.1030303030303027e-7	1.9566082709567613e18
3.047619047619047e-7	2.306488450478059e18
2.9941520467836257e-7	8.5976048710835e18
2.942528735632184e-7	4.5500336404996475e18
2.892655367231638e-7	7.772254464061839e18
2.844444444444444e-7	3.066274051128751e18
2.797814207650273e-7	3.624277172129687e18
2.7526881720430106e-7	8.68963305292896e18
2.7089947089947086e-7	1.9759528305217016e19
2.666666666666666e-7	5.003468890169435e19
2.6256410256410255e-7	5.629504711823316e19
2.585858585858586e-7	6.808619389832577e19
2.54726368159204e-7	7.0089768718172185e19
2.5098039215686275e-7	5.208769391984804e19
2.4734299516908207e-7	6.480118512049729e19
2.4380952380952376e-7	3.4283416547465236e19
2.4037558685446006e-7	1.193757098405138e19
2.37037037037037e-7	1.720032891436529e18
2.3378995433789952e-7	8.813872596811049e18
2.3063063063063062e-7	2.02846589907837e19
2.2755555555555555e-7	2.8416182938629018e19
2.245614035087719e-7	3.3978969903595356e19
2.2164502164502162e-7	3.404951346257348e19
2.1880341880341878e-7	2.8344901043545895e19
2.160337552742616e-7	1.2852505988328126e19
2.133333333333333e-7	3.0807678981396086e18
2.1069958847736624e-7	9.034333668803512e17
2.08130081300813e-7	4.797647864491139e17
2.0562248995983933e-7	1.35486251811362e18
2.0317460317460317e-7	4.98287975615402e17
2.0078431372549018e-7	4.6330069035055085e17
1.9844961240310076e-7	8.596212390399702e16
1.961685823754789e-7	3.9350583213765056e17
1.939393939393939e-7	1.1447580387767419e17
1.9176029962546815e-7	4.207916804301558e16
1.896296296296296e-7	1.95551228200782e17
1.8754578754578753e-7	7.571433712507627e15
1.8550724637681157e-7	3.0733662022463846e17
1.8351254480286738e-7	3.947067773034455e15
1.8156028368794323e-7	9.74149375649751e16
1.7964912280701754e-7	3.3004033552788436e16
1.7777777777777776e-7	2.86773880376439e16
1.7594501718213055e-7	2.9075660707603972e16
1.7414965986394556e-7	3.079646322642391e16
1.7239057239057235e-7	7.239667019738794e15
1.7066666666666666e-7	4.79196672046321e16
1.6897689768976896e-7	2.8530234455250735e15
1.673202614379085e-7	4.3080978516087416e16
1.656957928802589e-7	3.700267746676467e16
1.641025641025641e-7	1.18687328138103e16
1.6253968253968253e-7	4.781375134322042e16
1.6100628930817607e-7	1.736543295042709e16
1.5950155763239874e-7	1.1801256061065328e16
1.5802469135802466e-7	2.83855567840269e16
1.565749235474006e-7	1.5742545491464194e16
1.5515151515151514e-7	8.888276160594335e15
1.5375375375375375e-7	4.627135733770431e16
1.5238095238095236e-7	4.8294460892318475e14
1.510324483775811e-7	3.1905160001237624e16
1.4970760233918129e-7	2.331841965388575e15
1.4840579710144926e-7	1.488795628372158e16
1.471264367816092e-7	4.947943058183946e15
1.4586894586894585e-7	2.59466101313028e15
1.446327683615819e-7	5.378388215135129e15
1.434173669467787e-7	6.110693918834033e13
1.422222222222222e-7	6.164921643770055e15
1.4104683195592285e-7	4.4297873147195594e14
1.3989071038251365e-7	5.147027479649774e15
1.3875338753387534e-7	1.355668780818738e15
1.3763440860215053e-7	2.5669864185853685e15
1.3653333333333334e-7	2.1263210119713915e15
1.3544973544973543e-7	5.619319340149414e14
1.3438320209973753e-7	1.757033000919802e15
1.333333333333333e-7	6.395626823813884e13
1.3229974160206715e-7	1.1864934212378145e15
1.3128205128205127e-7	2.3841014771312044e14
1.302798982188295e-7	7.621212684228936e14
1.292929292929293e-7	5.229230645106894e14
1.2832080200501253e-7	5.4351440691562325e14
1.27363184079602e-7	5.328978908267252e14
1.2641975308641975e-7	3.3264659815690294e14
1.2549019607843138e-7	2.7172537579154866e14
1.2457420924574208e-7	1.0874431296442869e14
1.2367149758454104e-7	2.0197995500245162e14
1.2278177458033572e-7	1.5635919698897438e14
1.2190476190476188e-7	2.056456736940018e14
1.210401891252955e-7	1.4715700895766672e14
1.2018779342723003e-7	2.134393672156097e14
1.1934731934731933e-7	1.5042776765290306e14
1.185185185185185e-7	2.164770638120163e14
1.1770114942528734e-7	1.162889423186525e14
1.1689497716894976e-7	3.611002108165046e14
1.1609977324263038e-7	2.8245453924409816e13
1.1531531531531531e-7	1.7811063188417412e14
1.1454138702460848e-7	4.347915807928339e13
1.1377777777777777e-7	1.8450243706726728e14
1.1302428256070639e-7	2.0240883997785647e14
1.1228070175438595e-7	3.514779155542158e13
1.1154684095860565e-7	2.1200803911720772e14
1.1082251082251081e-7	5.351037129204184e13
1.1010752688172043e-7	7.98374345298693e13
1.0940170940170939e-7	1.1661168473142717e13
1.0870488322717621e-7	8.47197261380019e13
1.080168776371308e-7	3.2723180152354914e13
1.0733752620545073e-7	3.458051566140021e13
1.0666666666666666e-7	6.7115993363061375e13
1.0600414078674947e-7	9.85448528532912e12
1.0534979423868312e-7	9.832180907578261e13
1.0470347648261758e-7	2.041079137410056e13
1.040650406504065e-7	1.0281424745720228e14
1.0343434343434342e-7	2.9146177633639204e12
1.0281124497991966e-7	9.593335927692947e13
1.0219560878243514e-7	9.063175439652197e12
1.0158730158730159e-7	6.586616558912959e13
1.009861932938856e-7	2.5108733873481754e13
1.0039215686274509e-7	3.382754480587499e13
9.980506822612084e-8	3.6140351634200266e13
