3.6312056737588646e-7	5.890949046921954e18
3.5555555555555553e-7	2.1733849746092639e18
3.482993197278911e-7	1.3279362048759271e19
3.413333333333333e-7	2.027244575766905e19
3.34640522875817e-7	1.4011485855099605e19
3.282051282051282e-7	1.7820430771289815e19
3.2201257861635214e-7	9.266248908058733e18
3.160493827160493e-7	1.138703459269871e19
3.1030303030303027e-7	3.5551740511543732e16
3.047619047619047e-7	5.890984624117893e18
2.9941520467836257e-7	4.353760988421548e18
2.942528735632184e-7	5.628234073313517e18
2.892655367231638e-7	2.87469568260617e19
2.844444444444444e-7	9.821261347397865e18
2.797814207650273e-7	6.089559326208069e19
2.7526881720430106e-7	3.3216821726039306e19
2.7089947089947086e-7	3.4951858301741564e19
2.666666666666666e-7	2.2916675677746303e19
2.6256410256410255e-7	7.597102749702906e18
2.585858585858586e-7	1.4443488735832883e19
2.54726368159204e-7	5.031716364679828e19
2.5098039215686275e-7	3.44823995592574e19
2.4734299516908207e-7	7.804387405211126e18
2.4380952380952376e-7	2.0657159257106797e19
2.4037558685446006e-7	1.500410541413348e20
2.37037037037037e-7	2.8005295829257893e20
2.3378995433789952e-7	3.61957707261164e20
2.3063063063063062e-7	3.6459631610569595e20
2.2755555555555555e-7	3.340230985441624e20
2.245614035087719e-7	3.523653433073795e20
2.2164502164502162e-7	3.710649958155321e20
2.1880341880341878e-7	3.875294004661398e20
2.160337552742616e-7	3.467012662128831e20
2.133333333333333e-7	3.197591339301818e20
2.1069958847736624e-7	2.386450761283482e20
2.08130081300813e-7	1.7544703936852122e20
2.0562248995983933e-7	1.1459279132142892e20
2.0317460317460317e-7	5.438848181499071e19
2.0078431372549018e-7	2.9971190903916028e19
1.9844961240310076e-7	7.919789495571836e18
1.961685823754789e-7	1.5360288765435802e18
1.939393939393939e-7	2.5345216169826714e17
1.9176029962546815e-7	4.471752517376664e17
1.896296296296296e-7	4.733420831766719e17
1.8754578754578753e-7	2.5715952755939386e17
1.8550724637681157e-7	4.33909513164139e17
1.8351254480286738e-7	5.103821408559143e15
1.8156028368794323e-7	2.0944027229406397e17
1.7964912280701754e-7	1.734574427594635e16
1.7777777777777776e-7	2.2558194171761005e17
1.7594501718213055e-7	1.1099672354578483e17
1.7414965986394556e-7	9.597413731511718e16
1.7239057239057235e-7	5.097175236730018e16
1.7066666666666666e-7	3.2766114716936948e16
1.6897689768976896e-7	6.585315763384329e15
1.673202614379085e-7	2.8156735344360264e16
1.656957928802589e-7	2.4851090580634732e16
1.641025641025641e-7	3.5999150840751016e16
1.6253968253968253e-7	1.4371891100281846e16
1.6100628930817607e-7	4.247106957804367e16
1.5950155763239874e-7	1.0340465903816432e16
1.5802469135802466e-7	4.1478120193392056e16
1.565749235474006e-7	1.880925715803171e16
1.5515151515151514e-7	3.0077723783041576e16
1.5375375375375375e-7	2.5040933527892716e16
1.5238095238095236e-7	1.2662761949745782e17
1.510324483775811e-7	7.457962228262987e16
1.4970760233918129e-7	9.679474291238142e16
1.4840579710144926e-7	9.361984030798176e16
1.471264367816092e-7	6.0573986287152424e16
1.4586894586894585e-7	6.5261425514864296e16
1.446327683615819e-7	3.1880038077516296e16
1.434173669467787e-7	4.25635172195191e16
1.422222222222222e-7	8.115526255229842e15
1.4104683195592285e-7	2.146204316808571e16
1.3989071038251365e-7	2.8121926275001716e14
1.3875338753387534e-7	5.711512172846251e15
1.3763440860215053e-7	4.700880283637328e15
1.3653333333333334e-7	5.79131257614022e15
1.3544973544973543e-7	3.6659396767808465e15
1.3438320209973753e-7	1.2336157189168902e16
1.333333333333333e-7	4.351885273338429e14
1.3229974160206715e-7	5.945596884911934e15
1.3128205128205127e-7	8.60301480772305e14
1.302798982188295e-7	1.8350279942015915e15
1.292929292929293e-7	1.6627789669442748e15
1.2832080200501253e-7	9.557448720191774e14
1.27363184079602e-7	2.966991502835496e15
1.2641975308641975e-7	2.508085772510334e15
1.2549019607843138e-7	2.5562118520593265e15
1.2457420924574208e-7	2.4616330583640825e15
1.2367149758454104e-7	2.306598777331259e15
1.2278177458033572e-7	3.288942599061759e14
1.2190476190476188e-7	4.6941207230484225e14
1.210401891252955e-7	3.6776656825682055e15
1.2018779342723003e-7	1.6509216708120612e15
1.1934731934731933e-7	1.9151044542815808e15
1.185185185185185e-7	1.7878990850930238e15
1.1770114942528734e-7	7.136566662485805e14
1.1689497716894976e-7	1.0233814222590377e14
1.1609977324263038e-7	4.040477939970776e14
1.1531531531531531e-7	7.432256177858628e14
1.1454138702460848e-7	8.181177142421518e14
1.1377777777777777e-7	1.0817701392585362e14
1.1302428256070639e-7	1.904051070032587e13
1.1228070175438595e-7	2.7299111305510953e14
1.1154684095860565e-7	1.8484618700752822e14
1.1082251082251081e-7	5.760946878404871e14
1.1010752688172043e-7	2.1614289097751497e14
1.0940170940170939e-7	4.8072738113075444e14
1.0870488322717621e-7	5.914688328334094e13
1.080168776371308e-7	4.3107243206600975e14
1.0733752620545073e-7	4.2955865481626445e13
1.0666666666666666e-7	3.014719205289404e12
1.0600414078674947e-7	1.0997071075541134e14
1.0534979423868312e-7	1.2241178236604461e14
1.0470347648261758e-7	8.773912551140633e13
1.040650406504065e-7	5.8071490476396875e13
1.0343434343434342e-7	3.539057839913655e13
1.0281124497991966e-7	1.4353707463899262e14
1.0219560878243514e-7	8.324771179093726e14
1.0158730158730159e-7	1.2106379151485562e15
1.009861932938856e-7	1.7035703087647978e15
1.0039215686274509e-7	2.5662602229655305e15
9.980506822612084e-8	3.1451768997034725e15
