3.6312056737588646e-7	6.31965780050269e19
3.5555555555555553e-7	1.0594002074885382e19
3.482993197278911e-7	4.702121979243792e19
3.413333333333333e-7	4.292562429274687e19
3.34640522875817e-7	1.4577098988274963e20
3.282051282051282e-7	9.183310293403745e19
3.2201257861635214e-7	3.6939707139512684e20
3.160493827160493e-7	2.033098884978999e20
3.1030303030303027e-7	6.97071781898636e20
3.047619047619047e-7	6.653058846375515e20
2.9941520467836257e-7	1.4390967541523486e21
2.942528735632184e-7	1.9739173191800453e21
2.892655367231638e-7	3.1330100399766147e21
2.844444444444444e-7	3.326727689448055e21
2.797814207650273e-7	3.8938146713269415e21
2.7526881720430106e-7	5.709178164643634e21
2.7089947089947086e-7	6.449572337453412e21
2.666666666666666e-7	9.082616138479636e21
2.6256410256410255e-7	7.67299191445454e21
2.585858585858586e-7	7.087956338567962e21
2.54726368159204e-7	5.600955732475956e21
2.5098039215686275e-7	5.378051665415415e21
2.4734299516908207e-7	4.254844493777704e21
2.4380952380952376e-7	4.712567648891906e21
2.4037558685446006e-7	3.996023821362831e21
2.37037037037037e-7	4.5996383764399354e21
2.3378995433789952e-7	4.4994171073130324e21
2.3063063063063062e-7	4.395403640943646e21
2.2755555555555555e-7	3.795741386732753e21
2.245614035087719e-7	3.5094435667666985e21
2.2164502164502162e-7	2.5216902819922397e21
2.1880341880341878e-7	2.494231233080206e21
2.160337552742616e-7	1.4466057971491644e21
2.133333333333333e-7	1.4949008797985737e21
2.1069958847736624e-7	8.539051107816757e20
2.08130081300813e-7	7.79964150287832e20
2.0562248995983933e-7	6.065945013474634e20
2.0317460317460317e-7	4.1320204877179814e20
2.0078431372549018e-7	4.678676989659603e20
