3.6312056737588646e-7	2.9659665600183107e18
3.5555555555555553e-7	1.084769296308176e19
3.482993197278911e-7	1.9604958074878607e19
3.413333333333333e-7	5.632621922003478e19
3.34640522875817e-7	2.9904076111740068e19
3.282051282051282e-7	5.497640453167178e19
3.2201257861635214e-7	1.6828003430211903e19
3.160493827160493e-7	2.498803355509836e19
3.1030303030303027e-7	8.571193461023748e18
3.047619047619047e-7	2.442278510820098e18
2.9941520467836257e-7	1.9534325231044723e19
2.942528735632184e-7	2.1886868761085317e19
2.892655367231638e-7	2.1373369015862313e19
2.844444444444444e-7	1.914633678869195e19
2.797814207650273e-7	6.6614398396439e19
2.7526881720430106e-7	8.149642859848824e19
2.7089947089947086e-7	2.1388425740602166e20
2.666666666666666e-7	3.8945504463409336e20
2.6256410256410255e-7	5.0114796110775845e20
2.585858585858586e-7	6.992685301962983e20
2.54726368159204e-7	6.263508425484455e20
2.5098039215686275e-7	5.802598383727244e20
2.4734299516908207e-7	6.735040717438578e20
2.4380952380952376e-7	5.749450245826815e20
2.4037558685446006e-7	8.070661152134096e20
2.37037037037037e-7	7.44552720745086e20
2.3378995433789952e-7	9.600254722891167e20
2.3063063063063062e-7	1.1108145986551137e21
2.2755555555555555e-7	1.1663015498518567e21
2.245614035087719e-7	1.2091350891417337e21
2.2164502164502162e-7	1.0103699113551002e21
2.1880341880341878e-7	8.555782489616227e20
2.160337552742616e-7	6.230860358318512e20
2.133333333333333e-7	4.4714512090566446e20
2.1069958847736624e-7	3.0735129134997085e20
2.08130081300813e-7	1.860962200552747e20
2.0562248995983933e-7	1.2064383063251196e20
2.0317460317460317e-7	6.099619951980022e19
2.0078431372549018e-7	3.832676940619626e19
1.9844961240310076e-7	1.7450467622145526e19
1.961685823754789e-7	1.0685698909788926e19
1.939393939393939e-7	5.396407077826415e18
1.9176029962546815e-7	2.383740573753315e18
1.896296296296296e-7	1.6522579088054487e18
1.8754578754578753e-7	3.870803905512425e17
1.8550724637681157e-7	6.917216284023937e17
1.8351254480286738e-7	2.1000211097610074e17
1.8156028368794323e-7	4.053147412171649e17
1.7964912280701754e-7	1.5704830106013552e17
1.7777777777777776e-7	1.3254325171383878e16
1.7594501718213055e-7	1.446310865722112e17
1.7414965986394556e-7	4.639932594435517e16
1.7239057239057235e-7	2.3631852478409418e17
1.7066666666666666e-7	3.445201974818732e16
1.6897689768976896e-7	1.2295482823664896e17
1.673202614379085e-7	8.0394471411927e16
1.656957928802589e-7	2.2086389435311105e15
1.641025641025641e-7	2.55548905992346e16
1.6253968253968253e-7	1.3242912770492058e17
1.6100628930817607e-7	1.3296543509813173e17
1.5950155763239874e-7	2.620148663701133e17
1.5802469135802466e-7	7.435962960951915e16
1.565749235474006e-7	1.7674775843085472e17
1.5515151515151514e-7	1.6397813565716662e17
1.5375375375375375e-7	2.206866574288566e17
1.5238095238095236e-7	1.8414401637075117e17
1.510324483775811e-7	4.0471530077213376e17
1.4970760233918129e-7	2.6269164897238787e17
1.4840579710144926e-7	2.099225515428655e17
1.471264367816092e-7	3.874064633086459e17
1.4586894586894585e-7	2.497547574739266e17
1.446327683615819e-7	4.596736857059609e17
1.434173669467787e-7	3.0441439117658323e17
1.422222222222222e-7	4.192665948349568e17
1.4104683195592285e-7	2.4351853218774838e17
1.3989071038251365e-7	1.8719855344174883e17
1.3875338753387534e-7	1.8097477869615526e17
1.3763440860215053e-7	1.4281210227901504e17
1.3653333333333334e-7	9.922322364941558e16
1.3544973544973543e-7	1.9725782416343268e16
1.3438320209973753e-7	5.0439262993278e16
1.333333333333333e-7	1.6334624237110185e15
1.3229974160206715e-7	1.1838337979634486e16
1.3128205128205127e-7	6.683571251562588e14
1.302798982188295e-7	2.681855909626197e15
1.292929292929293e-7	1.1039689563901498e15
1.2832080200501253e-7	2.1244062634672518e15
1.27363184079602e-7	1.5802679429571015e15
1.2641975308641975e-7	1.7210995284666455e15
1.2549019607843138e-7	1.8917319588006045e15
1.2457420924574208e-7	7.734727031382256e14
1.2367149758454104e-7	1.5353462586721825e15
1.2278177458033572e-7	6.045284179393338e14
1.2190476190476188e-7	9.912950120219738e14
1.210401891252955e-7	8.420323758941848e14
1.2018779342723003e-7	4.058957395478106e14
1.1934731934731933e-7	2.2709972171535062e14
1.185185185185185e-7	4.2063607956159775e14
1.1770114942528734e-7	6.630270770065714e14
1.1689497716894976e-7	6.520902526592398e14
1.1609977324263038e-7	1.1907437326967972e15
1.1531531531531531e-7	1.0082295947231924e15
1.1454138702460848e-7	2.890606629356419e14
1.1377777777777777e-7	3.313168955484485e14
1.1302428256070639e-7	2.0458601535038012e14
1.1228070175438595e-7	1.0494494370516059e15
1.1154684095860565e-7	4.4272905551029e14
1.1082251082251081e-7	5.980514670043966e14
1.1010752688172043e-7	6.737008667098574e14
1.0940170940170939e-7	4.801254512436445e14
1.0870488322717621e-7	5.620185667401766e14
1.080168776371308e-7	1.3854109476921919e14
1.0733752620545073e-7	2.786771748098039e14
1.0666666666666666e-7	4.5165871252198744e14
1.0600414078674947e-7	1.2456679071471254e13
1.0534979423868312e-7	5.748423147480411e14
1.0470347648261758e-7	2.3346725786891793e13
1.040650406504065e-7	4.7190863951629344e14
1.0343434343434342e-7	3.66778293959966e13
1.0281124497991966e-7	3.165722657718465e14
1.0219560878243514e-7	1.2151153989765733e14
1.0158730158730159e-7	3.906106033325166e14
1.009861932938856e-7	1.3622671273040377e14
1.0039215686274509e-7	4.2532202889677e14
9.980506822612084e-8	2.3707144309925928e14
