3.6312056737588646e-7	5.823836347327473e18
3.5555555555555553e-7	1.6941563880385225e19
3.482993197278911e-7	4.067630750332982e18
3.413333333333333e-7	1.4663334557908445e19
3.34640522875817e-7	1.1211311277519307e19
3.282051282051282e-7	2.039681519864832e19
3.2201257861635214e-7	1.9180021401842704e19
3.160493827160493e-7	1.6196137655151456e19
3.1030303030303027e-7	2.9170673709533635e18
3.047619047619047e-7	3.824397639669587e18
2.9941520467836257e-7	3.929514969815824e17
2.942528735632184e-7	1.3053645946588946e18
2.892655367231638e-7	1.9146691178359665e19
2.844444444444444e-7	7.735133561667554e18
2.797814207650273e-7	5.348667456313274e19
2.7526881720430106e-7	2.8974541223706055e19
2.7089947089947086e-7	4.237369407387331e19
2.666666666666666e-7	2.8172860935529857e19
2.6256410256410255e-7	2.6679595834448617e19
2.585858585858586e-7	3.090015415029496e19
2.54726368159204e-7	4.751703888613807e19
2.5098039215686275e-7	1.804483986751489e19
2.4734299516908207e-7	2.745203130987313e18
2.4380952380952376e-7	1.0776193333091174e20
2.4037558685446006e-7	4.409222844995397e20
2.37037037037037e-7	7.52951300352506e20
2.3378995433789952e-7	9.03272499639497e20
2.3063063063063062e-7	8.665716067843058e20
2.2755555555555555e-7	6.249634115220065e20
2.245614035087719e-7	4.9730509486644455e20
2.2164502164502162e-7	3.722162572120928e20
2.1880341880341878e-7	3.144605552379847e20
2.160337552742616e-7	2.5041202003840257e20
2.133333333333333e-7	2.1449860659611923e20
2.1069958847736624e-7	1.7607060662252277e20
2.08130081300813e-7	1.411293994599986e20
2.0562248995983933e-7	1.1757006803199279e20
2.0317460317460317e-7	7.837969899103809e19
2.0078431372549018e-7	6.098146511396933e19
1.9844961240310076e-7	3.362740787370305e19
1.961685823754789e-7	2.1000749850486673e19
1.939393939393939e-7	1.088389099899353e19
1.9176029962546815e-7	4.4123815181129907e18
1.896296296296296e-7	2.392371120913602e18
1.8754578754578753e-7	6.327246547439223e17
1.8550724637681157e-7	8.920101084741256e16
1.8351254480286738e-7	6.331673719739658e16
1.8156028368794323e-7	3.815777197071891e17
1.7964912280701754e-7	1.4811841236617235e17
1.7777777777777776e-7	5.110670807573883e17
1.7594501718213055e-7	2.2464779670394358e17
1.7414965986394556e-7	4.3352173355090696e16
1.7239057239057235e-7	1.7857263598937517e17
1.7066666666666666e-7	4.210523594417734e16
1.6897689768976896e-7	9.652694848335142e16
1.673202614379085e-7	3.1330228304335496e16
1.656957928802589e-7	5.87504474158476e16
1.641025641025641e-7	7.003885301768714e16
1.6253968253968253e-7	2.431081575752893e15
1.6100628930817607e-7	8.42478154896165e16
1.5950155763239874e-7	2.3165596015093756e16
1.5802469135802466e-7	9.754924032647198e15
1.565749235474006e-7	2.1143150066594004e16
1.5515151515151514e-7	4.0496862903071936e17
1.5375375375375375e-7	3.754905600213373e17
1.5238095238095236e-7	3.166460706416128e17
1.510324483775811e-7	2.035406430982323e17
1.4970760233918129e-7	5.695843132874116e17
1.4840579710144926e-7	7.711265368982008e17
1.471264367816092e-7	8.104831145773427e17
1.4586894586894585e-7	4.58305241692913e17
1.446327683615819e-7	1.0531668031737439e18
1.434173669467787e-7	4.404280810377346e17
1.422222222222222e-7	8.665834997643869e16
1.4104683195592285e-7	1.3023578712437738e17
1.3989071038251365e-7	6.014046006318747e17
1.3875338753387534e-7	2.324580692868384e17
1.3763440860215053e-7	2.225569387466605e16
1.3653333333333334e-7	2.0074674557770307e17
1.3544973544973543e-7	8.577883557772405e16
1.3438320209973753e-7	7.112312281803875e15
1.333333333333333e-7	1.1233903072857978e17
1.3229974160206715e-7	4.010100375259684e16
1.3128205128205127e-7	4.732131059848272e16
1.302798982188295e-7	6.275437299467424e16
1.292929292929293e-7	1.4290604868788404e16
1.2832080200501253e-7	1.891438405604166e16
1.27363184079602e-7	5.826264114310807e15
1.2641975308641975e-7	7.68611264829928e15
1.2549019607843138e-7	2.3844122975327205e15
1.2457420924574208e-7	3.7632738033989715e15
1.2367149758454104e-7	5.59838640967352e15
1.2278177458033572e-7	5.566572025794001e14
1.2190476190476188e-7	4.6200454276622e15
1.210401891252955e-7	2.847647177376782e15
1.2018779342723003e-7	8.054548825337446e14
1.1934731934731933e-7	1.0928101132355465e15
1.185185185185185e-7	3.665225975283213e15
1.1770114942528734e-7	1.8683844745438398e15
1.1689497716894976e-7	1.19317461387388e14
1.1609977324263038e-7	7.675075852256565e14
1.1531531531531531e-7	1.5805992520375908e15
1.1454138702460848e-7	1.7865133898949692e15
1.1377777777777777e-7	1.9991287483137508e15
1.1302428256070639e-7	8.32745340448473e14
1.1228070175438595e-7	1.3964713593079832e15
1.1154684095860565e-7	2.962686639778349e14
1.1082251082251081e-7	1.0756098522212095e15
1.1010752688172043e-7	1.9788889994315912e14
1.0940170940170939e-7	1.0371684040274508e15
1.0870488322717621e-7	2.95514595826186e14
1.080168776371308e-7	9.649772534671338e14
1.0733752620545073e-7	3.8532066293051406e14
1.0666666666666666e-7	7.894746393477362e14
1.0600414078674947e-7	3.4578252698897444e14
1.0534979423868312e-7	6.144298775132732e14
1.0470347648261758e-7	2.2912274878042516e14
1.040650406504065e-7	4.5418736895262325e14
1.0343434343434342e-7	1.3191810964729438e14
1.0281124497991966e-7	3.645527060567545e14
1.0219560878243514e-7	1.7847949867662872e14
1.0158730158730159e-7	2.1265384178308388e14
1.009861932938856e-7	2.7908776836158862e14
1.0039215686274509e-7	6.6640762594374875e13
9.980506822612084e-8	2.6999775500080528e14
