3.6312056737588646e-7	4.774869718605293e20
3.5555555555555553e-7	2.850608652822647e19
3.482993197278911e-7	3.4670344447307776e20
3.413333333333333e-7	2.122582010753547e20
3.34640522875817e-7	1.977062446952046e20
3.282051282051282e-7	6.438111508439752e20
3.2201257861635214e-7	8.748866550475771e19
3.160493827160493e-7	1.1745408615484038e21
3.1030303030303027e-7	1.8918471451516367e21
3.047619047619047e-7	1.0692300100546859e21
2.9941520467836257e-7	2.148115901183917e21
2.942528735632184e-7	1.938004944979449e21
2.892655367231638e-7	2.4797328542813943e20
2.844444444444444e-7	1.3478819855301547e21
2.797814207650273e-7	1.6901231584599946e21
2.7526881720430106e-7	7.54754863130648e20
2.7089947089947086e-7	9.180718073361712e20
2.666666666666666e-7	1.1116465082256224e21
2.6256410256410255e-7	5.987278903851153e20
2.585858585858586e-7	2.132289540793025e19
2.54726368159204e-7	9.29775557097292e20
2.5098039215686275e-7	1.3357639542833412e21
2.4734299516908207e-7	4.6997419042882375e20
2.4380952380952376e-7	6.119617894631354e20
2.4037558685446006e-7	1.1403676493678475e21
2.37037037037037e-7	7.650682574246926e20
2.3378995433789952e-7	2.440033957041318e20
2.3063063063063062e-7	6.566652414888087e20
2.2755555555555555e-7	1.9905853984494694e21
2.245614035087719e-7	1.185597529999636e21
2.2164502164502162e-7	2.0933149857096097e21
2.1880341880341878e-7	2.2496068628531152e21
2.160337552742616e-7	1.005164810565571e21
2.133333333333333e-7	1.0854989057452055e21
2.1069958847736624e-7	1.4516825823678512e21
2.08130081300813e-7	7.599651173083594e20
2.0562248995983933e-7	7.574742015960277e20
2.0317460317460317e-7	1.0243742021025606e21
2.0078431372549018e-7	3.9574768474665314e20
1.9844961240310076e-7	3.719191356923395e20
1.961685823754789e-7	5.116293450283297e20
1.939393939393939e-7	3.0469083737111226e20
1.9176029962546815e-7	9.206916494795234e19
1.896296296296296e-7	1.6569559937982146e20
1.8754578754578753e-7	8.296551963176033e19
1.8550724637681157e-7	4.281985955969392e19
1.8351254480286738e-7	9.870681284083737e19
1.8156028368794323e-7	2.54972700382139e20
1.7964912280701754e-7	1.91764067563825e20
1.7777777777777776e-7	9.600076862819793e19
1.7594501718213055e-7	2.081386491970901e20
1.7414965986394556e-7	1.3012991961125647e20
1.7239057239057235e-7	6.552047343702947e19
1.7066666666666666e-7	7.588544642043163e19
1.6897689768976896e-7	1.9855881677997818e20
1.673202614379085e-7	1.7229122637655176e20
1.656957928802589e-7	1.531353723165155e20
1.641025641025641e-7	2.2597181980565e20
1.6253968253968253e-7	2.3017205993095686e20
1.6100628930817607e-7	1.3715216221774556e20
1.5950155763239874e-7	2.4301777477299428e20
1.5802469135802466e-7	2.330178144289526e20
1.565749235474006e-7	1.7480144765144773e20
1.5515151515151514e-7	1.3927936392776997e20
1.5375375375375375e-7	1.5489942623418407e20
1.5238095238095236e-7	6.9312219503204655e19
1.510324483775811e-7	2.0379008271542784e19
1.4970760233918129e-7	9.931599591654156e18
1.4840579710144926e-7	9.902367797011399e18
1.471264367816092e-7	9.823373627183707e16
1.4586894586894585e-7	5.189835082599199e18
1.446327683615819e-7	7.850782418637078e18
1.434173669467787e-7	8.582626902448105e17
1.422222222222222e-7	5.158653249716118e18
1.4104683195592285e-7	5.328824489399499e18
1.3989071038251365e-7	2.214803659717864e18
1.3875338753387534e-7	8.884336257431035e18
1.3763440860215053e-7	2.756231593195209e18
1.3653333333333334e-7	2.17254797545962e18
1.3544973544973543e-7	1.9249370991557538e19
1.3438320209973753e-7	1.2767512192952455e19
1.333333333333333e-7	5.104595259980607e18
1.3229974160206715e-7	1.1911804541800653e18
1.3128205128205127e-7	1.3264747465554202e17
1.302798982188295e-7	5.159393917087688e18
1.292929292929293e-7	1.0898783126394268e19
1.2832080200501253e-7	2.0344129980738115e18
1.27363184079602e-7	2.5223610808817336e18
1.2641975308641975e-7	7.641779752361168e18
1.2549019607843138e-7	2.6351232592224686e18
1.2457420924574208e-7	2.1065706988430382e18
1.2367149758454104e-7	3.6636791295803756e18
1.2278177458033572e-7	2.3064816706477363e18
1.2190476190476188e-7	1.043483432511035e18
1.210401891252955e-7	2.7146026095492475e18
1.2018779342723003e-7	6.156338931483846e17
1.1934731934731933e-7	1.177393883798043e18
1.185185185185185e-7	4.7096322758098426e17
1.1770114942528734e-7	4.4619471421723994e17
1.1689497716894976e-7	9.52307321691531e17
1.1609977324263038e-7	1.170336915327036e18
1.1531531531531531e-7	1.9789831067313836e18
1.1454138702460848e-7	8.731634809878454e17
1.1377777777777777e-7	3.024767327479556e17
1.1302428256070639e-7	1.2337672541396582e17
1.1228070175438595e-7	6.810330539863665e17
1.1154684095860565e-7	1.2532474160454866e17
1.1082251082251081e-7	8.28399628288339e16
1.1010752688172043e-7	1.3157965051041325e17
1.0940170940170939e-7	2.286117610430942e16
1.0870488322717621e-7	5.661085356492853e16
1.080168776371308e-7	5.041843494454974e16
1.0733752620545073e-7	3.181028382284335e16
1.0666666666666666e-7	2.8916803246405092e16
1.0600414078674947e-7	1.050336059695113e16
1.0534979423868312e-7	4.472820262936064e15
1.0470347648261758e-7	9.319672025752038e15
1.040650406504065e-7	1.5885893759781438e15
1.0343434343434342e-7	1.950629097662666e16
1.0281124497991966e-7	8.379849435119408e15
1.0219560878243514e-7	1.985380660354174e16
1.0158730158730159e-7	1.1123458961380448e16
1.009861932938856e-7	1.2320015864248392e16
1.0039215686274509e-7	1.2158235988751562e16
9.980506822612084e-8	6.109518672163391e15
