3.6312056737588646e-7	4.222915081987284e19
3.5555555555555553e-7	1.7288647737450586e19
3.482993197278911e-7	1.9887437764620976e19
3.413333333333333e-7	4.315438338642825e18
3.34640522875817e-7	1.380185188995222e19
3.282051282051282e-7	9.565173332103502e18
3.2201257861635214e-7	6.758306026699603e18
3.160493827160493e-7	8.22634214427804e18
3.1030303030303027e-7	7.39086765639212e18
3.047619047619047e-7	5.273549584480504e18
2.9941520467836257e-7	5.232516070771728e18
2.942528735632184e-7	4.5139251689058954e18
2.892655367231638e-7	1.6331160698443238e18
2.844444444444444e-7	5.556749461120707e18
2.797814207650273e-7	1.2234767494120421e17
2.7526881720430106e-7	1.1058082955365888e19
2.7089947089947086e-7	5.707203021066026e18
2.666666666666666e-7	3.3938899352082506e19
2.6256410256410255e-7	3.1829828515786514e19
2.585858585858586e-7	7.09552358716989e19
2.54726368159204e-7	5.5738068008010826e19
2.5098039215686275e-7	6.886763603747273e19
2.4734299516908207e-7	3.718427618689692e19
2.4380952380952376e-7	1.9404211434178343e19
2.4037558685446006e-7	4.2741765778680187e18
2.37037037037037e-7	7.9163385882367e17
2.3378995433789952e-7	3.6469459018819625e18
2.3063063063063062e-7	1.2372092565391098e19
2.2755555555555555e-7	7.785902307995249e18
2.245614035087719e-7	1.3090982437884471e19
2.2164502164502162e-7	4.839367393578887e18
2.1880341880341878e-7	5.596207726196836e18
2.160337552742616e-7	1.4794841292644662e18
2.133333333333333e-7	1.3243375241908032e18
2.1069958847736624e-7	4.822477998647615e17
2.08130081300813e-7	2.499600730024746e17
2.0562248995983933e-7	4.257971710338639e17
2.0317460317460317e-7	7.213122513572296e16
2.0078431372549018e-7	2.4946668089199277e17
1.9844961240310076e-7	3.091109723401656e16
1.961685823754789e-7	6.306325460059121e16
1.939393939393939e-7	1.7990220150709495e15
1.9176029962546815e-7	3.972592119429705e15
1.896296296296296e-7	3.700919469681534e16
1.8754578754578753e-7	9.06386646554837e15
1.8550724637681157e-7	6.336060792749761e16
1.8351254480286738e-7	1.178917478177294e16
1.8156028368794323e-7	2.831862241551273e16
1.7964912280701754e-7	2.419784681574386e15
1.7777777777777776e-7	4.1654577388232285e15
1.7594501718213055e-7	4.14596559921162e15
1.7414965986394556e-7	1.351241141080685e16
1.7239057239057235e-7	1.1362002653003504e16
1.7066666666666666e-7	1.2334488878020242e16
1.6897689768976896e-7	5.494524682236992e15
1.673202614379085e-7	1.4615264582415668e15
1.656957928802589e-7	4.5210029139027575e14
1.641025641025641e-7	4.4908974412235995e15
1.6253968253968253e-7	1.0410415321166754e16
1.6100628930817607e-7	6.455758215545273e15
1.5950155763239874e-7	1.5857427478802546e16
1.5802469135802466e-7	2.805127897214945e14
1.565749235474006e-7	5.828063602936508e15
1.5515151515151514e-7	4.083492388930641e15
1.5375375375375375e-7	7.002912834927367e13
1.5238095238095236e-7	7.968012207783617e15
1.510324483775811e-7	2.2229878581935372e15
1.4970760233918129e-7	5.764598363468876e15
1.4840579710144926e-7	4.3391330580830015e15
1.471264367816092e-7	4.865146780452927e15
1.4586894586894585e-7	1.846747441403408e16
1.446327683615819e-7	3.919372880875593e15
1.434173669467787e-7	2.0134677424442676e16
1.422222222222222e-7	6.157199359829534e15
1.4104683195592285e-7	7.516779784452848e15
1.3989071038251365e-7	3.6714398916919225e15
1.3875338753387534e-7	8.368641966023047e15
1.3763440860215053e-7	3.9901779016352275e14
1.3653333333333334e-7	6.206285572203107e15
1.3544973544973543e-7	7.455055426933514e12
1.3438320209973753e-7	1.2435165440136382e15
1.333333333333333e-7	6.737028350903245e14
1.3229974160206715e-7	1.6237837544706488e15
1.3128205128205127e-7	6.075738639198782e14
1.302798982188295e-7	1.9377816122819553e14
1.292929292929293e-7	4.747851807698546e14
1.2832080200501253e-7	1.0161525412746468e15
1.27363184079602e-7	1.4081261600562188e15
1.2641975308641975e-7	7.170076171761131e14
1.2549019607843138e-7	2.5147814340847225e14
1.2457420924574208e-7	5.208797479304712e14
1.2367149758454104e-7	8.74029283194089e14
1.2278177458033572e-7	3.6397960841506694e14
1.2190476190476188e-7	4.232651411171628e13
1.210401891252955e-7	4.7196555740045625e14
1.2018779342723003e-7	6.515034034711716e14
1.1934731934731933e-7	1.8616676851692738e14
1.185185185185185e-7	2.1387871203364656e14
1.1770114942528734e-7	7.748006573515919e14
1.1689497716894976e-7	4.424956672792192e14
1.1609977324263038e-7	6.600071840858318e13
1.1531531531531531e-7	4.9120761698268394e14
1.1454138702460848e-7	2.7800948486702725e14
1.1377777777777777e-7	5.366006927638688e13
1.1302428256070639e-7	4.889863966236862e14
1.1228070175438595e-7	3.346933752833102e13
1.1154684095860565e-7	4.348770294781186e14
1.1082251082251081e-7	2.6783192423341666e14
1.1010752688172043e-7	2.6131303042956094e14
1.0940170940170939e-7	4.83647383117466e14
1.0870488322717621e-7	9.794874865352739e13
1.080168776371308e-7	2.541964277004932e14
1.0733752620545073e-7	3.446481747139017e14
1.0666666666666666e-7	8.255884483968397e13
1.0600414078674947e-7	5.556067629091394e14
1.0534979423868312e-7	5.0396798850445075e14
1.0470347648261758e-7	1.5213666386108256e14
1.040650406504065e-7	1.784871186075221e15
1.0343434343434342e-7	9.313080558662435e14
1.0281124497991966e-7	2.3889690168314605e15
1.0219560878243514e-7	1.7302448734854092e13
1.0158730158730159e-7	7.307968217968888e14
1.009861932938856e-7	9.613842932456147e13
1.0039215686274509e-7	2.119803354529347e14
9.980506822612084e-8	3.384002550081541e14
