3.6312056737588646e-7	3.011338751552664e20
3.5555555555555553e-7	6.673633075377959e19
3.482993197278911e-7	2.2984392044342988e20
3.413333333333333e-7	8.547565671353126e19
3.34640522875817e-7	3.2619537847581164e19
3.282051282051282e-7	2.2272303749315502e19
3.2201257861635214e-7	8.604183636582316e19
3.160493827160493e-7	3.1877027858369085e19
3.1030303030303027e-7	1.4755753620330981e20
3.047619047619047e-7	3.667606444918025e20
2.9941520467836257e-7	3.1417594186836746e19
2.942528735632184e-7	5.8029970417357016e20
2.892655367231638e-7	3.596888946008312e20
2.844444444444444e-7	5.1717109502317416e20
2.797814207650273e-7	7.90077365628517e20
2.7526881720430106e-7	1.5201640671175996e21
2.7089947089947086e-7	1.611089489640804e21
2.666666666666666e-7	2.508936731058883e21
2.6256410256410255e-7	3.3389577318621077e21
2.585858585858586e-7	2.4363339075033235e21
2.54726368159204e-7	4.360503762961728e21
2.5098039215686275e-7	4.4138362478022775e21
2.4734299516908207e-7	5.871215374388454e21
2.4380952380952376e-7	7.372245450422962e21
2.4037558685446006e-7	8.231879001256407e21
2.37037037037037e-7	5.775322464257756e21
2.3378995433789952e-7	5.745526508612582e21
2.3063063063063062e-7	2.940378626174562e21
2.2755555555555555e-7	1.7953980196972777e21
2.245614035087719e-7	1.6066335922953118e21
2.2164502164502162e-7	1.0434899935924092e21
2.1880341880341878e-7	1.6661906033377783e21
2.160337552742616e-7	2.1967142824456545e21
2.133333333333333e-7	2.387139750811532e21
2.1069958847736624e-7	2.3611720329014857e21
2.08130081300813e-7	2.443023765896509e21
2.0562248995983933e-7	1.4721050191155794e21
2.0317460317460317e-7	1.7377204611873075e21
2.0078431372549018e-7	7.821450491870662e20
1.9844961240310076e-7	8.023291094492552e20
1.961685823754789e-7	4.4090136548303707e20
1.939393939393939e-7	2.469672041630422e20
1.9176029962546815e-7	2.1946256467409866e20
1.896296296296296e-7	9.670284152025578e19
1.8754578754578753e-7	6.093662408862121e19
1.8550724637681157e-7	6.9054959230041645e19
1.8351254480286738e-7	5.167704889891928e18
1.8156028368794323e-7	2.617064920240781e19
1.7964912280701754e-7	1.6715667113640847e18
1.7777777777777776e-7	1.4680605483355325e18
1.7594501718213055e-7	7.391727123838808e18
1.7414965986394556e-7	2.5110747054045435e18
1.7239057239057235e-7	8.95647750730083e18
1.7066666666666666e-7	8.697552280352586e18
1.6897689768976896e-7	1.1865978974251668e18
1.673202614379085e-7	4.958751950387417e18
1.656957928802589e-7	5.2617378461979565e17
1.641025641025641e-7	3.5889409320647393e18
1.6253968253968253e-7	4.105005680222244e17
1.6100628930817607e-7	7.661886939890018e18
1.5950155763239874e-7	1.2482357249812873e19
1.5802469135802466e-7	8.487748976853561e18
1.565749235474006e-7	2.496410434635114e19
1.5515151515151514e-7	2.6978095177903215e19
1.5375375375375375e-7	4.562455660551577e19
1.5238095238095236e-7	2.470943305917163e19
1.510324483775811e-7	5.422776770470476e19
1.4970760233918129e-7	2.209917704156074e19
1.4840579710144926e-7	1.939521980645877e19
1.471264367816092e-7	5.352539346184245e18
1.4586894586894585e-7	6.671711155975658e18
1.446327683615819e-7	1.522279438425592e19
1.434173669467787e-7	1.5866131235915915e19
1.422222222222222e-7	4.95422591795364e19
1.4104683195592285e-7	4.722958005559668e19
1.3989071038251365e-7	4.904842527674172e19
1.3875338753387534e-7	2.5271241811988247e19
1.3763440860215053e-7	2.362663735440179e19
1.3653333333333334e-7	3.904745570644655e18
1.3544973544973543e-7	4.707872843187434e18
1.3438320209973753e-7	4.359264677479472e18
1.333333333333333e-7	1.4688476468216046e19
1.3229974160206715e-7	8.077997470859103e18
1.3128205128205127e-7	6.853695713184767e18
1.302798982188295e-7	1.5820912324819732e18
1.292929292929293e-7	2.5344200354416727e18
1.2832080200501253e-7	1.6217063438975101e18
1.27363184079602e-7	1.4343802487946289e18
1.2641975308641975e-7	2.4612448817625974e18
1.2549019607843138e-7	1.9372202540866588e18
1.2457420924574208e-7	1.6560329087188165e18
1.2367149758454104e-7	1.1745241179459034e18
1.2278177458033572e-7	1.951061698939928e18
1.2190476190476188e-7	8.137947043464093e17
1.210401891252955e-7	5.19115249088587e17
1.2018779342723003e-7	1.3768371735422342e17
1.1934731934731933e-7	2.585447312649429e17
1.185185185185185e-7	2.1849935634491306e17
1.1770114942528734e-7	8.580045460892794e16
1.1689497716894976e-7	1.5166812610166877e17
1.1609977324263038e-7	4.5548873099516744e16
1.1531531531531531e-7	7.354043129289509e16
1.1454138702460848e-7	1.1349280256444752e17
1.1377777777777777e-7	1.083137568185999e17
1.1302428256070639e-7	8.125277088325518e16
1.1228070175438595e-7	2.261617822967568e16
1.1154684095860565e-7	1.5062130165227446e17
1.1082251082251081e-7	1.4502114099713378e16
1.1010752688172043e-7	1.0707972923536118e17
1.0940170940170939e-7	2.330717964634034e15
1.0870488322717621e-7	6.1389822269503224e16
1.080168776371308e-7	1.5993785722667884e16
1.0733752620545073e-7	3.136710406303477e16
1.0666666666666666e-7	2.6411895808822544e16
1.0600414078674947e-7	1.587261607950322e16
1.0534979423868312e-7	3.455915215370082e16
1.0470347648261758e-7	4.2119006300197165e15
1.040650406504065e-7	3.606415351504123e16
1.0343434343434342e-7	4.526114924650132e14
1.0281124497991966e-7	2.260515337688719e16
1.0219560878243514e-7	3.228244742858452e15
1.0158730158730159e-7	6.416494183552623e15
1.009861932938856e-7	2.41982700410697e15
1.0039215686274509e-7	9.945139546463384e15
9.980506822612084e-8	1.152190182665375e15
