3.6312056737588646e-7	5.517912168282408e18
3.5555555555555553e-7	5.51380549160294e18
3.482993197278911e-7	6.518424793196468e17
3.413333333333333e-7	2.0292650398585761e18
3.34640522875817e-7	9.333757325354097e17
3.282051282051282e-7	2.762612528674073e18
3.2201257861635214e-7	2.4803813419083325e18
3.160493827160493e-7	2.2830237090436495e18
3.1030303030303027e-7	1.7801543724378742e18
3.047619047619047e-7	6.369488052604355e17
2.9941520467836257e-7	1.0672318157047956e18
2.942528735632184e-7	5.486588765062465e16
2.892655367231638e-7	6.852565188896387e16
2.844444444444444e-7	1.7607188858993024e17
2.797814207650273e-7	1.4236272218864315e18
2.7526881720430106e-7	1.9537340275073994e18
2.7089947089947086e-7	4.624133502061616e18
2.666666666666666e-7	8.188883743044473e18
2.6256410256410255e-7	1.066605939105134e19
2.585858585858586e-7	1.221521171205559e19
2.54726368159204e-7	1.1139061963068097e19
2.5098039215686275e-7	8.412790271092218e18
2.4734299516908207e-7	8.952606894016736e18
2.4380952380952376e-7	5.931638988162623e18
2.4037558685446006e-7	6.29931754273137e18
2.37037037037037e-7	4.232604956494283e18
2.3378995433789952e-7	6.349054361237095e18
2.3063063063063062e-7	8.666051849059245e18
2.2755555555555555e-7	8.003708517276656e18
2.245614035087719e-7	9.450848188398944e18
2.2164502164502162e-7	5.49275052110609e18
2.1880341880341878e-7	4.2756703769421804e18
2.160337552742616e-7	2.2235304726322043e18
2.133333333333333e-7	9.390979029092887e17
2.1069958847736624e-7	7.336330329745558e17
2.08130081300813e-7	1.2532364992385e17
2.0562248995983933e-7	1.5879651670467056e17
2.0317460317460317e-7	1.3794708126532368e16
2.0078431372549018e-7	2.0795722355943498e15
1.9844961240310076e-7	1.6776673126205988e16
1.961685823754789e-7	1.292408096493806e16
1.939393939393939e-7	2.1192361779718292e16
1.9176029962546815e-7	8.999318373101581e15
1.896296296296296e-7	7.760196218176302e15
1.8754578754578753e-7	1.2363881155439564e14
1.8550724637681157e-7	8.375096403303106e15
1.8351254480286738e-7	3.736016468617086e15
1.8156028368794323e-7	4.1933956402235225e15
1.7964912280701754e-7	3.4778063957420065e15
1.7777777777777776e-7	6.447531607954014e15
1.7594501718213055e-7	7.465672768688166e15
1.7414965986394556e-7	1.6610978836883272e14
1.7239057239057235e-7	2.687097853381872e15
1.7066666666666666e-7	4.816039745032987e15
1.6897689768976896e-7	3.3743742967710015e15
1.673202614379085e-7	7.236809627906075e14
1.656957928802589e-7	2.412704927726928e15
1.641025641025641e-7	1.3310462116252745e15
1.6253968253968253e-7	1.4814197518833765e15
1.6100628930817607e-7	1.5272519177100605e15
1.5950155763239874e-7	2.285232889855716e15
1.5802469135802466e-7	3.070659316415835e15
1.565749235474006e-7	1.5512753249941622e15
1.5515151515151514e-7	3.942111250848828e15
1.5375375375375375e-7	1.1170867038022244e15
1.5238095238095236e-7	2.328523595271262e15
1.510324483775811e-7	1.0509444402158708e15
1.4970760233918129e-7	2.4915217937256273e13
1.4840579710144926e-7	3.394000203372002e14
1.471264367816092e-7	5.5102043453632956e14
1.4586894586894585e-7	8.917636653681e14
1.446327683615819e-7	5.549726871604463e14
1.434173669467787e-7	4.095559746047469e14
1.422222222222222e-7	3.011007426312472e14
1.4104683195592285e-7	5.781224551351839e14
1.3989071038251365e-7	2.7806893367477684e14
1.3875338753387534e-7	2.7981936220450156e14
1.3763440860215053e-7	1.4123084492240166e14
1.3653333333333334e-7	1.0094661107004812e14
1.3544973544973543e-7	1.3581667621627348e14
1.3438320209973753e-7	7.610087401408872e13
1.333333333333333e-7	2.2455941082762166e14
1.3229974160206715e-7	1.231879876187676e14
1.3128205128205127e-7	8.915511646873888e13
1.302798982188295e-7	1.1728000627143972e14
1.292929292929293e-7	1.041500675018632e14
1.2832080200501253e-7	7.359465062432967e13
1.27363184079602e-7	8.351818972917272e13
1.2641975308641975e-7	1.0523873918464384e14
1.2549019607843138e-7	9.59956193513673e13
1.2457420924574208e-7	6.16179345691218e13
1.2367149758454104e-7	4.445559520699487e13
1.2278177458033572e-7	2.1089364918220688e14
1.2190476190476188e-7	5.0287040988519195e13
1.210401891252955e-7	1.835070042003897e14
1.2018779342723003e-7	1.1309013154943208e14
1.1934731934731933e-7	1.0862870086446633e14
1.185185185185185e-7	1.0439843951563314e14
1.1770114942528734e-7	3.81687387978261e13
1.1689497716894976e-7	2.893525816637897e13
1.1609977324263038e-7	2.015125382117233e13
1.1531531531531531e-7	1.3196707915114557e13
1.1454138702460848e-7	1.5317331730186062e13
1.1377777777777777e-7	3.559914731206464e13
1.1302428256070639e-7	2.3097938830374555e13
1.1228070175438595e-7	1.6303886910468336e13
1.1154684095860565e-7	1.373433955452471e13
1.1082251082251081e-7	3.4456702611351574e13
1.1010752688172043e-7	2.114433713817312e13
1.0940170940170939e-7	2.4782945193815562e13
1.0870488322717621e-7	1.904639785647415e13
1.080168776371308e-7	2.1214323185301655e12
1.0733752620545073e-7	8.798437902872078e12
1.0666666666666666e-7	1.6433440937656336e13
1.0600414078674947e-7	2.9756484647184035e13
1.0534979423868312e-7	8.284397970750386e13
1.0470347648261758e-7	8.97324385374175e13
1.040650406504065e-7	1.56831671937905e14
1.0343434343434342e-7	2.841051013844564e14
1.0281124497991966e-7	3.342307688416347e14
1.0219560878243514e-7	2.6694494330657462e14
1.0158730158730159e-7	4.2598310528203206e14
1.009861932938856e-7	5.2115896639209044e14
1.0039215686274509e-7	5.943613090444076e14
9.980506822612084e-8	7.400983921474841e14
