3.6312056737588646e-7	2.7064262972206488e20
3.5555555555555553e-7	8.051485693377165e16
3.482993197278911e-7	8.39325174616215e19
3.413333333333333e-7	2.552362948608882e20
3.34640522875817e-7	1.94148319121327e19
3.282051282051282e-7	8.834505075987017e20
3.2201257861635214e-7	2.471435702260241e20
3.160493827160493e-7	1.056928011408435e21
3.1030303030303027e-7	1.36401961085731e21
3.047619047619047e-7	5.607911616350853e20
2.9941520467836257e-7	9.041682414464449e20
2.942528735632184e-7	1.0319514996598048e21
2.892655367231638e-7	1.8358785685741925e20
2.844444444444444e-7	5.057398137567938e20
2.797814207650273e-7	1.4290862835405218e21
2.7526881720430106e-7	7.624228086035318e20
2.7089947089947086e-7	4.2278214814863e20
2.666666666666666e-7	8.34138324250177e20
2.6256410256410255e-7	6.56423225472797e20
2.585858585858586e-7	6.215902495422952e19
2.54726368159204e-7	4.778202619992282e20
2.5098039215686275e-7	1.2128862560329801e21
2.4734299516908207e-7	6.633966765090556e20
2.4380952380952376e-7	2.76979503194977e20
2.4037558685446006e-7	5.5179436278775605e20
2.37037037037037e-7	6.945656479815235e20
2.3378995433789952e-7	3.229103158459408e20
2.3063063063063062e-7	3.893680167238127e20
2.2755555555555555e-7	1.6336426085452192e21
2.245614035087719e-7	1.0514299624082152e21
2.2164502164502162e-7	1.1721006108398588e21
2.1880341880341878e-7	1.814830811937424e21
2.160337552742616e-7	7.257704992851315e20
2.133333333333333e-7	6.07147794080885e20
2.1069958847736624e-7	1.0673048073528088e21
2.08130081300813e-7	5.447958594735976e20
2.0562248995983933e-7	3.105276580248714e20
2.0317460317460317e-7	8.155592934433134e20
2.0078431372549018e-7	3.315752108772156e20
1.9844961240310076e-7	1.54658726849829e20
1.961685823754789e-7	2.5377019253116908e20
1.939393939393939e-7	1.008437444282525e20
1.9176029962546815e-7	1.6575074398093414e19
1.896296296296296e-7	9.734581723892734e19
1.8754578754578753e-7	2.9925187981443505e20
1.8550724637681157e-7	8.927240485180657e19
1.8351254480286738e-7	8.773530710239047e19
1.8156028368794323e-7	1.5399876523086014e20
1.7964912280701754e-7	9.174344546877699e19
1.7777777777777776e-7	1.7410935763724292e19
1.7594501718213055e-7	1.312013239244252e20
1.7414965986394556e-7	2.5319560416831062e20
1.7239057239057235e-7	1.7827073107279223e20
1.7066666666666666e-7	2.0067042751146397e20
1.6897689768976896e-7	3.1056730607626584e20
1.673202614379085e-7	1.590130497096143e20
1.656957928802589e-7	1.1568713096863411e20
1.641025641025641e-7	1.499979830521854e20
1.6253968253968253e-7	1.2551470047026266e20
1.6100628930817607e-7	6.673349943110438e19
1.5950155763239874e-7	1.0256383970195974e20
1.5802469135802466e-7	8.675655134375438e19
1.565749235474006e-7	4.460572367288342e19
1.5515151515151514e-7	1.0708891609228616e19
1.5375375375375375e-7	9.45206567285212e18
1.5238095238095236e-7	6.455705070900335e18
1.510324483775811e-7	2.6741839784219863e18
1.4970760233918129e-7	6.783381368845195e18
1.4840579710144926e-7	5.96381681268076e18
1.471264367816092e-7	1.6076130082156992e18
1.4586894586894585e-7	7.360369421055532e17
1.446327683615819e-7	5.096244413401953e18
1.434173669467787e-7	8.978581233190711e17
1.422222222222222e-7	1.7877938285642058e18
1.4104683195592285e-7	4.961289646718394e18
1.3989071038251365e-7	3.304519404360928e17
1.3875338753387534e-7	1.2718962459213433e19
1.3763440860215053e-7	1.5451871655705364e19
1.3653333333333334e-7	1.480792800339206e18
1.3544973544973543e-7	9.862923407453284e18
1.3438320209973753e-7	1.1520934887198446e19
1.333333333333333e-7	1.660043139899652e18
1.3229974160206715e-7	3.8050880143363164e18
1.3128205128205127e-7	7.153873311602657e18
1.302798982188295e-7	4.600169402811086e17
1.292929292929293e-7	3.369801999995137e18
1.2832080200501253e-7	2.511337455239977e18
1.27363184079602e-7	9.571995507567242e16
1.2641975308641975e-7	6.245030960490936e17
1.2549019607843138e-7	4.851204485290171e17
1.2457420924574208e-7	7.928190585776817e17
1.2367149758454104e-7	9.756010217737632e17
1.2278177458033572e-7	7.325750055918524e17
1.2190476190476188e-7	1.8596151677444294e17
1.210401891252955e-7	1.017385396038014e18
1.2018779342723003e-7	4.4135035865314816e17
1.1934731934731933e-7	3.7720667273101965e17
1.185185185185185e-7	6.21808705976899e17
1.1770114942528734e-7	2.0090710116478925e17
1.1689497716894976e-7	4.0941054787581626e17
1.1609977324263038e-7	1.181653122621744e17
1.1531531531531531e-7	2.590905606432014e17
1.1454138702460848e-7	7.782211511910955e16
1.1377777777777777e-7	1.1838822837774157e17
1.1302428256070639e-7	5.115238084168281e16
1.1228070175438595e-7	5.128027798712161e16
1.1154684095860565e-7	1.1269629462251496e16
1.1082251082251081e-7	1.2857415148726628e16
1.1010752688172043e-7	2.4713859750173075e15
1.0940170940170939e-7	8.560968863946157e15
1.0870488322717621e-7	1.1581250605043488e15
1.080168776371308e-7	1.9757548872205838e15
1.0733752620545073e-7	3.0685611243829745e15
1.0666666666666666e-7	1.8643085616527953e14
1.0600414078674947e-7	3.519854168816919e15
1.0534979423868312e-7	4.8577484548154356e14
1.0470347648261758e-7	2.587333398905783e15
1.040650406504065e-7	5.0011959221562106e14
1.0343434343434342e-7	1.8982729676779945e15
1.0281124497991966e-7	2.1919089756667318e15
1.0219560878243514e-7	1.439993991499992e14
1.0158730158730159e-7	7.430843031709388e14
1.009861932938856e-7	3.452466298416529e14
1.0039215686274509e-7	1.8670748655543315e15
9.980506822612084e-8	2.3918030216861945e15
