3.6312056737588646e-7	5.341149047180333e19
3.5555555555555553e-7	7.240442318292523e18
3.482993197278911e-7	3.094395933020769e19
3.413333333333333e-7	2.8614264113889296e19
3.34640522875817e-7	1.3455551142552827e20
3.282051282051282e-7	5.266049367132569e19
3.2201257861635214e-7	1.3213553798275192e20
3.160493827160493e-7	3.5596967839812993e19
3.1030303030303027e-7	8.139911212593191e19
3.047619047619047e-7	1.564937465655221e19
2.9941520467836257e-7	1.4760748529802992e19
2.942528735632184e-7	6.394857141086692e18
2.892655367231638e-7	7.992074424090752e19
2.844444444444444e-7	4.8311512020979384e19
2.797814207650273e-7	6.511163396925277e19
2.7526881720430106e-7	2.166601605696572e20
2.7089947089947086e-7	7.612710501495161e18
2.666666666666666e-7	2.3963809035296653e20
2.6256410256410255e-7	1.757766550154271e20
2.585858585858586e-7	1.8973091403124946e20
2.54726368159204e-7	2.326388766180264e20
2.5098039215686275e-7	3.846888684627083e20
2.4734299516908207e-7	2.9690601131829454e20
2.4380952380952376e-7	4.1795704107166224e20
2.4037558685446006e-7	8.107327178479542e20
2.37037037037037e-7	3.80435489897805e20
2.3378995433789952e-7	9.871577796525498e20
2.3063063063063062e-7	6.728173297313385e20
2.2755555555555555e-7	7.94190465662342e20
2.245614035087719e-7	7.712632889313519e20
2.2164502164502162e-7	7.642052109230199e20
2.1880341880341878e-7	4.882804331837312e20
2.160337552742616e-7	8.029125234468334e20
2.133333333333333e-7	4.617487075541143e20
2.1069958847736624e-7	5.463780184268761e20
2.08130081300813e-7	5.918724630632586e20
2.0562248995983933e-7	3.1556687994630006e20
2.0317460317460317e-7	4.7673447072521073e20
2.0078431372549018e-7	3.250907524656963e20
1.9844961240310076e-7	2.5019952002612114e20
1.961685823754789e-7	2.657396668174611e20
1.939393939393939e-7	1.816883244147587e20
1.9176029962546815e-7	9.037665701406373e19
1.896296296296296e-7	1.514057369921931e20
1.8754578754578753e-7	6.038513227321796e18
1.8550724637681157e-7	5.62650639186316e19
1.8351254480286738e-7	8.43653104038523e18
1.8156028368794323e-7	2.1865754538681628e18
1.7964912280701754e-7	3.1784918674942147e18
1.7777777777777776e-7	1.1879462537129443e19
1.7594501718213055e-7	4.0406802711061033e18
1.7414965986394556e-7	1.7231248217379107e19
1.7239057239057235e-7	1.4516434228660333e19
1.7066666666666666e-7	1.0888363254485828e19
1.6897689768976896e-7	5.762426108862455e18
1.673202614379085e-7	6.785681992824289e18
1.656957928802589e-7	1.6937373863130004e18
1.641025641025641e-7	2.3893782691071645e17
1.6253968253968253e-7	1.2612740945342104e19
1.6100628930817607e-7	8.261307140805746e18
1.5950155763239874e-7	8.13879682725279e18
1.5802469135802466e-7	1.909499700711097e19
1.565749235474006e-7	2.1487057582006239e18
1.5515151515151514e-7	6.057648942180472e18
1.5375375375375375e-7	4.910389679856975e18
1.5238095238095236e-7	2.2583872700749284e18
1.510324483775811e-7	7.288571299051035e17
1.4970760233918129e-7	1.3883490141749092e19
1.4840579710144926e-7	2.695916682473928e18
1.471264367816092e-7	1.0188713166652172e19
1.4586894586894585e-7	7.039609305253275e18
1.446327683615819e-7	1.861827964604311e18
1.434173669467787e-7	3.959860844768581e18
1.422222222222222e-7	5.055074731189248e18
1.4104683195592285e-7	7.692543529561716e17
1.3989071038251365e-7	1.1441553274970405e19
1.3875338753387534e-7	8.319006809887817e17
1.3763440860215053e-7	6.758166776279758e18
1.3653333333333334e-7	2.546138688882642e18
1.3544973544973543e-7	4.037010579095215e18
1.3438320209973753e-7	1.7218450172182802e18
1.333333333333333e-7	3.816640766414723e18
1.3229974160206715e-7	7.27543112290435e17
1.3128205128205127e-7	1.1701863637324262e18
1.302798982188295e-7	2.3760196193773435e18
1.292929292929293e-7	9.997630386693102e17
1.2832080200501253e-7	6.822848211460078e17
1.27363184079602e-7	8.87942405919084e17
1.2641975308641975e-7	1.2030216792052265e18
1.2549019607843138e-7	1.0241133519034963e17
1.2457420924574208e-7	1.1620852640821685e17
1.2367149758454104e-7	4.241664274470327e17
1.2278177458033572e-7	1.350304727103193e17
1.2190476190476188e-7	2.104603810942681e17
1.210401891252955e-7	1.3367783919362088e17
1.2018779342723003e-7	2.4635151256763088e17
1.1934731934731933e-7	2.0518650172822986e17
1.185185185185185e-7	2.897539096077139e17
1.1770114942528734e-7	2.2095359142031152e17
1.1689497716894976e-7	1.4898206280550675e17
1.1609977324263038e-7	5.009590184475389e16
1.1531531531531531e-7	1.8667090373072768e15
1.1454138702460848e-7	2.275016259269206e16
1.1377777777777777e-7	5.049512390806239e16
1.1302428256070639e-7	1.5496542658175853e17
1.1228070175438595e-7	3.853556567569262e17
1.1154684095860565e-7	1.5825674390840186e17
1.1082251082251081e-7	1.0640941135273729e18
1.1010752688172043e-7	1.4739204131748653e17
1.0940170940170939e-7	6.926989635867535e17
1.0870488322717621e-7	2.290363410359607e18
1.080168776371308e-7	1.8631152326084388e18
1.0733752620545073e-7	1.5255241236611533e18
1.0666666666666666e-7	2.0512242196082555e18
1.0600414078674947e-7	1.0081375056038753e18
1.0534979423868312e-7	2.56665911051098e18
1.0470347648261758e-7	1.6777036012191135e18
1.040650406504065e-7	7.371146988153458e17
1.0343434343434342e-7	1.427130777126258e18
1.0281124497991966e-7	7.43792893561438e17
1.0219560878243514e-7	8.513265036741311e17
1.0158730158730159e-7	8.590697776600607e17
1.009861932938856e-7	5.825192416847823e17
1.0039215686274509e-7	9.749438289267768e17
9.980506822612084e-8	5.731626075857434e17
