3.6312056737588646e-7	1.1314463080404602e20
3.5555555555555553e-7	7.765520777982019e19
3.482993197278911e-7	8.72739644355161e19
3.413333333333333e-7	3.804929837914217e19
3.34640522875817e-7	5.928067663347708e19
3.282051282051282e-7	1.5432124269051974e19
3.2201257861635214e-7	3.1762305130056735e18
3.160493827160493e-7	2.612948451794399e18
3.1030303030303027e-7	5.353382342213853e19
3.047619047619047e-7	5.5678791288646255e19
2.9941520467836257e-7	6.984530138517456e18
2.942528735632184e-7	1.2319062695832258e20
2.892655367231638e-7	6.0790196879233516e19
2.844444444444444e-7	2.0407227065239486e19
2.797814207650273e-7	1.2552403220715071e20
2.7526881720430106e-7	1.3929929474485279e20
2.7089947089947086e-7	1.2964361676113168e20
2.666666666666666e-7	2.14994433824101e20
2.6256410256410255e-7	3.7914573712347e20
2.585858585858586e-7	1.1712925152634089e20
2.54726368159204e-7	3.3691176756645134e20
2.5098039215686275e-7	3.678812145743223e20
2.4734299516908207e-7	2.0689724695587897e20
2.4380952380952376e-7	2.1655380272717057e20
2.4037558685446006e-7	1.9480225998795614e20
2.37037037037037e-7	4.678095221166968e19
2.3378995433789952e-7	6.639968396174346e19
2.3063063063063062e-7	3.085499465905017e19
2.2755555555555555e-7	5.040848055282842e19
2.245614035087719e-7	7.337598283899531e19
2.2164502164502162e-7	8.971907802288377e19
2.1880341880341878e-7	1.8807963239333147e20
2.160337552742616e-7	2.273640944371661e20
2.133333333333333e-7	1.3731369637947274e20
2.1069958847736624e-7	2.6859653813664232e20
2.08130081300813e-7	1.6277904306613472e20
2.0562248995983933e-7	1.1079570284112347e20
2.0317460317460317e-7	1.1863009031032983e20
2.0078431372549018e-7	6.063571527150595e19
1.9844961240310076e-7	1.886532290180835e19
1.961685823754789e-7	4.137071794321259e19
1.939393939393939e-7	5.313161483783246e17
1.9176029962546815e-7	2.7298558818187244e19
1.896296296296296e-7	1.2976424679682415e19
1.8754578754578753e-7	3.3226492511368524e19
1.8550724637681157e-7	6.674422995790691e19
1.8351254480286738e-7	2.5731038549608915e19
1.8156028368794323e-7	5.2853609552085156e19
1.7964912280701754e-7	3.1120481605691204e19
1.7777777777777776e-7	9.006670485495158e18
1.7594501718213055e-7	8.65278097764432e18
1.7414965986394556e-7	1.2201070226431295e19
1.7239057239057235e-7	9.838671997723699e17
1.7066666666666666e-7	2.2614077631675438e18
1.6897689768976896e-7	3.0420268508125655e18
1.673202614379085e-7	3.9272255403533286e18
1.656957928802589e-7	2.5310383045945293e17
1.641025641025641e-7	5.388505982535408e18
1.6253968253968253e-7	4.0980041593061253e18
1.6100628930817607e-7	2.919030133470507e17
1.5950155763239874e-7	4.634785632801049e18
1.5802469135802466e-7	1.5611893173760376e18
1.565749235474006e-7	6.397223840489929e17
1.5515151515151514e-7	2.4504831962405796e18
1.5375375375375375e-7	1.2320170342110144e18
1.5238095238095236e-7	1.9471534151193142e17
1.510324483775811e-7	1.582756608064302e18
1.4970760233918129e-7	2.695736100602681e18
1.4840579710144926e-7	1.3554230724161171e17
1.471264367816092e-7	2.9930954533272786e18
1.4586894586894585e-7	2.185014210121775e18
1.446327683615819e-7	6.679094321141102e17
1.434173669467787e-7	4.590506236274062e18
1.422222222222222e-7	2.256280067365458e18
1.4104683195592285e-7	1.5691636008128433e18
1.3989071038251365e-7	2.4906582749274947e18
1.3875338753387534e-7	5.0088895965094195e17
1.3763440860215053e-7	4.0847516116808595e17
1.3653333333333334e-7	6.843522783446491e17
1.3544973544973543e-7	2.7013287049294054e17
1.3438320209973753e-7	2.706790856970728e16
1.333333333333333e-7	7.916279959811465e15
1.3229974160206715e-7	1.8531772114781984e16
1.3128205128205127e-7	4.088317727935716e16
1.302798982188295e-7	5.652825463541884e16
1.292929292929293e-7	2.6981775337479536e16
1.2832080200501253e-7	4.531011952637187e16
1.27363184079602e-7	1.7695740414277116e16
1.2641975308641975e-7	1.6889580826945152e16
1.2549019607843138e-7	1.8890899185724612e16
1.2457420924574208e-7	7.317107706040685e15
1.2367149758454104e-7	1.407269999813965e16
1.2278177458033572e-7	3.774276728101806e15
1.2190476190476188e-7	9.81397015778295e15
1.210401891252955e-7	7.120040074901086e15
1.2018779342723003e-7	7.404479265005974e15
1.1934731934731933e-7	3.6580805182625645e15
1.185185185185185e-7	5.789195093069082e15
1.1770114942528734e-7	3.580412368214884e15
1.1689497716894976e-7	2.355365502306793e14
1.1609977324263038e-7	2.3963212180373075e15
1.1531531531531531e-7	5.865172725271122e15
1.1454138702460848e-7	2.360585041715032e15
1.1377777777777777e-7	5.423832907745323e14
1.1302428256070639e-7	1.709161061952954e15
1.1228070175438595e-7	9.92139972870606e14
1.1154684095860565e-7	7.531768094455362e14
1.1082251082251081e-7	2.2499462679524695e15
1.1010752688172043e-7	1.2176362625769322e15
1.0940170940170939e-7	2.1656323374921308e15
1.0870488322717621e-7	6.4529821764326e14
1.080168776371308e-7	4.392306303756896e14
1.0733752620545073e-7	1.4240624797385322e14
1.0666666666666666e-7	2.5493986649697015e15
1.0600414078674947e-7	3.804363618779923e15
1.0534979423868312e-7	8.275591784948982e15
1.0470347648261758e-7	5.821828454380755e15
1.040650406504065e-7	1.4015343044954448e16
1.0343434343434342e-7	2.7062268947308212e16
1.0281124497991966e-7	4.2786332555035464e16
1.0219560878243514e-7	1.1896951502653312e17
1.0158730158730159e-7	1.896348272057252e17
1.009861932938856e-7	3.833521278715287e17
1.0039215686274509e-7	3.804194761775639e17
9.980506822612084e-8	2.1992783668163894e17
