3.6312056737588646e-7	4.751107886179041e19
3.5555555555555553e-7	9.007977261138952e19
3.482993197278911e-7	2.9344039129652503e19
3.413333333333333e-7	3.43886201444643e19
3.34640522875817e-7	9.027579421763189e18
3.282051282051282e-7	1.7978750154644357e19
3.2201257861635214e-7	2.2173267804062245e19
3.160493827160493e-7	3.778831743206413e19
3.1030303030303027e-7	8.659630855908657e19
3.047619047619047e-7	1.2280941186288742e19
2.9941520467836257e-7	2.584838004837619e19
2.942528735632184e-7	3.3604896294404534e19
2.892655367231638e-7	1.1316509021076541e19
2.844444444444444e-7	6.035498062052077e16
2.797814207650273e-7	3.640054603766144e19
2.7526881720430106e-7	4.578384735181809e19
2.7089947089947086e-7	2.8629135373372984e18
2.666666666666666e-7	2.4169015255226565e19
2.6256410256410255e-7	1.6761979450458132e18
2.585858585858586e-7	4.58700752791057e19
2.54726368159204e-7	1.202922397598213e20
2.5098039215686275e-7	1.2504779335910076e20
2.4734299516908207e-7	2.132620045980527e20
2.4380952380952376e-7	4.223264344082396e20
2.4037558685446006e-7	2.1416701969746716e20
2.37037037037037e-7	1.746443134259488e20
2.3378995433789952e-7	2.30149591141249e20
2.3063063063063062e-7	1.5313818786284218e20
2.2755555555555555e-7	3.6534344044832453e19
2.245614035087719e-7	3.255327841082347e19
2.2164502164502162e-7	2.8260189376847684e19
2.1880341880341878e-7	1.3246292147379908e20
2.160337552742616e-7	1.2923496708304493e20
2.133333333333333e-7	1.1823708656657369e20
2.1069958847736624e-7	1.915364255945387e20
2.08130081300813e-7	6.847439366264455e19
2.0562248995983933e-7	4.1545146057082175e19
2.0317460317460317e-7	3.320970115122488e19
2.0078431372549018e-7	4.879497892874967e18
1.9844961240310076e-7	6.069395479287123e19
1.961685823754789e-7	4.088608655662787e19
1.939393939393939e-7	3.575504654723139e19
1.9176029962546815e-7	4.627658025638525e19
1.896296296296296e-7	1.858373082045783e19
1.8754578754578753e-7	1.748594798803284e18
1.8550724637681157e-7	8.730451073270368e18
1.8351254480286738e-7	7.555884650131124e18
1.8156028368794323e-7	3.658642121335934e19
1.7964912280701754e-7	2.319653032847635e19
1.7777777777777776e-7	6.463119516691871e18
1.7594501718213055e-7	2.687339981819771e17
1.7414965986394556e-7	4.83155201859844e18
1.7239057239057235e-7	8.763048109168449e18
1.7066666666666666e-7	9.192449533114321e18
1.6897689768976896e-7	1.423846185404607e18
1.673202614379085e-7	1.3302888309882964e18
1.656957928802589e-7	4.8629069459319256e16
1.641025641025641e-7	3.378721638528484e18
1.6253968253968253e-7	3.934308527233558e18
1.6100628930817607e-7	4.403923065974749e17
1.5950155763239874e-7	4.0921396047310874e18
1.5802469135802466e-7	1.9318686063346598e18
1.565749235474006e-7	2.0710699495364192e17
1.5515151515151514e-7	2.5520222955849375e18
1.5375375375375375e-7	9.569302484733879e17
1.5238095238095236e-7	2.703907865792212e17
1.510324483775811e-7	1.1578216383252728e18
1.4970760233918129e-7	4.4764643985030406e17
1.4840579710144926e-7	2.2851816676614266e17
1.471264367816092e-7	4.056779319155277e17
1.4586894586894585e-7	6.966600333865663e17
1.446327683615819e-7	3.7366903017036486e17
1.434173669467787e-7	4.264635186456934e17
1.422222222222222e-7	9.225859671709152e16
1.4104683195592285e-7	8.665583361873046e16
1.3989071038251365e-7	1.9964231179253336e16
1.3875338753387534e-7	2.0040938381508028e16
1.3763440860215053e-7	1.3327780936892976e16
1.3653333333333334e-7	7.143294930279141e15
1.3544973544973543e-7	1.378181085296668e16
1.3438320209973753e-7	7.273168463034236e15
1.333333333333333e-7	9.823006926084646e15
1.3229974160206715e-7	1.0368131784534386e16
1.3128205128205127e-7	5.913891619561786e15
1.302798982188295e-7	6.841184610670434e15
1.292929292929293e-7	2.2242460177135605e15
1.2832080200501253e-7	3.1151850343984105e15
1.27363184079602e-7	1.1009188394526474e15
1.2641975308641975e-7	2.1377342055414665e15
1.2549019607843138e-7	4.839503461768144e14
1.2457420924574208e-7	6.509758320020775e14
1.2367149758454104e-7	5.5002269935590025e14
1.2278177458033572e-7	5.709472158485844e14
1.2190476190476188e-7	1.2889494773346575e15
1.210401891252955e-7	3.8744979282562894e14
1.2018779342723003e-7	1.3771854199107132e15
1.1934731934731933e-7	8.56240028004471e13
1.185185185185185e-7	4.27592012704466e14
1.1770114942528734e-7	3.811576754427527e13
1.1689497716894976e-7	1.663451686177644e14
1.1609977324263038e-7	1.6142437468399475e15
1.1531531531531531e-7	9.67231143567593e14
1.1454138702460848e-7	6.823442015489677e13
1.1377777777777777e-7	1.1154411535489151e15
1.1302428256070639e-7	3.003353471956682e14
1.1228070175438595e-7	2.7887202642710712e14
1.1154684095860565e-7	9.584328508970488e13
1.1082251082251081e-7	1.3708345068857158e14
1.1010752688172043e-7	6.395263011410619e13
1.0940170940170939e-7	1.3588969174848069e14
1.0870488322717621e-7	2.8827104985806336e13
1.080168776371308e-7	4.2325388264103375e13
1.0733752620545073e-7	1.521389080614114e14
1.0666666666666666e-7	6.46770268765907e13
1.0600414078674947e-7	1.927215809906412e13
1.0534979423868312e-7	6.942094000291388e13
1.0470347648261758e-7	3.1400340089559825e14
1.040650406504065e-7	1.559823454309889e13
1.0343434343434342e-7	1.5688798777169953e14
1.0281124497991966e-7	3.7852888834253234e13
1.0219560878243514e-7	5.543149974392145e13
1.0158730158730159e-7	2.2149776407715456e14
1.009861932938856e-7	2.2642568597289903e14
1.0039215686274509e-7	1.2605651132694148e15
9.980506822612084e-8	9.862982683333498e14
