3.6312056737588646e-7	5.189511030271841e20
3.5555555555555553e-7	3.1723100670026095e20
3.482993197278911e-7	4.266813896304037e20
3.413333333333333e-7	7.303202099504279e19
3.34640522875817e-7	2.9692351738752316e20
3.282051282051282e-7	8.463573078142262e19
3.2201257861635214e-7	9.591671687835242e18
3.160493827160493e-7	5.46855990396088e19
3.1030303030303027e-7	2.3011584826564143e20
3.047619047619047e-7	3.0443742192219665e20
2.9941520467836257e-7	6.585821770540794e19
2.942528735632184e-7	8.185384571442059e20
2.892655367231638e-7	5.510195083304657e20
2.844444444444444e-7	4.024174174053347e20
2.797814207650273e-7	1.3981265272983178e21
2.7526881720430106e-7	1.22388574763731e21
2.7089947089947086e-7	1.4614250341661535e21
2.666666666666666e-7	1.987755429688571e21
2.6256410256410255e-7	2.527795832719738e21
2.585858585858586e-7	1.3667357379671493e21
2.54726368159204e-7	2.677720767629887e21
2.5098039215686275e-7	3.2890574029103e21
2.4734299516908207e-7	2.493064626323478e21
2.4380952380952376e-7	3.7663346971349767e21
2.4037558685446006e-7	3.22877247879062e21
2.37037037037037e-7	1.6001409366868492e21
2.3378995433789952e-7	1.171820338704329e21
2.3063063063063062e-7	1.299052976284186e21
2.2755555555555555e-7	6.112911463302926e20
2.245614035087719e-7	7.276711763168854e20
2.2164502164502162e-7	1.058197504267234e21
2.1880341880341878e-7	3.674110110980218e20
2.160337552742616e-7	3.308515688806971e20
2.133333333333333e-7	4.52205879658559e20
2.1069958847736624e-7	4.2873905036569516e20
2.08130081300813e-7	2.641824784313639e20
2.0562248995983933e-7	6.091654405912435e20
2.0317460317460317e-7	2.5845464390844754e20
2.0078431372549018e-7	1.8919665827054256e20
1.9844961240310076e-7	2.1840419271190787e20
1.961685823754789e-7	9.611702929190584e19
1.939393939393939e-7	5.936596759894614e19
1.9176029962546815e-7	1.2244040535635876e20
1.896296296296296e-7	2.2385832799941594e20
1.8754578754578753e-7	1.190422125370936e20
1.8550724637681157e-7	3.31281530355018e20
1.8351254480286738e-7	3.4369026800651266e20
1.8156028368794323e-7	3.313688927101054e20
1.7964912280701754e-7	3.5658810290235336e20
1.7777777777777776e-7	4.218050833814323e20
1.7594501718213055e-7	1.867002954384115e20
1.7414965986394556e-7	2.7918323299366135e20
1.7239057239057235e-7	1.535630430345067e20
1.7066666666666666e-7	8.001052612378863e19
1.6897689768976896e-7	7.5823871646629e19
1.673202614379085e-7	7.967944097228577e19
1.656957928802589e-7	8.717652965167277e18
1.641025641025641e-7	2.3299895336450322e19
1.6253968253968253e-7	1.0406400173429934e19
1.6100628930817607e-7	3.4394378980454676e18
1.5950155763239874e-7	9.787779260291275e18
1.5802469135802466e-7	4.885446520761246e17
1.565749235474006e-7	7.598153610207837e18
1.5515151515151514e-7	8.573817287469965e18
1.5375375375375375e-7	8.889876752455247e18
1.5238095238095236e-7	6.237599614615099e18
1.510324483775811e-7	1.5710387959058153e18
1.4970760233918129e-7	3.526059133432928e18
1.4840579710144926e-7	1.0138250849583145e19
1.471264367816092e-7	2.692867641405505e19
1.4586894586894585e-7	4.428782522496762e18
1.446327683615819e-7	4.918485135874661e18
1.434173669467787e-7	1.478583136230355e19
1.422222222222222e-7	8.005159193026549e18
1.4104683195592285e-7	1.2490224780970788e18
1.3989071038251365e-7	2.018324047563675e18
1.3875338753387534e-7	7.486813095679394e18
1.3763440860215053e-7	4.2932963575404365e18
1.3653333333333334e-7	4.5546143066319386e18
1.3544973544973543e-7	1.5189354443832328e18
1.3438320209973753e-7	1.8438533141870244e18
1.333333333333333e-7	1.4613587610640476e18
1.3229974160206715e-7	6.013580542198934e17
1.3128205128205127e-7	4.661228274734491e17
1.302798982188295e-7	3.204729818528412e17
1.292929292929293e-7	3.7600936572173645e17
1.2832080200501253e-7	1.0551227999464462e17
1.27363184079602e-7	2.5641165889695104e17
1.2641975308641975e-7	4.899499880686781e15
1.2549019607843138e-7	1.0538876027188733e17
1.2457420924574208e-7	1.217419773478639e16
1.2367149758454104e-7	1.7472319597617984e16
1.2278177458033572e-7	2.875487010823808e16
1.2190476190476188e-7	1.0509754261070002e16
1.210401891252955e-7	3.91831844124962e16
1.2018779342723003e-7	4.791782205593676e15
1.1934731934731933e-7	3.030515718956471e16
1.185185185185185e-7	5.287232088747491e15
1.1770114942528734e-7	9.285806092647494e15
1.1689497716894976e-7	1.809716614387894e15
1.1609977324263038e-7	1.8114336424974944e16
1.1531531531531531e-7	4.920973688157895e15
1.1454138702460848e-7	3.824202532829368e15
1.1377777777777777e-7	1.8411943600137148e16
1.1302428256070639e-7	7.536185922288605e15
1.1228070175438595e-7	1.7101757870766856e16
1.1154684095860565e-7	2.7850926049820884e16
1.1082251082251081e-7	5.344530229495612e15
1.1010752688172043e-7	4.088571316184434e16
1.0940170940170939e-7	1.5419798439814046e16
1.0870488322717621e-7	5.33863723186521e16
1.080168776371308e-7	1.9094339414641416e16
1.0733752620545073e-7	5.1307867010353394e14
1.0666666666666666e-7	1.3634753020817827e17
1.0600414078674947e-7	4.954356734776849e17
1.0534979423868312e-7	8.111655629008479e17
1.0470347648261758e-7	2.344964792726115e18
1.040650406504065e-7	3.810584766746107e18
1.0343434343434342e-7	3.6720704277832684e18
1.0281124497991966e-7	2.1165343446792591e18
1.0219560878243514e-7	2.783782871813856e18
1.0158730158730159e-7	2.2127437470540396e18
1.009861932938856e-7	1.2054697963792594e18
1.0039215686274509e-7	1.0870708310234616e18
9.980506822612084e-8	5.501249247461617e17
