3.6312056737588646e-7	3.8036034977179854e20
3.5555555555555553e-7	6.674616129244179e20
3.482993197278911e-7	4.532581067767277e20
3.413333333333333e-7	6.176937417798917e19
3.34640522875817e-7	4.170848404936238e20
3.282051282051282e-7	2.3454963955528584e20
3.2201257861635214e-7	6.5322885743591145e19
3.160493827160493e-7	3.681107061469557e20
3.1030303030303027e-7	6.375816810980934e20
3.047619047619047e-7	6.838961980717886e19
2.9941520467836257e-7	4.3151263859427e20
2.942528735632184e-7	6.668913890163681e20
2.892655367231638e-7	1.8063924303599187e20
2.844444444444444e-7	4.691302460220378e20
2.797814207650273e-7	9.856343856162227e20
2.7526881720430106e-7	9.176130529855063e20
2.7089947089947086e-7	4.970737719790657e20
2.666666666666666e-7	9.782049262829324e20
2.6256410256410255e-7	6.22965119981317e20
2.585858585858586e-7	8.167913595267844e19
2.54726368159204e-7	5.125548682036096e20
2.5098039215686275e-7	5.337449613985573e20
2.4734299516908207e-7	2.5652706247309092e20
2.4380952380952376e-7	1.1439926342733087e20
2.4037558685446006e-7	3.514720347652318e20
2.37037037037037e-7	6.668618006196334e20
2.3378995433789952e-7	3.338457040020674e20
2.3063063063063062e-7	6.824255479566014e20
2.2755555555555555e-7	1.2517164379479264e21
2.245614035087719e-7	1.1492120903289885e21
2.2164502164502162e-7	1.2269935951434434e21
2.1880341880341878e-7	1.5669577567049566e21
2.160337552742616e-7	1.1030984595614571e21
2.133333333333333e-7	8.889535319606134e20
2.1069958847736624e-7	9.232285104336947e20
2.08130081300813e-7	4.247876427856771e20
2.0562248995983933e-7	2.311750221127125e20
2.0317460317460317e-7	2.1477227717922125e20
2.0078431372549018e-7	2.4347624938444774e20
1.9844961240310076e-7	1.0394536776061087e20
1.961685823754789e-7	1.770263932820358e20
1.939393939393939e-7	1.3550406234784254e20
1.9176029962546815e-7	5.081250739571291e19
1.896296296296296e-7	1.5237392896474235e19
1.8754578754578753e-7	5.938012164349676e19
1.8550724637681157e-7	1.1200814642500331e20
1.8351254480286738e-7	7.711339047652116e19
1.8156028368794323e-7	1.2180462873616164e20
1.7964912280701754e-7	1.9845625442323684e20
1.7777777777777776e-7	2.122389934830082e20
1.7594501718213055e-7	1.240290186807503e20
1.7414965986394556e-7	1.824060907148514e20
1.7239057239057235e-7	1.5177860841497166e20
1.7066666666666666e-7	8.006339757872921e19
1.6897689768976896e-7	6.8894459429253644e19
1.673202614379085e-7	1.1094655378404716e20
1.656957928802589e-7	7.326476996889428e19
1.641025641025641e-7	2.9613572163269865e19
1.6253968253968253e-7	1.5221986935576353e19
1.6100628930817607e-7	3.0750986348732916e19
1.5950155763239874e-7	2.2637913874835206e19
1.5802469135802466e-7	9.20322472362093e18
1.565749235474006e-7	2.418763032689719e18
1.5515151515151514e-7	3.3388379437039176e18
1.5375375375375375e-7	8.519369138165548e17
1.5238095238095236e-7	4.023382017788856e18
1.510324483775811e-7	3.7892681349443686e18
1.4970760233918129e-7	2.48086389581291e18
1.4840579710144926e-7	1.6280118059673395e18
1.471264367816092e-7	3.9084161048079427e18
1.4586894586894585e-7	3.151135688446118e18
1.446327683615819e-7	1.117390514158913e18
1.434173669467787e-7	8.572609359802599e18
1.422222222222222e-7	5.559704744780243e18
1.4104683195592285e-7	2.3368989190158244e18
1.3989071038251365e-7	6.068766102746579e18
1.3875338753387534e-7	2.534694022524755e17
1.3763440860215053e-7	3.5255779914333466e17
1.3653333333333334e-7	1.689393004843177e18
1.3544973544973543e-7	6.379325933792394e17
1.3438320209973753e-7	5.4673574271511443e17
1.333333333333333e-7	9.130834638665946e16
1.3229974160206715e-7	4.626540099479141e17
1.3128205128205127e-7	1.0484453540288426e17
1.302798982188295e-7	2.007434024885413e17
1.292929292929293e-7	1.3220707198838515e17
1.2832080200501253e-7	1.0002966613281237e17
1.27363184079602e-7	2.018196199420617e17
1.2641975308641975e-7	5.1398650047790344e16
1.2549019607843138e-7	1.603217805297023e17
1.2457420924574208e-7	2.8147499940231676e16
1.2367149758454104e-7	1.282935543229524e17
1.2278177458033572e-7	2.150904163311639e16
1.2190476190476188e-7	1.0543244529583728e17
1.210401891252955e-7	9.64658697160104e15
1.2018779342723003e-7	6.349808590187958e16
1.1934731934731933e-7	1.2964213135809302e16
1.185185185185185e-7	1.7799463058940882e16
1.1770114942528734e-7	5.348908186432848e15
1.1689497716894976e-7	6.870520486453029e15
1.1609977324263038e-7	1.5108321604714298e15
1.1531531531531531e-7	2.048209834954642e14
1.1454138702460848e-7	6.343895957020414e15
1.1377777777777777e-7	3.0359191179352495e15
1.1302428256070639e-7	4.481791537251263e15
1.1228070175438595e-7	2.9110005483786395e15
1.1154684095860565e-7	3.76211072662876e15
1.1082251082251081e-7	2.9458063416157185e15
1.1010752688172043e-7	2.501488532048163e15
1.0940170940170939e-7	2.1358048298670148e15
1.0870488322717621e-7	5.583427295950595e15
1.080168776371308e-7	1.3139292817248584e16
1.0733752620545073e-7	1.6131616378625946e16
1.0666666666666666e-7	5.164854924052703e16
1.0600414078674947e-7	5.598235255155718e15
1.0534979423868312e-7	2.3209854128153184e17
1.0470347648261758e-7	1.4091577406619781e17
1.040650406504065e-7	2.0597995158622803e17
1.0343434343434342e-7	5.817470137063288e16
1.0281124497991966e-7	3.471584845242721e17
1.0219560878243514e-7	1.199210307145397e18
1.0158730158730159e-7	1.2538107133620383e18
1.009861932938856e-7	2.1983738997543421e18
1.0039215686274509e-7	1.87996170571489e18
9.980506822612084e-8	4.845615811423679e17
