3.6312056737588646e-7	2.180522612601123e20
3.5555555555555553e-7	6.933611343792636e20
3.482993197278911e-7	3.5775644335278476e20
3.413333333333333e-7	7.82844049818145e19
3.34640522875817e-7	4.907556015915113e20
3.282051282051282e-7	4.884165316809256e20
3.2201257861635214e-7	1.1038553592853348e20
3.160493827160493e-7	9.125771340029754e20
3.1030303030303027e-7	6.651860964324312e20
3.047619047619047e-7	9.146376848583002e19
2.9941520467836257e-7	5.362691363219199e20
2.942528735632184e-7	2.7349871192345706e20
2.892655367231638e-7	3.0629045010186863e19
2.844444444444444e-7	2.1261747669473867e20
2.797814207650273e-7	5.055418532676517e20
2.7526881720430106e-7	2.1980882649732674e20
2.7089947089947086e-7	1.064015306639698e19
2.666666666666666e-7	1.1262653702491782e20
2.6256410256410255e-7	2.5392061283663918e20
2.585858585858586e-7	2.530757088552321e20
2.54726368159204e-7	8.778432110845539e19
2.5098039215686275e-7	3.57956322626386e20
2.4734299516908207e-7	9.607295885946099e20
2.4380952380952376e-7	8.820787342678537e20
2.4037558685446006e-7	1.323913393300148e21
2.37037037037037e-7	2.2676915512501773e21
2.3378995433789952e-7	1.839756189288094e21
2.3063063063063062e-7	2.1158183463987815e21
2.2755555555555555e-7	2.2717141924766994e21
2.245614035087719e-7	1.5190342103320135e21
2.2164502164502162e-7	6.640284467368527e20
2.1880341880341878e-7	7.120931968835799e20
2.160337552742616e-7	4.540881361366615e20
2.133333333333333e-7	3.1028683377895434e20
2.1069958847736624e-7	3.291922783224843e20
2.08130081300813e-7	3.4081893219806406e20
2.0562248995983933e-7	1.2998532547793155e20
2.0317460317460317e-7	6.521112287165113e19
2.0078431372549018e-7	1.3315444467812835e20
1.9844961240310076e-7	9.949861380528603e19
1.961685823754789e-7	6.730156415007667e19
1.939393939393939e-7	5.729161670186632e19
1.9176029962546815e-7	1.3137569044149577e20
1.896296296296296e-7	8.512175713184326e19
1.8754578754578753e-7	4.342766517084659e19
1.8550724637681157e-7	2.5152450363522e19
1.8351254480286738e-7	6.6156800240743375e19
1.8156028368794323e-7	1.0288107938104214e20
1.7964912280701754e-7	7.850625441880267e19
1.7777777777777776e-7	1.0226537247414092e20
1.7594501718213055e-7	1.7529109052786403e20
1.7414965986394556e-7	1.88915045466487e20
1.7239057239057235e-7	1.0930473840806463e20
1.7066666666666666e-7	9.409368752749699e19
1.6897689768976896e-7	1.2009412384388599e20
1.673202614379085e-7	8.709913777354965e19
1.656957928802589e-7	4.3538620643983696e19
1.641025641025641e-7	2.7368484186744627e19
1.6253968253968253e-7	3.2516149570732966e19
1.6100628930817607e-7	3.5795594450677547e19
1.5950155763239874e-7	3.011221581112162e19
1.5802469135802466e-7	8.373829843655216e18
1.565749235474006e-7	9.367897594763172e17
1.5515151515151514e-7	4.766472388057008e18
1.5375375375375375e-7	2.0644932001771786e17
1.5238095238095236e-7	2.2650448402452147e18
1.510324483775811e-7	3.834814212826873e18
1.4970760233918129e-7	1.7840563937053466e17
1.4840579710144926e-7	1.692102051132927e18
1.471264367816092e-7	2.336301543311124e18
1.4586894586894585e-7	3.3101904774067343e18
1.446327683615819e-7	1.4050367608463086e18
1.434173669467787e-7	4.448800274100714e18
1.422222222222222e-7	6.211855696130659e18
1.4104683195592285e-7	1.3226144127292687e18
1.3989071038251365e-7	1.7324263856347308e18
1.3875338753387534e-7	2.2683289305198764e18
1.3763440860215053e-7	2.088704709207313e18
1.3653333333333334e-7	6.900555817585819e17
1.3544973544973543e-7	5.6186591265255674e17
1.3438320209973753e-7	1.007015725614932e18
1.333333333333333e-7	2.2537484993447187e17
1.3229974160206715e-7	5.117746117967918e17
1.3128205128205127e-7	1.868113355736027e17
1.302798982188295e-7	4.142839955402231e17
1.292929292929293e-7	2.675924613695468e17
1.2832080200501253e-7	2.7102023334191123e17
1.27363184079602e-7	2.802648311747388e17
1.2641975308641975e-7	1.620074193019512e17
1.2549019607843138e-7	2.436628653154071e17
1.2457420924574208e-7	1.1375762959434246e17
1.2367149758454104e-7	1.0849699262256114e17
1.2278177458033572e-7	2.520698889167727e16
1.2190476190476188e-7	1.1086185188436046e17
1.210401891252955e-7	5.083546449507046e14
1.2018779342723003e-7	7.076198846593917e16
1.1934731934731933e-7	4.4787087918485685e15
1.185185185185185e-7	1.4618591560685646e16
1.1770114942528734e-7	5.797920944752176e15
1.1689497716894976e-7	5.121763794986721e14
1.1609977324263038e-7	7.75217793476321e16
1.1531531531531531e-7	9.863222195461389e13
1.1454138702460848e-7	2.632771112345964e15
1.1377777777777777e-7	2.2619877102971575e15
1.1302428256070639e-7	6.637196279900416e15
1.1228070175438595e-7	2.311480517727948e15
1.1154684095860565e-7	3.7562627771669035e15
1.1082251082251081e-7	6.093115943822428e14
1.1010752688172043e-7	4.902960361012013e15
1.0940170940170939e-7	6.09908842330021e15
1.0870488322717621e-7	2.285957463686289e15
1.080168776371308e-7	6.723696806067631e15
1.0733752620545073e-7	4.819192095911194e14
1.0666666666666666e-7	1.8686158514226076e16
1.0600414078674947e-7	4.236685392756036e14
1.0534979423868312e-7	2.5600507648896104e16
1.0470347648261758e-7	2.4177553940188735e15
1.040650406504065e-7	1.0022990016206477e17
1.0343434343434342e-7	2.366844046486244e16
1.0281124497991966e-7	1.2555826453256277e17
1.0219560878243514e-7	4.247036012279164e15
1.0158730158730159e-7	2.541984046451273e17
1.009861932938856e-7	3.208934834491131e17
1.0039215686274509e-7	7.484125280073769e17
9.980506822612084e-8	7.305644382456078e17
