3.6312056737588646e-7	4.797962177805356e19
3.5555555555555553e-7	1.438187610152823e19
3.482993197278911e-7	2.2854045420415943e19
3.413333333333333e-7	3.8805229236343025e18
3.34640522875817e-7	1.5374258288485626e19
3.282051282051282e-7	9.389595664298193e18
3.2201257861635214e-7	7.284481570562754e18
3.160493827160493e-7	8.202788316272728e18
3.1030303030303027e-7	7.876036889442498e18
3.047619047619047e-7	5.416079216195588e18
2.9941520467836257e-7	5.029534428922395e18
2.942528735632184e-7	4.2825393546842e18
2.892655367231638e-7	2.264644649829651e18
2.844444444444444e-7	4.0097064658850575e18
2.797814207650273e-7	3.946960515310583e17
2.7526881720430106e-7	5.389507631832056e18
2.7089947089947086e-7	3.346418894413938e17
2.666666666666666e-7	1.2519672069616783e19
2.6256410256410255e-7	5.260905849308875e18
2.585858585858586e-7	2.2841020710603866e19
2.54726368159204e-7	1.0767449907400018e19
2.5098039215686275e-7	2.0732521623687053e19
2.4734299516908207e-7	7.853239036785835e18
2.4380952380952376e-7	5.834859511265841e18
2.4037558685446006e-7	1.6324012690538573e18
2.37037037037037e-7	1.7147222061454387e17
2.3378995433789952e-7	1.5432674250121892e18
2.3063063063063062e-7	3.686984522922574e18
2.2755555555555555e-7	2.2733240156055752e18
2.245614035087719e-7	4.2637564944554e18
2.2164502164502162e-7	1.4106633822227295e18
2.1880341880341878e-7	2.04889919354618e18
2.160337552742616e-7	4.061991105399549e17
2.133333333333333e-7	5.4212151208407194e17
2.1069958847736624e-7	7.106754508774007e16
2.08130081300813e-7	1.0227988198474275e17
2.0562248995983933e-7	1.465762818885075e17
2.0317460317460317e-7	7.14510720166158e16
2.0078431372549018e-7	1.7912144581661456e17
1.9844961240310076e-7	8.441342094009808e16
1.961685823754789e-7	9.240847336264869e16
1.939393939393939e-7	2.903885989728999e16
1.9176029962546815e-7	1.5425947496851858e16
1.896296296296296e-7	2.412411433413184e15
1.8754578754578753e-7	2.2645114179802075e15
1.8550724637681157e-7	4.281417459408578e16
1.8351254480286738e-7	2.2099556628105388e16
1.8156028368794323e-7	5.740889016487867e16
1.7964912280701754e-7	2.2687903730762428e16
1.7777777777777776e-7	2.3991410443586988e16
1.7594501718213055e-7	4.661908455854801e15
1.7414965986394556e-7	3.536051719643303e15
1.7239057239057235e-7	1.629464186294093e15
1.7066666666666666e-7	1.1523479278504438e16
1.6897689768976896e-7	1.0923091903932608e16
1.673202614379085e-7	1.2626093696415592e16
1.656957928802589e-7	8.042029403721922e15
1.641025641025641e-7	2.932012029738439e15
1.6253968253968253e-7	2.8758878065683605e15
1.6100628930817607e-7	3.3517011110247385e15
1.5950155763239874e-7	8.75702424466004e15
1.5802469135802466e-7	7.762761001171925e15
1.565749235474006e-7	9.306405180227118e15
1.5515151515151514e-7	2.8600912612754415e15
1.5375375375375375e-7	9.783998593891276e14
1.5238095238095236e-7	1.960820943114771e15
1.510324483775811e-7	3.453938938890571e15
1.4970760233918129e-7	8.435534288923446e15
1.4840579710144926e-7	7.210471405870904e15
1.471264367816092e-7	7.183040678969964e15
1.4586894586894585e-7	2.7019240331689175e15
1.446327683615819e-7	1.276553199148168e15
1.434173669467787e-7	5.848853498253933e15
1.422222222222222e-7	1.3930037974927415e15
1.4104683195592285e-7	4.084057470278366e15
1.3989071038251365e-7	1.1913779373357922e14
1.3875338753387534e-7	3.056579950010431e15
1.3763440860215053e-7	2.201454233290747e15
1.3653333333333334e-7	4.623931178674007e15
1.3544973544973543e-7	1.0260609426666978e15
1.3438320209973753e-7	1.5176381997394718e15
1.333333333333333e-7	1.6256011935340322e15
1.3229974160206715e-7	1.1727051134686715e15
1.3128205128205127e-7	4.782284927735186e14
1.302798982188295e-7	1.0157531448513608e15
1.292929292929293e-7	4.886725846929421e14
1.2832080200501253e-7	1.4040027998196632e15
1.27363184079602e-7	6.15079868105332e14
1.2641975308641975e-7	1.6290479929202528e15
1.2549019607843138e-7	1.652929521931856e15
1.2457420924574208e-7	7.885207222260609e14
1.2367149758454104e-7	2.5831991140624862e14
1.2278177458033572e-7	2.574242938679016e14
1.2190476190476188e-7	1.0421915532399671e15
1.210401891252955e-7	3.4821160664063025e14
1.2018779342723003e-7	3.1782632099412375e14
1.1934731934731933e-7	4.494485435328142e14
1.185185185185185e-7	3.3102861064150356e14
1.1770114942528734e-7	6.260137285039239e14
1.1689497716894976e-7	2.5743499908598138e14
1.1609977324263038e-7	1.5014885759079338e13
1.1531531531531531e-7	4.6170450383132225e14
1.1454138702460848e-7	1.7153381334553503e14
1.1377777777777777e-7	3.7938715458382425e14
1.1302428256070639e-7	2.014657681852916e14
1.1228070175438595e-7	1.2677072047687222e14
1.1154684095860565e-7	6.584132004740308e13
1.1082251082251081e-7	5.588193498866124e13
1.1010752688172043e-7	9.595463319944992e13
1.0940170940170939e-7	1.6769312152512378e14
1.0870488322717621e-7	2.886825423774231e14
1.080168776371308e-7	9.223325185153992e14
1.0733752620545073e-7	6.497343176744934e14
1.0666666666666666e-7	1.8716167113843116e14
1.0600414078674947e-7	7.246353937051462e14
1.0534979423868312e-7	2.651592749197845e14
1.0470347648261758e-7	6.42410429205123e14
1.040650406504065e-7	4.276996146773561e14
1.0343434343434342e-7	5.692489799877075e14
1.0281124497991966e-7	1.0672564010670988e15
1.0219560878243514e-7	7.891724892389372e14
1.0158730158730159e-7	6.94270858565503e14
1.009861932938856e-7	1.4331163382880595e15
1.0039215686274509e-7	2.194331836459135e15
9.980506822612084e-8	2.213814374509015e15
