3.6312056737588646e-7	3.7334156154854244e19
3.5555555555555553e-7	2.0519425157871007e20
3.482993197278911e-7	1.2454795569838355e20
3.413333333333333e-7	6.5348057069858415e19
3.34640522875817e-7	1.1669879995712225e20
3.282051282051282e-7	4.80248231281577e19
3.2201257861635214e-7	2.9002022414850003e19
3.160493827160493e-7	1.4028076256472665e20
3.1030303030303027e-7	3.94080575312431e19
3.047619047619047e-7	9.247822482613608e19
2.9941520467836257e-7	1.0161945215011137e20
2.942528735632184e-7	9.016542265406146e19
2.892655367231638e-7	2.7616208088076334e20
2.844444444444444e-7	2.7351802261707958e20
2.797814207650273e-7	3.646576610911266e20
2.7526881720430106e-7	7.308754308130634e20
2.7089947089947086e-7	9.745304549436279e20
2.666666666666666e-7	1.0883465269885154e21
2.6256410256410255e-7	1.662354722913703e21
2.585858585858586e-7	1.6008432876393343e21
2.54726368159204e-7	1.8727901136781283e21
2.5098039215686275e-7	1.6196443187636776e21
2.4734299516908207e-7	1.4233232443196378e21
2.4380952380952376e-7	7.211687854894536e20
2.4037558685446006e-7	4.6454180024335847e20
2.37037037037037e-7	1.0494255550853197e20
2.3378995433789952e-7	1.4372629219688968e19
2.3063063063063062e-7	1.785822165406796e20
2.2755555555555555e-7	4.2136333169459855e20
2.245614035087719e-7	8.092910545439305e20
2.2164502164502162e-7	7.955607734837528e20
2.1880341880341878e-7	8.785214765028909e20
2.160337552742616e-7	7.63704870431338e20
2.133333333333333e-7	5.293576648064969e20
2.1069958847736624e-7	3.2393294443074775e20
2.08130081300813e-7	2.2265558306088124e20
2.0562248995983933e-7	1.796382645466127e20
2.0317460317460317e-7	1.488498681714255e20
2.0078431372549018e-7	1.7581614465088694e20
1.9844961240310076e-7	1.223501320211032e20
1.961685823754789e-7	6.826296550639634e19
1.939393939393939e-7	1.8286581621480632e19
1.9176029962546815e-7	1.4160487142947123e19
1.896296296296296e-7	1.2690156899941335e19
1.8754578754578753e-7	1.022167684151734e19
1.8550724637681157e-7	2.85089638388809e18
1.8351254480286738e-7	3.8149803377670825e18
1.8156028368794323e-7	7.858853461925449e17
1.7964912280701754e-7	2.6688488521581164e18
1.7777777777777776e-7	1.8441745027649443e17
1.7594501718213055e-7	2.1979646069462625e18
1.7414965986394556e-7	1.8767187286722742e17
1.7239057239057235e-7	1.373469868288622e18
1.7066666666666666e-7	9.263822053240045e16
1.6897689768976896e-7	1.7984835776214515e17
1.673202614379085e-7	4.188179601247237e17
1.656957928802589e-7	1.510966332375051e18
1.641025641025641e-7	4.094053577042264e18
1.6253968253968253e-7	1.5325858481307776e18
1.6100628930817607e-7	1.9531452837355098e18
1.5950155763239874e-7	6.00295477625655e18
1.5802469135802466e-7	2.389255175662955e18
1.565749235474006e-7	3.5133026651937055e18
1.5515151515151514e-7	5.991188920587554e18
1.5375375375375375e-7	9.044677375327199e17
1.5238095238095236e-7	6.070356379490783e18
1.510324483775811e-7	1.0028637099631644e18
1.4970760233918129e-7	4.906941758273999e18
1.4840579710144926e-7	1.5566148524479206e18
1.471264367816092e-7	2.9779363111224e18
1.4586894586894585e-7	5.373665922502621e17
1.446327683615819e-7	2.3904474497873526e18
1.434173669467787e-7	9.32075055688085e17
1.422222222222222e-7	1.7736494766748488e18
1.4104683195592285e-7	7.616872811017964e17
1.3989071038251365e-7	1.2573772682860772e18
1.3875338753387534e-7	3.4875235443841875e17
1.3763440860215053e-7	6.299547869816835e17
1.3653333333333334e-7	7.259083389887133e16
1.3544973544973543e-7	1.4280420067060382e17
1.3438320209973753e-7	3.0897095469368795e15
1.333333333333333e-7	4.641979590920128e16
1.3229974160206715e-7	6.61191366021733e16
1.3128205128205127e-7	7.642025311710264e16
1.302798982188295e-7	1.1395261644278253e17
1.292929292929293e-7	1.2060739657600736e17
1.2832080200501253e-7	8.830358948706214e16
1.27363184079602e-7	1.1298072231072562e17
1.2641975308641975e-7	5.378229831575135e16
1.2549019607843138e-7	7.77419319901318e16
1.2457420924574208e-7	2.8400473720499856e16
1.2367149758454104e-7	4.073365674036777e16
1.2278177458033572e-7	1.0384564705099546e16
1.2190476190476188e-7	2.090115658211266e16
1.210401891252955e-7	3.690986488881157e15
1.2018779342723003e-7	8.951907447763968e15
1.1934731934731933e-7	8.605019483821102e14
1.185185185185185e-7	4.745669944371774e15
1.1770114942528734e-7	5.905144794516335e14
1.1689497716894976e-7	8.126810033320516e14
1.1609977324263038e-7	3.6207996364470265e15
1.1531531531531531e-7	8.261595670407754e14
1.1454138702460848e-7	5.309031630644261e14
1.1377777777777777e-7	5.799548164774165e15
1.1302428256070639e-7	3.679307959503908e15
1.1228070175438595e-7	9.856510432366852e14
1.1154684095860565e-7	1.153422462402738e15
1.1082251082251081e-7	2.526776276263938e15
1.1010752688172043e-7	3.063359368120183e15
1.0940170940170939e-7	1.8387334770071028e14
1.0870488322717621e-7	1.1632513064727678e15
1.080168776371308e-7	1.0457240321449772e15
1.0733752620545073e-7	3.22037693645084e15
1.0666666666666666e-7	4.237312910946969e14
1.0600414078674947e-7	2.0785793852008568e15
1.0534979423868312e-7	2.556190917252682e15
1.0470347648261758e-7	1.1826869340975482e15
1.040650406504065e-7	1.4764689345397402e15
1.0343434343434342e-7	4.0516708168037355e15
1.0281124497991966e-7	1.046358892678958e15
1.0219560878243514e-7	2.3406003512985385e15
1.0158730158730159e-7	1.2427659512651715e15
1.009861932938856e-7	1.636428479082362e15
1.0039215686274509e-7	1.6700012432248495e15
9.980506822612084e-8	1.733444908666812e15
