3.6312056737588646e-7	2.976466669615208e20
3.5555555555555553e-7	1.4031575531265481e20
3.482993197278911e-7	6.374015560844332e20
3.413333333333333e-7	2.3077569505995977e19
3.34640522875817e-7	3.855471790260868e20
3.282051282051282e-7	2.2191815566090076e20
3.2201257861635214e-7	2.1739426349729094e20
3.160493827160493e-7	2.6695223875116964e20
3.1030303030303027e-7	8.179000215304722e20
3.047619047619047e-7	3.951688745268377e20
2.9941520467836257e-7	8.135365413081669e20
2.942528735632184e-7	8.85711289164052e20
2.892655367231638e-7	3.387132095475857e20
2.844444444444444e-7	6.916883592821077e20
2.797814207650273e-7	5.0903026187351884e20
2.7526881720430106e-7	5.643315251219126e20
2.7089947089947086e-7	3.511752485393483e20
2.666666666666666e-7	4.1393485382168255e20
2.6256410256410255e-7	1.1727314570034856e20
2.585858585858586e-7	1.7806630963071472e19
2.54726368159204e-7	3.737839258411752e20
2.5098039215686275e-7	8.037574670577207e20
2.4734299516908207e-7	1.6220268313795216e21
2.4380952380952376e-7	2.545348051979173e21
2.4037558685446006e-7	3.0848565780081227e21
2.37037037037037e-7	3.2180413340849385e21
2.3378995433789952e-7	3.5672382919635795e21
2.3063063063063062e-7	3.7248413983689026e21
2.2755555555555555e-7	3.392374698913193e21
2.245614035087719e-7	3.1370456386141123e21
2.2164502164502162e-7	2.8248432649997076e21
2.1880341880341878e-7	2.649239865601507e21
2.160337552742616e-7	2.4103107332553667e21
2.133333333333333e-7	2.5219381734317076e21
2.1069958847736624e-7	2.0545740130883351e21
2.08130081300813e-7	1.9424352648260755e21
2.0562248995983933e-7	1.5906175832288838e21
2.0317460317460317e-7	1.0256781540158948e21
2.0078431372549018e-7	8.620546881217289e20
1.9844961240310076e-7	4.259805033664348e20
1.961685823754789e-7	2.73329662671967e20
1.939393939393939e-7	1.4764007383836774e20
1.9176029962546815e-7	6.009622477600553e19
1.896296296296296e-7	2.9719638720609886e19
1.8754578754578753e-7	3.4693404210154795e19
1.8550724637681157e-7	1.2463694018367107e19
1.8351254480286738e-7	2.6392744437909115e19
1.8156028368794323e-7	1.9182912641676984e19
1.7964912280701754e-7	3.0305578064679952e19
1.7777777777777776e-7	1.5625028390878534e19
1.7594501718213055e-7	3.8904264197858075e19
1.7414965986394556e-7	1.3980979535125131e19
1.7239057239057235e-7	1.561309413148007e19
1.7066666666666666e-7	1.5284640303127577e19
1.6897689768976896e-7	1.936642974178294e19
1.673202614379085e-7	8.852888207688237e18
1.656957928802589e-7	9.342255495657386e18
1.641025641025641e-7	5.669362613355244e18
1.6253968253968253e-7	7.595941629513757e17
1.6100628930817607e-7	2.657132839400092e18
1.5950155763239874e-7	1.572958736428235e18
1.5802469135802466e-7	4.959622975267519e18
1.565749235474006e-7	3.5447130169238124e18
1.5515151515151514e-7	2.0453553070045527e18
1.5375375375375375e-7	2.71519708316698e18
1.5238095238095236e-7	9.703478191206277e18
1.510324483775811e-7	1.3022091605487915e19
1.4970760233918129e-7	1.257744154485367e19
1.4840579710144926e-7	1.3757666397652128e19
1.471264367816092e-7	1.6054134058736618e16
1.4586894586894585e-7	8.301967897991637e18
1.446327683615819e-7	3.6114447271760744e19
1.434173669467787e-7	3.782574417615529e19
1.422222222222222e-7	2.9808416665825796e19
1.4104683195592285e-7	2.243515578252559e18
1.3989071038251365e-7	1.6035043302739474e19
1.3875338753387534e-7	3.953314025396216e19
1.3763440860215053e-7	3.489402626870142e19
1.3653333333333334e-7	4.025152909798007e18
1.3544973544973543e-7	5.140465390231267e18
1.3438320209973753e-7	2.4158113965556847e19
1.333333333333333e-7	2.100468634537204e19
1.3229974160206715e-7	1.5178568149758902e18
1.3128205128205127e-7	1.0725625202315907e19
1.302798982188295e-7	1.1443284101179271e19
1.292929292929293e-7	3.8432134276431406e18
1.2832080200501253e-7	4.519412170182136e18
1.27363184079602e-7	6.506119737036318e18
1.2641975308641975e-7	2.6369761773739197e18
1.2549019607843138e-7	3.4263409595409915e18
1.2457420924574208e-7	2.1970412081411515e18
1.2367149758454104e-7	2.1946687838065475e18
1.2278177458033572e-7	1.004290291592107e18
1.2190476190476188e-7	1.2995742809739786e18
1.210401891252955e-7	4.8125738639144806e17
1.2018779342723003e-7	7.895429412390584e17
1.1934731934731933e-7	3.400560918781291e17
1.185185185185185e-7	5.995939883665676e17
1.1770114942528734e-7	2.2928562668142208e17
1.1689497716894976e-7	3.3465060680782496e17
1.1609977324263038e-7	8.287492000099627e16
1.1531531531531531e-7	2.5688591136407626e17
1.1454138702460848e-7	1.2697232773425928e17
1.1377777777777777e-7	1.1705872985998469e17
1.1302428256070639e-7	5.175130541887973e16
1.1228070175438595e-7	8.677693888597693e16
1.1154684095860565e-7	1.3480776900467504e16
1.1082251082251081e-7	3.632284527088752e16
1.1010752688172043e-7	4.255538448302625e15
1.0940170940170939e-7	1.103117456168144e16
1.0870488322717621e-7	1.3100764347586858e15
1.080168776371308e-7	6.330125625053393e15
1.0733752620545073e-7	3.0590839876629244e14
1.0666666666666666e-7	5.562192359458716e15
1.0600414078674947e-7	3.8036256520410175e14
1.0534979423868312e-7	5.093848586685742e15
1.0470347648261758e-7	3.301881075821516e15
1.040650406504065e-7	6.467493801830344e15
1.0343434343434342e-7	6.575771653169472e15
1.0281124497991966e-7	5.492377818567368e15
1.0219560878243514e-7	9.433676496957594e15
1.0158730158730159e-7	5.123336438224743e15
1.009861932938856e-7	1.1922165080801646e16
1.0039215686274509e-7	5.016832004494347e15
9.980506822612084e-8	1.1042773142749412e16
