3.6312056737588646e-7	1.4437582088829886e19
3.5555555555555553e-7	1.262014434220125e19
3.482993197278911e-7	3.9317332520048927e18
3.413333333333333e-7	3.296858606265334e18
3.34640522875817e-7	2.5855132928536847e18
3.282051282051282e-7	4.676223748684058e18
3.2201257861635214e-7	3.2677025380101417e18
3.160493827160493e-7	3.9097319932165345e18
3.1030303030303027e-7	3.077413553434964e18
3.047619047619047e-7	1.64801381289661e18
2.9941520467836257e-7	2.619547312747569e18
2.942528735632184e-7	6.175994075887425e17
2.892655367231638e-7	4.375435671893286e17
2.844444444444444e-7	9.079278571474285e17
2.797814207650273e-7	1.5705313483060772e18
2.7526881720430106e-7	4.3134182773983314e18
2.7089947089947086e-7	7.054568074631602e18
2.666666666666666e-7	1.670097325867606e19
2.6256410256410255e-7	2.067747287722377e19
2.585858585858586e-7	2.6538546557695726e19
2.54726368159204e-7	2.2134957964958515e19
2.5098039215686275e-7	1.633853087075045e19
2.4734299516908207e-7	1.1870824828040047e19
2.4380952380952376e-7	6.723099570335848e18
2.4037558685446006e-7	5.151835566177277e18
2.37037037037037e-7	2.387462309939383e18
2.3378995433789952e-7	2.6129388871595023e18
2.3063063063063062e-7	2.3228583784113787e18
2.2755555555555555e-7	3.778447113582981e18
2.245614035087719e-7	5.227035516862842e18
2.2164502164502162e-7	4.039135743997805e18
2.1880341880341878e-7	4.168670567238215e18
2.160337552742616e-7	2.3124749516968893e18
2.133333333333333e-7	1.5563379083551002e18
2.1069958847736624e-7	1.0000136432463067e18
2.08130081300813e-7	3.861479506613034e17
2.0562248995983933e-7	5.302037706655712e17
2.0317460317460317e-7	9.451261485801184e16
2.0078431372549018e-7	1.999576544242245e17
1.9844961240310076e-7	3.7218525876760056e16
1.961685823754789e-7	2.5634459502862716e16
1.939393939393939e-7	1.2251462707514714e16
1.9176029962546815e-7	4.1849781760302575e14
1.896296296296296e-7	1.984641261823903e16
1.8754578754578753e-7	6.740241685455819e15
1.8550724637681157e-7	1.1548036955987424e16
1.8351254480286738e-7	4.4555915332551665e15
1.8156028368794323e-7	1.8535603900730724e16
1.7964912280701754e-7	5.227898900050986e15
1.7777777777777776e-7	1.3061982458834104e16
1.7594501718213055e-7	1.7222466288863764e16
1.7414965986394556e-7	5.242682827359128e14
1.7239057239057235e-7	9.29338058679066e15
1.7066666666666666e-7	1.307263027215935e15
1.6897689768976896e-7	4.23063430995458e14
1.673202614379085e-7	5.40882561821354e15
1.656957928802589e-7	5.475341044543354e15
1.641025641025641e-7	6.478945733939871e15
1.6253968253968253e-7	2.8798915566275475e15
1.6100628930817607e-7	4.267645057602905e14
1.5950155763239874e-7	1.0921114963274255e15
1.5802469135802466e-7	4.685166332061503e15
1.565749235474006e-7	7.771467689531544e14
1.5515151515151514e-7	6.093792246896706e14
1.5375375375375375e-7	1.4714203622869388e15
1.5238095238095236e-7	6.492969218065126e15
1.510324483775811e-7	3.852537244823908e15
1.4970760233918129e-7	6.894691026413686e14
1.4840579710144926e-7	9.879858902014382e14
1.471264367816092e-7	2.419248986941357e15
1.4586894586894585e-7	3.111196000574216e15
1.446327683615819e-7	2.02056134337463e15
1.434173669467787e-7	1.2343875963982908e15
1.422222222222222e-7	2.035574739244167e15
1.4104683195592285e-7	4.858729292036095e13
1.3989071038251365e-7	1.725595697243661e15
1.3875338753387534e-7	3.006417895349889e15
1.3763440860215053e-7	3.154027987025666e14
1.3653333333333334e-7	1.3794030829034752e15
1.3544973544973543e-7	8.625297582832259e14
1.3438320209973753e-7	3.253761380470354e14
1.333333333333333e-7	2.168636585676539e14
1.3229974160206715e-7	1.364877126105519e15
1.3128205128205127e-7	6.155157516547186e13
1.302798982188295e-7	6.70209012473454e14
1.292929292929293e-7	8.932217281896576e14
1.2832080200501253e-7	2.0381476240302662e14
1.27363184079602e-7	1.0834654510532958e15
1.2641975308641975e-7	2.724392028775685e14
1.2549019607843138e-7	4.5104659674060325e14
1.2457420924574208e-7	3.950612276096456e14
1.2367149758454104e-7	1.2183490819149258e14
1.2278177458033572e-7	4.1593453500856975e14
1.2190476190476188e-7	6.972214317028496e13
1.210401891252955e-7	5.721973366271396e14
1.2018779342723003e-7	7.35331188452736e13
1.1934731934731933e-7	5.711561891063884e14
1.185185185185185e-7	4.7627715035509625e13
1.1770114942528734e-7	4.4502925965881206e14
1.1689497716894976e-7	5.018132656509031e13
1.1609977324263038e-7	2.4714771350567103e14
1.1531531531531531e-7	1.8080758769727722e14
1.1454138702460848e-7	3.0774504083169945e13
1.1377777777777777e-7	3.435236160442319e14
1.1302428256070639e-7	1.0597580559259258e14
1.1228070175438595e-7	1.440612873174866e14
1.1154684095860565e-7	4.094368604350645e14
1.1082251082251081e-7	1.0881912147746775e14
1.1010752688172043e-7	6.418519524239576e13
1.0940170940170939e-7	3.225178226018836e14
1.0870488322717621e-7	3.2240795840470025e14
1.080168776371308e-7	1.642005826700732e14
1.0733752620545073e-7	8.42144667825172e13
1.0666666666666666e-7	3.949944251108389e13
1.0600414078674947e-7	5.468820159990014e13
1.0534979423868312e-7	8.025643152473123e13
1.0470347648261758e-7	7.883335799610728e13
1.040650406504065e-7	8.162672234388736e13
1.0343434343434342e-7	6.856086798609332e13
1.0281124497991966e-7	7.17110615470196e13
1.0219560878243514e-7	8.934746263709336e13
1.0158730158730159e-7	3.2671490524128562e13
1.009861932938856e-7	5.457364945929795e13
1.0039215686274509e-7	2.677472043535007e13
9.980506822612084e-8	1.8469055401585156e13
