3.6312056737588646e-7	2.3228907646648284e20
3.5555555555555553e-7	6.4661932873707725e19
3.482993197278911e-7	1.3211791049701335e20
3.413333333333333e-7	1.1341442109009658e20
3.34640522875817e-7	1.7525754974517664e20
3.282051282051282e-7	1.4520868152917834e20
3.2201257861635214e-7	5.997581281558586e19
3.160493827160493e-7	8.787013315040805e19
3.1030303030303027e-7	7.031255999040904e19
3.047619047619047e-7	8.947921982564624e19
2.9941520467836257e-7	7.791642989563781e19
2.942528735632184e-7	2.2498540830566603e20
2.892655367231638e-7	4.6449702876234344e20
2.844444444444444e-7	9.240734758514716e19
2.797814207650273e-7	8.616906960502256e20
2.7526881720430106e-7	5.5807384569362265e20
2.7089947089947086e-7	9.318070825522089e20
2.666666666666666e-7	1.5848055800195071e21
2.6256410256410255e-7	1.4225593496826704e21
2.585858585858586e-7	1.4516213355510972e21
2.54726368159204e-7	1.566947779008874e21
2.5098039215686275e-7	3.206550605945595e21
2.4734299516908207e-7	2.9514045579923617e21
2.4380952380952376e-7	4.999409779175561e21
2.4037558685446006e-7	3.6186162757461245e21
2.37037037037037e-7	2.5202507024105876e21
2.3378995433789952e-7	3.5031390848147663e21
2.3063063063063062e-7	3.991505289034196e21
2.2755555555555555e-7	4.2405520836166523e21
2.245614035087719e-7	3.5375636116224465e21
2.2164502164502162e-7	2.719775869613401e21
2.1880341880341878e-7	8.945051977496199e20
2.160337552742616e-7	1.3026970273625518e21
2.133333333333333e-7	1.1461934250180065e21
2.1069958847736624e-7	1.2698639840574447e21
2.08130081300813e-7	1.6692739855135212e21
2.0562248995983933e-7	1.1170749413888695e21
2.0317460317460317e-7	6.174644910090336e20
2.0078431372549018e-7	4.082525021843737e20
1.9844961240310076e-7	1.917263489090956e20
1.961685823754789e-7	1.3868745165962866e20
1.939393939393939e-7	9.515744099185803e20
1.9176029962546815e-7	9.048143902635161e20
1.896296296296296e-7	1.5722931616361818e21
1.8754578754578753e-7	1.727473477312004e21
1.8550724637681157e-7	1.611337049014037e21
1.8351254480286738e-7	1.5904310242913587e21
1.8156028368794323e-7	1.390959114494487e21
1.7964912280701754e-7	8.848660697036424e20
1.7777777777777776e-7	1.0349886809004599e21
1.7594501718213055e-7	3.621018169646503e20
1.7414965986394556e-7	5.131014355372051e20
1.7239057239057235e-7	1.7227001226311074e20
1.7066666666666666e-7	1.1166522501154724e20
1.6897689768976896e-7	7.611597210739406e19
1.673202614379085e-7	2.5309806748960645e19
1.656957928802589e-7	3.97605460272248e18
1.641025641025641e-7	3.0386366566876865e19
1.6253968253968253e-7	1.6648082140988752e19
1.6100628930817607e-7	1.9226630483233933e18
1.5950155763239874e-7	4.817177435341204e18
1.5802469135802466e-7	6.300942909100352e17
1.565749235474006e-7	5.663745352624327e18
1.5515151515151514e-7	1.24124854348674e19
1.5375375375375375e-7	1.705879808055511e18
1.5238095238095236e-7	2.9045461094517318e19
1.510324483775811e-7	1.8020006612323897e19
1.4970760233918129e-7	2.275888938740042e19
1.4840579710144926e-7	1.2081390869295188e19
1.471264367816092e-7	5.827858618059034e19
1.4586894586894585e-7	2.2053628531374154e19
1.446327683615819e-7	4.6008792186467185e18
1.434173669467787e-7	2.616618946259967e18
1.422222222222222e-7	3.863986155264464e18
1.4104683195592285e-7	3.041090334836781e19
1.3989071038251365e-7	1.7418574877901386e19
1.3875338753387534e-7	1.83062342823027e19
1.3763440860215053e-7	2.754126983621829e18
1.3653333333333334e-7	1.4368515034481272e18
1.3544973544973543e-7	9.637197952801145e18
1.3438320209973753e-7	1.4017204997771635e19
1.333333333333333e-7	9.389609072891546e17
1.3229974160206715e-7	3.201191229893202e18
1.3128205128205127e-7	7.315895423031357e17
1.302798982188295e-7	1.6923871999719112e18
1.292929292929293e-7	3.0874536774701583e18
1.2832080200501253e-7	3.5934809685096934e17
1.27363184079602e-7	1.7194957903191183e18
1.2641975308641975e-7	4.104658231234552e17
1.2549019607843138e-7	7.838417970939759e17
1.2457420924574208e-7	5.565110125682975e17
1.2367149758454104e-7	1.1273155632659784e17
1.2278177458033572e-7	1.2432027570228288e17
1.2190476190476188e-7	3.258070828142444e15
1.210401891252955e-7	4.161990798953256e16
1.2018779342723003e-7	1.3775155112462539e17
1.1934731934731933e-7	1.8120719050561184e17
1.185185185185185e-7	7.935210470854972e17
1.1770114942528734e-7	1.2122392753500624e17
1.1689497716894976e-7	6.803696681549944e17
1.1609977324263038e-7	1.7094855566862927e18
1.1531531531531531e-7	3.6195097307344773e18
1.1454138702460848e-7	7.202938414367031e18
1.1377777777777777e-7	1.7803285971061866e19
1.1302428256070639e-7	1.999924913097429e18
1.1228070175438595e-7	1.2884578647508265e19
1.1154684095860565e-7	2.785006402461912e18
1.1082251082251081e-7	2.008883902218355e19
1.1010752688172043e-7	7.563602293717559e18
1.0940170940170939e-7	6.352410390144999e18
1.0870488322717621e-7	1.2598301420579842e19
1.080168776371308e-7	7.460817926324476e17
1.0733752620545073e-7	7.353757258752517e18
1.0666666666666666e-7	2.147562443981482e18
1.0600414078674947e-7	3.825116778797443e18
1.0534979423868312e-7	6.17814420216528e17
1.0470347648261758e-7	1.6859455103205094e18
1.040650406504065e-7	1.7745619339440748e18
1.0343434343434342e-7	1.210032747371006e18
1.0281124497991966e-7	5.254250295026483e18
1.0219560878243514e-7	6.149035841920361e17
1.0158730158730159e-7	4.2845579956456774e17
1.009861932938856e-7	1.516671560556543e18
1.0039215686274509e-7	1.123873194098974e18
9.980506822612084e-8	2.5499110162557046e17
