3.6312056737588646e-7	1.1155873034056333e18
3.5555555555555553e-7	1.474480833005514e20
3.482993197278911e-7	2.070535244026993e20
3.413333333333333e-7	1.6562214344534956e20
3.34640522875817e-7	1.2601128515546985e21
3.282051282051282e-7	1.4269493787303095e21
3.2201257861635214e-7	1.6569225920266906e21
3.160493827160493e-7	2.554525560617575e21
3.1030303030303027e-7	7.925786745843877e20
3.047619047619047e-7	9.618579222131789e20
2.9941520467836257e-7	4.721481589223095e20
2.942528735632184e-7	1.4463249295268341e20
2.892655367231638e-7	5.2812050076308365e19
2.844444444444444e-7	5.1637516212749114e20
2.797814207650273e-7	3.7343259598065834e20
2.7526881720430106e-7	1.4651622139697035e19
2.7089947089947086e-7	3.883394996165014e19
2.666666666666666e-7	5.587508121761639e20
2.6256410256410255e-7	6.584320054809695e20
2.585858585858586e-7	3.100492265005881e20
2.54726368159204e-7	4.41836767203912e20
2.5098039215686275e-7	2.0969883620292344e21
2.4734299516908207e-7	1.850449885877636e21
2.4380952380952376e-7	1.4717829620473906e21
2.4037558685446006e-7	2.3528986160341514e21
2.37037037037037e-7	1.893273047948736e21
2.3378995433789952e-7	1.4543495084725958e21
2.3063063063063062e-7	1.63616961726046e21
2.2755555555555555e-7	8.837652233778155e20
2.245614035087719e-7	2.5134082861472124e20
2.2164502164502162e-7	6.695747397236248e20
2.1880341880341878e-7	6.189724925764262e20
2.160337552742616e-7	3.1880066553225026e20
2.133333333333333e-7	3.484954163547843e20
2.1069958847736624e-7	4.369690811076981e20
2.08130081300813e-7	3.512107048019771e20
2.0562248995983933e-7	3.166555833852243e20
2.0317460317460317e-7	5.299360343730946e20
2.0078431372549018e-7	2.114394967221524e20
1.9844961240310076e-7	6.774007489177528e19
1.961685823754789e-7	3.5870481020333793e19
1.939393939393939e-7	1.4566155682250005e20
1.9176029962546815e-7	1.9631959518534595e20
1.896296296296296e-7	2.8053702255237097e20
1.8754578754578753e-7	3.963052422465458e20
1.8550724637681157e-7	3.21253749071625e20
1.8351254480286738e-7	8.440934723124509e19
1.8156028368794323e-7	3.383227158969123e19
1.7964912280701754e-7	6.131669579092259e19
1.7777777777777776e-7	1.920936358526083e20
1.7594501718213055e-7	3.4099123563234525e20
1.7414965986394556e-7	3.552549176648637e20
1.7239057239057235e-7	4.695464917138284e20
1.7066666666666666e-7	4.7328128899864737e20
1.6897689768976896e-7	3.9856963065794016e20
1.673202614379085e-7	3.336540117904919e20
1.656957928802589e-7	3.32432822119294e20
1.641025641025641e-7	3.426886610377546e20
1.6253968253968253e-7	2.1832914492018852e20
1.6100628930817607e-7	1.1954083721524507e20
1.5950155763239874e-7	3.5873703286326723e19
1.5802469135802466e-7	1.2129094162853466e19
1.565749235474006e-7	1.6968172128228943e18
1.5515151515151514e-7	3.7691955360628424e18
1.5375375375375375e-7	1.1009291500653471e18
1.5238095238095236e-7	1.540161214513504e17
1.510324483775811e-7	2.826307021970313e18
1.4970760233918129e-7	3.4602096507817057e18
1.4840579710144926e-7	4.867027968902301e18
1.471264367816092e-7	9.573601393901832e18
1.4586894586894585e-7	3.852724076122455e18
1.446327683615819e-7	3.488693583478615e18
1.434173669467787e-7	9.89714482020087e18
1.422222222222222e-7	9.853185989641994e18
1.4104683195592285e-7	2.5328904216238735e18
1.3989071038251365e-7	4.4127779579938273e18
1.3875338753387534e-7	2.2044501057229947e18
1.3763440860215053e-7	2.4222303638496614e18
1.3653333333333334e-7	7.059685846961757e17
1.3544973544973543e-7	8.477686818566225e17
1.3438320209973753e-7	2.971980494069458e17
1.333333333333333e-7	6.275049292329316e17
1.3229974160206715e-7	2.5870873525060035e17
1.3128205128205127e-7	5.663556995402031e17
1.302798982188295e-7	2.1779384527589712e17
1.292929292929293e-7	3.772667732484084e17
1.2832080200501253e-7	9.40852137834161e16
1.27363184079602e-7	1.8300639331786963e17
1.2641975308641975e-7	5.9653570633422936e16
1.2549019607843138e-7	5.788048127480724e16
1.2457420924574208e-7	4.962450422057059e16
1.2367149758454104e-7	5.937511621123003e15
1.2278177458033572e-7	1.249136010637713e16
1.2190476190476188e-7	1.6865034394164122e16
1.210401891252955e-7	4.61597131079273e15
1.2018779342723003e-7	9.542111930376868e15
1.1934731934731933e-7	1.8263804933184562e15
1.185185185185185e-7	1.7811909103408612e16
1.1770114942528734e-7	2.7331791035381435e15
1.1689497716894976e-7	1.2404556325604644e16
1.1609977324263038e-7	2.6755696609336052e16
1.1531531531531531e-7	1.2935218497052404e16
1.1454138702460848e-7	5.17128791036667e16
1.1377777777777777e-7	2.061396149415037e16
1.1302428256070639e-7	8.76094988056456e16
1.1228070175438595e-7	3.67239523369532e16
1.1154684095860565e-7	4.1982310703210584e16
1.1082251082251081e-7	4.508669738794072e16
1.1010752688172043e-7	2.5194023028632576e17
1.0940170940170939e-7	1.938736134636903e17
1.0870488322717621e-7	8.013285549043436e17
1.080168776371308e-7	1.9684411292150973e17
1.0733752620545073e-7	2.8371890910352822e17
1.0666666666666666e-7	6.191955054519916e17
1.0600414078674947e-7	1.2160294594500718e18
1.0534979423868312e-7	7.838810383451382e17
1.0470347648261758e-7	1.1353982453540123e18
1.040650406504065e-7	2.738245074311768e18
1.0343434343434342e-7	1.293167667671903e18
1.0281124497991966e-7	8.957452418518511e17
1.0219560878243514e-7	1.8952017379659878e18
1.0158730158730159e-7	3.8587827975969766e17
1.009861932938856e-7	3.650911641460413e18
1.0039215686274509e-7	2.5208738850162016e16
9.980506822612084e-8	2.9589255909891517e18
