3.6312056737588646e-7	6.270930859992824e18
3.5555555555555553e-7	9.740570865267036e18
3.482993197278911e-7	2.81761707964562e18
3.413333333333333e-7	4.796558927159416e18
3.34640522875817e-7	3.131432233373341e18
3.282051282051282e-7	3.931383503138561e18
3.2201257861635214e-7	3.0677054687163295e18
3.160493827160493e-7	2.706496621718089e18
3.1030303030303027e-7	1.8834647899742305e18
3.047619047619047e-7	1.7870110024086157e18
2.9941520467836257e-7	1.6237618537357033e18
2.942528735632184e-7	1.2569407378250977e18
2.892655367231638e-7	9.057538817656375e17
2.844444444444444e-7	1.1214099996618186e18
2.797814207650273e-7	5.1512692910368966e17
2.7526881720430106e-7	1.4062177613035617e18
2.7089947089947086e-7	2.1567068348988352e17
2.666666666666666e-7	1.712824547132851e18
2.6256410256410255e-7	4.533999196555542e17
2.585858585858586e-7	2.0114913172730038e18
2.54726368159204e-7	9.113859944967398e17
2.5098039215686275e-7	2.4369030026689674e18
2.4734299516908207e-7	9.053824018371578e17
2.4380952380952376e-7	1.2985010949718825e18
2.4037558685446006e-7	3.4592187121412544e17
2.37037037037037e-7	1.992139083965849e16
2.3378995433789952e-7	6.79284121729161e16
2.3063063063063062e-7	6.072037122509279e17
2.2755555555555555e-7	3.805451646636061e16
2.245614035087719e-7	5.808952568244179e17
2.2164502164502162e-7	1.2709491684705922e14
2.1880341880341878e-7	1.0732236495322928e17
2.160337552742616e-7	7.913541607003578e16
2.133333333333333e-7	5.936749113476122e16
2.1069958847736624e-7	8.530062779724752e16
2.08130081300813e-7	2.5655253270522744e16
2.0562248995983933e-7	4.708756506307503e15
2.0317460317460317e-7	3.4325536602235436e16
2.0078431372549018e-7	6.112609892410372e16
1.9844961240310076e-7	4.306801145624062e16
1.961685823754789e-7	1.7767742739723076e16
1.939393939393939e-7	1.0491685594227932e16
1.9176029962546815e-7	2.4330112124666296e16
1.896296296296296e-7	2.8240452238607204e16
1.8754578754578753e-7	7.153062599227541e15
1.8550724637681157e-7	2.2262009574009135e15
1.8351254480286738e-7	1.244494923470137e16
1.8156028368794323e-7	1.2533183866700474e16
1.7964912280701754e-7	1.4113880731952542e15
1.7777777777777776e-7	7.657447453368274e15
1.7594501718213055e-7	1.3571687224733014e16
1.7414965986394556e-7	4.329450079329139e15
1.7239057239057235e-7	2.036920020605449e15
1.7066666666666666e-7	7.539289828640814e15
1.6897689768976896e-7	1.7506323695744745e15
1.673202614379085e-7	1.5034115012093375e15
1.656957928802589e-7	3.2298261140375135e15
1.641025641025641e-7	3.995388996231575e13
1.6253968253968253e-7	3.895891360353497e15
1.6100628930817607e-7	1.034698116541515e15
1.5950155763239874e-7	2.1822143830861172e15
1.5802469135802466e-7	1.731898141276915e15
1.565749235474006e-7	9.977818462813676e14
1.5515151515151514e-7	9.82288592895184e14
1.5375375375375375e-7	6.854301618356884e14
1.5238095238095236e-7	7.577960531483036e13
1.510324483775811e-7	9.830564950300256e14
1.4970760233918129e-7	3.0328976427923825e14
1.4840579710144926e-7	2.775864076096684e14
1.471264367816092e-7	1.4355983568752145e15
1.4586894586894585e-7	4.4517492799503706e14
1.446327683615819e-7	7.320802647546161e13
1.434173669467787e-7	5.62090131931306e14
1.422222222222222e-7	5.1917258671834375e14
1.4104683195592285e-7	2.268829870920798e14
1.3989071038251365e-7	7.219223839510225e12
1.3875338753387534e-7	6.2641929283029195e13
1.3763440860215053e-7	8.457033093555042e13
1.3653333333333334e-7	1.0312604272966573e14
1.3544973544973543e-7	8.864118490877456e13
1.3438320209973753e-7	1.7845633237793038e14
1.333333333333333e-7	9.61035303556598e12
1.3229974160206715e-7	6.964999180177849e13
1.3128205128205127e-7	9.053838109056002e13
1.302798982188295e-7	1.4795754440408328e14
1.292929292929293e-7	2.418971416552679e13
1.2832080200501253e-7	2.4244652636497504e13
1.27363184079602e-7	3.64300536085369e12
1.2641975308641975e-7	9.606020347934556e13
1.2549019607843138e-7	7.483599157677258e13
1.2457420924574208e-7	2.3711741638765086e13
1.2367149758454104e-7	5.601929507706195e13
1.2278177458033572e-7	8.236552512251606e13
1.2190476190476188e-7	2.2248457871744492e13
1.210401891252955e-7	3.357054781859887e13
1.2018779342723003e-7	4.66095385457846e13
1.1934731934731933e-7	5.807552885793878e13
1.185185185185185e-7	6.327058805119969e12
1.1770114942528734e-7	6.151443264581803e13
1.1689497716894976e-7	6.639691579026507e13
1.1609977324263038e-7	1.953919721577923e13
1.1531531531531531e-7	3.705920226736467e12
1.1454138702460848e-7	1.8149443891520598e13
1.1377777777777777e-7	3.940724728343348e13
1.1302428256070639e-7	1.7616547162145184e13
1.1228070175438595e-7	4.530307804050728e13
1.1154684095860565e-7	1.1649134479610635e13
1.1082251082251081e-7	4.1885256597289e12
1.1010752688172043e-7	1.0314631672978809e13
1.0940170940170939e-7	1.4166953121043688e13
1.0870488322717621e-7	7.992092818614861e12
1.080168776371308e-7	3.5763792396448213e12
1.0733752620545073e-7	1.0791561448802115e13
1.0666666666666666e-7	2.6060714327683605e13
1.0600414078674947e-7	1.9517265066339988e12
1.0534979423868312e-7	4.3253797526456816e12
1.0470347648261758e-7	1.264820461443364e13
1.040650406504065e-7	1.2739143884044766e13
1.0343434343434342e-7	8.183396371041613e12
1.0281124497991966e-7	6.344766184152511e12
1.0219560878243514e-7	1.083385152965822e10
1.0158730158730159e-7	3.784717014552187e13
1.009861932938856e-7	1.0025389142651867e14
1.0039215686274509e-7	8.753544763413384e12
9.980506822612084e-8	4.342674347672645e13
