3.6312056737588646e-7	1.1587414554233121e18
3.5555555555555553e-7	1.0141510538090414e19
3.482993197278911e-7	1.551576922516751e18
3.413333333333333e-7	7.361182656663179e18
3.34640522875817e-7	2.1050933023008133e18
3.282051282051282e-7	3.0972725699168814e18
3.2201257861635214e-7	3.489738808224864e18
3.160493827160493e-7	2.2300830942078597e18
3.1030303030303027e-7	2.271594747523512e18
3.047619047619047e-7	2.349282725060203e18
2.9941520467836257e-7	1.4214883637676193e18
2.942528735632184e-7	1.6722461680227876e18
2.892655367231638e-7	9.727959761719279e17
2.844444444444444e-7	1.0789987709455429e18
2.797814207650273e-7	3.573999484361359e17
2.7526881720430106e-7	1.387355795181193e18
2.7089947089947086e-7	1.1782558510666664e16
2.666666666666666e-7	3.7461245361259633e18
2.6256410256410255e-7	3.2175530216490086e17
2.585858585858586e-7	5.995369024594575e18
2.54726368159204e-7	1.4156971718166943e18
2.5098039215686275e-7	4.5435849728093573e18
2.4734299516908207e-7	2.0344736842445164e18
2.4380952380952376e-7	3.138883714535721e18
2.4037558685446006e-7	1.3505840048121533e18
2.37037037037037e-7	5.556060526606599e17
2.3378995433789952e-7	5.2850863260975994e17
2.3063063063063062e-7	2.304271110834665e17
2.2755555555555555e-7	2.2877799253932608e17
2.245614035087719e-7	5.611222348489975e17
2.2164502164502162e-7	3.957767051411247e15
2.1880341880341878e-7	6.668735454550259e16
2.160337552742616e-7	1.812025896734735e17
2.133333333333333e-7	7.669194615719888e16
2.1069958847736624e-7	3.8666369961808904e16
2.08130081300813e-7	4.327626521628122e16
2.0562248995983933e-7	7.053781865115459e16
2.0317460317460317e-7	6.146454417369293e16
2.0078431372549018e-7	1.488306325925448e16
1.9844961240310076e-7	4.62023378151953e16
1.961685823754789e-7	6.018769153784698e16
1.939393939393939e-7	1.9126798285676016e16
1.9176029962546815e-7	1.7398236296201204e16
1.896296296296296e-7	3.771505533580091e16
1.8754578754578753e-7	7.812610612114643e15
1.8550724637681157e-7	1.580621497445865e16
1.8351254480286738e-7	1.6952303146928402e16
1.8156028368794323e-7	3.002381860549529e15
1.7964912280701754e-7	2.019484798504715e16
1.7777777777777776e-7	8.160575759886196e15
1.7594501718213055e-7	1.2819981085211176e16
1.7414965986394556e-7	1.0684753094617044e16
1.7239057239057235e-7	5.125342820516322e15
1.7066666666666666e-7	7.819983482803518e15
1.6897689768976896e-7	3.0808275996697615e15
1.673202614379085e-7	3.705008773606721e15
1.656957928802589e-7	4.4108350403990585e15
1.641025641025641e-7	1.1199888153285318e15
1.6253968253968253e-7	5.955216673787092e15
1.6100628930817607e-7	1.6616605315896625e15
1.5950155763239874e-7	2.394044584250713e15
1.5802469135802466e-7	4.238133348716838e15
1.565749235474006e-7	1.4915075243484222e15
1.5515151515151514e-7	3.363039470434602e14
1.5375375375375375e-7	5.066525818574481e14
1.5238095238095236e-7	8.211080606947576e14
1.510324483775811e-7	1.0796602382238778e15
1.4970760233918129e-7	1.0669371946728086e15
1.4840579710144926e-7	1.2541609948716478e15
1.471264367816092e-7	9.724939455646542e14
1.4586894586894585e-7	9.698276865256795e14
1.446327683615819e-7	7.426924493131614e14
1.434173669467787e-7	4.798788979179189e14
1.422222222222222e-7	4.662601226653096e14
1.4104683195592285e-7	3.07176704112e14
1.3989071038251365e-7	2.852397710751326e14
1.3875338753387534e-7	1.8303547295602488e14
1.3763440860215053e-7	2.6982412936696412e14
1.3653333333333334e-7	3.8981774781736594e14
1.3544973544973543e-7	3.886581507714456e14
1.3438320209973753e-7	2.243357613467025e14
1.333333333333333e-7	1.9157306532532522e14
1.3229974160206715e-7	1.2512288556953108e14
1.3128205128205127e-7	1.3001547184659306e14
1.302798982188295e-7	8.475175383707027e13
1.292929292929293e-7	1.232969497873322e14
1.2832080200501253e-7	3.662938207067898e13
1.27363184079602e-7	1.4901681271253475e14
1.2641975308641975e-7	6.6170600300793766e13
1.2549019607843138e-7	6.539202682932347e13
1.2457420924574208e-7	1.2216831222200997e14
1.2367149758454104e-7	7.304119493179898e13
1.2278177458033572e-7	3.2018030901585027e13
1.2190476190476188e-7	7.248521098867388e13
1.210401891252955e-7	3.93260437364888e12
1.2018779342723003e-7	1.7459765361448105e13
1.1934731934731933e-7	6.521191376290057e12
1.185185185185185e-7	8.412139881876894e12
1.1770114942528734e-7	6.368227329940492e13
1.1689497716894976e-7	2.1918764531828688e13
1.1609977324263038e-7	1.501484109044174e13
1.1531531531531531e-7	1.9208698641426394e12
1.1454138702460848e-7	4.148789250268894e13
1.1377777777777777e-7	2.132488644600978e13
1.1302428256070639e-7	4.9904177228962915e11
1.1228070175438595e-7	2.0316180229379637e13
1.1154684095860565e-7	1.7039825265976436e13
1.1082251082251081e-7	1.012782061046061e13
1.1010752688172043e-7	2.4587275878383525e12
1.0940170940170939e-7	4.2659925053064644e12
1.0870488322717621e-7	7.921185861763679e11
1.080168776371308e-7	2.2736222646530062e13
1.0733752620545073e-7	3.734063317401529e11
1.0666666666666666e-7	2.779471091703995e11
1.0600414078674947e-7	4.5869936215841064e11
1.0534979423868312e-7	2.780872434871095e11
1.0470347648261758e-7	3.9393660624664496e11
1.040650406504065e-7	3.191240130493105e12
1.0343434343434342e-7	2.1532310099507126e12
1.0281124497991966e-7	8.162980260859262e12
1.0219560878243514e-7	2.54550446166744e12
1.0158730158730159e-7	3.1275032219534053e12
1.009861932938856e-7	8.414462491341077e12
1.0039215686274509e-7	1.762971210800072e12
9.980506822612084e-8	2.976983934591095e12
