3.6312056737588646e-7	1.4294608874277234e20
3.5555555555555553e-7	7.878586719986729e19
3.482993197278911e-7	6.699222450795651e19
3.413333333333333e-7	2.3378781818782958e19
3.34640522875817e-7	5.222722601573251e19
3.282051282051282e-7	4.823796542874524e19
3.2201257861635214e-7	4.202379023341425e19
3.160493827160493e-7	5.1994984861419766e19
3.1030303030303027e-7	4.934547562275204e19
3.047619047619047e-7	3.875135346240385e19
2.9941520467836257e-7	3.8894656160092545e19
2.942528735632184e-7	2.5145856799067226e19
2.892655367231638e-7	2.743408902776389e19
2.844444444444444e-7	1.0382268030135648e19
2.797814207650273e-7	4.135276767167264e19
2.7526881720430106e-7	2.938313013509326e18
2.7089947089947086e-7	1.1583505267767876e20
2.666666666666666e-7	3.4391381895606907e19
2.6256410256410255e-7	3.1222357422329555e20
2.585858585858586e-7	1.7785204649162084e20
2.54726368159204e-7	6.162341387433188e20
2.5098039215686275e-7	4.888768256078046e20
2.4734299516908207e-7	9.541847962059784e20
2.4380952380952376e-7	8.222339516418282e20
2.4037558685446006e-7	1.0568359980628838e21
2.37037037037037e-7	6.137559319653772e20
2.3378995433789952e-7	7.325064587801505e20
2.3063063063063062e-7	2.973527094152226e20
2.2755555555555555e-7	3.691561223122059e20
2.245614035087719e-7	9.116475138396804e19
2.2164502164502162e-7	1.3953287107534173e20
2.1880341880341878e-7	1.4549198635311495e19
2.160337552742616e-7	4.214530738057441e19
2.133333333333333e-7	3.3889910491764767e18
2.1069958847736624e-7	1.123886654002357e19
2.08130081300813e-7	4.876700681762744e18
2.0562248995983933e-7	3.779992352278406e18
2.0317460317460317e-7	6.019024652834961e18
2.0078431372549018e-7	2.5537534140959734e18
1.9844961240310076e-7	5.706935023485327e18
1.961685823754789e-7	2.2235890650842842e18
1.939393939393939e-7	4.377592486675513e18
1.9176029962546815e-7	1.3029014891663214e18
1.896296296296296e-7	2.812856699627058e18
1.8754578754578753e-7	7.85388898334521e17
1.8550724637681157e-7	1.8813007493069617e18
1.8351254480286738e-7	1.0454227849165716e18
1.8156028368794323e-7	1.7906258742964964e18
1.7964912280701754e-7	1.4924694260048978e18
1.7777777777777776e-7	1.8416937373895736e18
1.7594501718213055e-7	1.4246020054007357e18
1.7414965986394556e-7	1.4356896811783572e18
1.7239057239057235e-7	9.623678899727828e17
1.7066666666666666e-7	7.760864671088645e17
1.6897689768976896e-7	5.356358178098644e17
1.673202614379085e-7	4.8496982854407296e17
1.656957928802589e-7	4.0547612669409165e17
1.641025641025641e-7	6.731799266366628e17
1.6253968253968253e-7	3.935139966342611e17
1.6100628930817607e-7	1.0463998186730056e18
1.5950155763239874e-7	2.4083027829981098e17
1.5802469135802466e-7	1.364586889685028e18
1.565749235474006e-7	1.2236189088133586e17
1.5515151515151514e-7	1.7740281654476165e18
1.5375375375375375e-7	4.253093228970992e17
1.5238095238095236e-7	2.763674177747689e18
1.510324483775811e-7	1.1231530541746834e18
1.4970760233918129e-7	4.45320100989517e18
1.4840579710144926e-7	1.8522949075457915e18
1.471264367816092e-7	5.901379661622775e18
1.4586894586894585e-7	2.330330261052042e18
1.446327683615819e-7	5.83454142185445e18
1.434173669467787e-7	2.2645474854514673e18
1.422222222222222e-7	4.3189465801972265e18
1.4104683195592285e-7	1.6520667571087483e18
1.3989071038251365e-7	2.561551004071793e18
1.3875338753387534e-7	8.548202082369565e17
1.3763440860215053e-7	1.330902596598741e18
1.3653333333333334e-7	3.132151172591941e17
1.3544973544973543e-7	6.353892001052003e17
1.3438320209973753e-7	1.1081874910271613e17
1.333333333333333e-7	2.6755776981066285e17
1.3229974160206715e-7	6.3639443430346104e16
1.3128205128205127e-7	8.613642621678843e16
1.302798982188295e-7	4.973392203700806e16
1.292929292929293e-7	1.6256582591484062e16
1.2832080200501253e-7	4.5800013944004744e16
1.27363184079602e-7	7.249328652784259e15
1.2641975308641975e-7	4.445299625727671e16
1.2549019607843138e-7	1.4202024243895604e16
1.2457420924574208e-7	3.666220637933079e16
1.2367149758454104e-7	1.3632022024602516e16
1.2278177458033572e-7	2.230341470780349e16
1.2190476190476188e-7	8.791648881164695e15
1.210401891252955e-7	9.674227813435268e15
1.2018779342723003e-7	8.161039293048594e15
1.1934731934731933e-7	5.09447058188979e15
1.185185185185185e-7	1.0055980019561586e16
1.1770114942528734e-7	5.82379822775619e15
1.1689497716894976e-7	9.050247590416738e15
1.1609977324263038e-7	5.582645287350141e15
1.1531531531531531e-7	4.798062781829608e15
1.1454138702460848e-7	3.289626188837226e15
1.1377777777777777e-7	1.2169341862891268e15
1.1302428256070639e-7	2.4956484767727455e15
1.1228070175438595e-7	2.908648335424184e14
1.1154684095860565e-7	5.195719509064908e15
1.1082251082251081e-7	1.4584980772505025e14
1.1010752688172043e-7	9.026644265124698e15
1.0940170940170939e-7	2.499712965747875e14
1.0870488322717621e-7	1.0095035372957082e16
1.080168776371308e-7	3.3900212951576855e15
1.0733752620545073e-7	9.35502376568036e15
1.0666666666666666e-7	7.930614156705846e15
1.0600414078674947e-7	1.269688669982064e16
1.0534979423868312e-7	7.628509981990252e15
1.0470347648261758e-7	1.8509589861565876e16
1.040650406504065e-7	4.949037386541301e15
1.0343434343434342e-7	1.5532658998734222e16
1.0281124497991966e-7	7.692108668305758e15
1.0219560878243514e-7	5.252743115018624e15
1.0158730158730159e-7	1.056974797133881e16
1.009861932938856e-7	2.5102026323533585e15
1.0039215686274509e-7	5.072159789418677e15
9.980506822612084e-8	6.042216873979377e15
