3.6312056737588646e-7	9.830716193012406e18
3.5555555555555553e-7	5.627593957337769e18
3.482993197278911e-7	1.0437866281329123e19
3.413333333333333e-7	1.2258668612863062e19
3.34640522875817e-7	1.2857651835569934e19
3.282051282051282e-7	1.1472043464472214e19
3.2201257861635214e-7	1.5818402358105987e19
3.160493827160493e-7	8.103713345037778e18
3.1030303030303027e-7	1.7855696078392062e19
3.047619047619047e-7	1.8961733726408184e19
2.9941520467836257e-7	4.546902705156898e19
2.942528735632184e-7	6.957596997698831e19
2.892655367231638e-7	1.7256700020474128e20
2.844444444444444e-7	2.1443042125286618e20
2.797814207650273e-7	4.179418571426642e20
2.7526881720430106e-7	4.873459299634308e20
2.7089947089947086e-7	6.866276356685195e20
2.666666666666666e-7	7.658699393765166e20
2.6256410256410255e-7	7.320353686719128e20
2.585858585858586e-7	5.803927641841056e20
2.54726368159204e-7	4.814787298377305e20
2.5098039215686275e-7	2.9609321381129126e20
2.4734299516908207e-7	2.277142165753317e20
2.4380952380952376e-7	9.88181333863477e19
2.4037558685446006e-7	8.706014796686587e19
2.37037037037037e-7	1.8672386511123894e19
2.3378995433789952e-7	3.161951861684934e19
2.3063063063063062e-7	2.2196205395307692e18
2.2755555555555555e-7	1.2276356024838787e19
2.245614035087719e-7	7.19069433390474e17
2.2164502164502162e-7	4.5097585786177695e18
2.1880341880341878e-7	8.889333728396191e17
2.160337552742616e-7	1.2050101298349755e18
2.133333333333333e-7	1.3210178765829883e18
2.1069958847736624e-7	4.4134764357374605e17
2.08130081300813e-7	1.8190246754282586e18
2.0562248995983933e-7	3.782429446216167e17
2.0317460317460317e-7	1.9635903786278054e18
2.0078431372549018e-7	2.7029024211366742e17
