3.6312056737588646e-7	1.119873440010608e20
3.5555555555555553e-7	1.5599713838522375e20
3.482993197278911e-7	1.495217776653718e20
3.413333333333333e-7	2.3277726369507662e20
3.34640522875817e-7	4.17065761248624e19
3.282051282051282e-7	7.400672724674306e19
3.2201257861635214e-7	1.0745716946742184e19
3.160493827160493e-7	1.6117115590681108e19
3.1030303030303027e-7	8.295697224330101e18
3.047619047619047e-7	1.0143562561009466e20
2.9941520467836257e-7	6.886573796178691e19
2.942528735632184e-7	9.672875374026763e19
2.892655367231638e-7	2.6289060738390694e20
2.844444444444444e-7	6.986939366632092e18
2.797814207650273e-7	3.322031007237587e20
2.7526881720430106e-7	1.5989706619452837e20
2.7089947089947086e-7	4.000718341779312e20
2.666666666666666e-7	3.662559813184672e20
2.6256410256410255e-7	9.776827990821667e20
2.585858585858586e-7	8.808702732791573e20
2.54726368159204e-7	1.6711504794540662e21
2.5098039215686275e-7	2.5041796831593554e21
2.4734299516908207e-7	2.3475127685347515e21
2.4380952380952376e-7	3.6971153340729005e21
2.4037558685446006e-7	2.4529838888518466e21
2.37037037037037e-7	2.834705472357563e21
2.3378995433789952e-7	2.551677522441433e21
2.3063063063063062e-7	3.2301109743731967e21
2.2755555555555555e-7	2.665531775350537e21
2.245614035087719e-7	3.796894547365588e21
2.2164502164502162e-7	2.3858065285079e21
2.1880341880341878e-7	3.112207989096138e21
2.160337552742616e-7	2.044849408947228e21
2.133333333333333e-7	1.9780552561477422e21
2.1069958847736624e-7	1.3737999513493832e21
2.08130081300813e-7	1.0968761655277714e21
2.0562248995983933e-7	6.524733771750179e20
2.0317460317460317e-7	6.704186462603181e20
2.0078431372549018e-7	2.103876561548989e20
1.9844961240310076e-7	3.975584822787663e20
1.961685823754789e-7	5.722508717418821e19
1.939393939393939e-7	1.828558768436768e20
1.9176029962546815e-7	2.9279167024151794e19
1.896296296296296e-7	5.300863941920098e19
1.8754578754578753e-7	1.8825427213232517e19
1.8550724637681157e-7	1.935113048448577e19
1.8351254480286738e-7	9.253996966240815e18
1.8156028368794323e-7	2.9603337619592454e19
1.7964912280701754e-7	5.065168297036647e18
1.7777777777777776e-7	2.964022774574525e19
1.7594501718213055e-7	6.01062198677418e18
1.7414965986394556e-7	9.427602787235226e18
1.7239057239057235e-7	4.674609352846479e18
1.7066666666666666e-7	2.141553286296872e18
1.6897689768976896e-7	5.032813642992529e17
1.673202614379085e-7	9.43439042171153e18
1.656957928802589e-7	1.4008579773638568e19
1.641025641025641e-7	3.1934103558747756e18
1.6253968253968253e-7	3.050155947432278e19
1.6100628930817607e-7	3.8553567214312407e18
1.5950155763239874e-7	1.9010802119795593e19
1.5802469135802466e-7	1.8306900508551504e19
1.565749235474006e-7	2.3550712384277766e19
1.5515151515151514e-7	1.74245996368438e19
1.5375375375375375e-7	5.268456475634937e19
1.5238095238095236e-7	3.563757404912572e19
1.510324483775811e-7	4.45112111922202e19
1.4970760233918129e-7	6.95628734108116e19
1.4840579710144926e-7	2.7147943684274192e19
1.471264367816092e-7	5.453495825973106e19
1.4586894586894585e-7	2.743101861224158e19
1.446327683615819e-7	2.559621179812935e19
1.434173669467787e-7	1.1148400051331437e19
1.422222222222222e-7	1.8715798016739074e19
1.4104683195592285e-7	5.1577552470007686e17
1.3989071038251365e-7	7.723985725661003e18
1.3875338753387534e-7	7.933514609385544e18
1.3763440860215053e-7	5.22575257916536e18
1.3653333333333334e-7	1.1500145457298348e19
1.3544973544973543e-7	1.153157833213209e19
1.3438320209973753e-7	1.8009781286154916e19
1.333333333333333e-7	8.92893396233217e18
1.3229974160206715e-7	2.060169296214185e19
1.3128205128205127e-7	7.741197592468867e18
1.302798982188295e-7	1.2363511530981302e19
1.292929292929293e-7	8.32980446787565e18
1.2832080200501253e-7	9.389362321035114e18
1.27363184079602e-7	3.6937338561867305e18
1.2641975308641975e-7	8.595592217849738e18
1.2549019607843138e-7	7.623689048114637e17
1.2457420924574208e-7	2.723097230689668e18
1.2367149758454104e-7	1.1679506577642683e18
1.2278177458033572e-7	8.3785051261713e17
1.2190476190476188e-7	8.557599613123752e17
1.210401891252955e-7	1.3136090526550802e18
1.2018779342723003e-7	6.139111951407708e16
1.1934731934731933e-7	2.811921001922329e17
1.185185185185185e-7	5.173378451434492e17
1.1770114942528734e-7	9.774120618350081e17
1.1689497716894976e-7	2.0240040813795507e17
1.1609977324263038e-7	9.688154019870776e16
1.1531531531531531e-7	1.2199694090675658e17
1.1454138702460848e-7	5.472806476775611e17
1.1377777777777777e-7	6.329041049991216e16
1.1302428256070639e-7	6.199745146028071e16
1.1228070175438595e-7	2.6903576063834467e17
1.1154684095860565e-7	9.902323835695187e16
1.1082251082251081e-7	1.3367935983039251e17
1.1010752688172043e-7	1.502219359223415e17
1.0940170940170939e-7	5.709964367690807e16
1.0870488322717621e-7	1.813579663707179e17
1.080168776371308e-7	5.716882214103939e16
1.0733752620545073e-7	5.061785395739798e16
1.0666666666666666e-7	1.1213328945569458e16
1.0600414078674947e-7	7.208513650980285e16
1.0534979423868312e-7	1.9452948614597802e17
1.0470347648261758e-7	4.5411960124609064e16
1.040650406504065e-7	8.5981892785087e16
1.0343434343434342e-7	4.770334352139922e16
1.0281124497991966e-7	3.558015976747202e16
1.0219560878243514e-7	2.645046352136884e16
1.0158730158730159e-7	7.101545131536245e15
1.009861932938856e-7	9.419446192125528e15
1.0039215686274509e-7	2.4797780198578475e14
9.980506822612084e-8	5.484055662147196e15
