3.6312056737588646e-7	1.8182664896070836e19
3.5555555555555553e-7	3.4411909237180933e18
3.482993197278911e-7	7.965545545721188e18
3.413333333333333e-7	9.798598639993468e17
3.34640522875817e-7	4.873748563352805e18
3.282051282051282e-7	2.7249478534432983e18
3.2201257861635214e-7	2.2444751593123827e18
3.160493827160493e-7	2.5566962181355597e18
3.1030303030303027e-7	2.5357444337194173e18
3.047619047619047e-7	1.7425074336360148e18
2.9941520467836257e-7	1.417808786115299e18
2.942528735632184e-7	1.204961413911822e18
2.892655367231638e-7	7.541146869371892e17
2.844444444444444e-7	7.940434200461484e17
2.797814207650273e-7	3.933479874511487e17
2.7526881720430106e-7	6.427527490551748e17
2.7089947089947086e-7	1.469874717056926e17
2.666666666666666e-7	1.0067249076473428e18
2.6256410256410255e-7	3.761700970327418e16
2.585858585858586e-7	1.4785282085048128e18
2.54726368159204e-7	8.910838899654984e16
2.5098039215686275e-7	1.1897415781524503e18
2.4734299516908207e-7	1.4670700847448496e17
2.4380952380952376e-7	3.699381166919197e17
2.4037558685446006e-7	1.2968574531069997e17
2.37037037037037e-7	1.6893165524807544e16
2.3378995433789952e-7	1.0482577049925315e17
2.3063063063063062e-7	1.7541131230110016e17
2.2755555555555555e-7	1.1283963302769973e17
2.245614035087719e-7	2.500311774515289e17
2.2164502164502162e-7	9.550544175806128e16
2.1880341880341878e-7	1.6307300574205226e17
2.160337552742616e-7	3.8195619931014744e16
2.133333333333333e-7	5.8965209651259576e16
2.1069958847736624e-7	2.3369004330081535e15
2.08130081300813e-7	1.53361219196746e16
2.0562248995983933e-7	1.8086642639291636e16
2.0317460317460317e-7	2.879562967737476e16
2.0078431372549018e-7	4.805975385752711e16
1.9844961240310076e-7	4.656739753037594e16
1.961685823754789e-7	4.5226445073028536e16
1.939393939393939e-7	3.189312428481692e16
1.9176029962546815e-7	1.9883845046265524e16
1.896296296296296e-7	6.836200305624227e15
1.8754578754578753e-7	3.8170097906718855e15
1.8550724637681157e-7	5.526766225248899e15
1.8351254480286738e-7	1.1259165770030684e16
1.8156028368794323e-7	1.9872571492104964e16
1.7964912280701754e-7	2.300426271997661e16
1.7777777777777776e-7	2.377207520132724e16
1.7594501718213055e-7	1.9938166288534424e16
1.7414965986394556e-7	1.242093567024754e16
1.7239057239057235e-7	7.103901163585328e15
1.7066666666666666e-7	2.898616895949355e15
1.6897689768976896e-7	2.002375570897008e15
1.673202614379085e-7	4.433773187461072e15
1.656957928802589e-7	7.049674856483379e15
1.641025641025641e-7	9.941049804561614e15
1.6253968253968253e-7	1.0781162608840994e16
1.6100628930817607e-7	9.526050323770572e15
1.5950155763239874e-7	7.428764461678411e15
1.5802469135802466e-7	4.368288615405886e15
1.565749235474006e-7	2.574109817223114e15
1.5515151515151514e-7	1.4828135796800872e15
1.5375375375375375e-7	1.826491113170641e15
1.5238095238095236e-7	2.752957998137725e15
1.510324483775811e-7	3.385266617080935e15
1.4970760233918129e-7	4.179227988249459e15
1.4840579710144926e-7	3.310026086102901e15
1.471264367816092e-7	3.2910722079065565e15
1.4586894586894585e-7	1.7105769404433545e15
1.446327683615819e-7	1.704462601165989e15
1.434173669467787e-7	8.694348945689476e14
1.422222222222222e-7	1.2802212362199722e15
1.4104683195592285e-7	1.0666914544815395e15
1.3989071038251365e-7	1.429624215751871e15
1.3875338753387534e-7	1.0995718719303886e15
1.3763440860215053e-7	1.0980219315884125e15
1.3653333333333334e-7	7.149441649193618e14
1.3544973544973543e-7	6.406192474791748e14
1.3438320209973753e-7	5.5610602872628744e14
1.333333333333333e-7	6.147286432920399e14
1.3229974160206715e-7	6.714923613225822e14
1.3128205128205127e-7	6.447868959364386e14
1.302798982188295e-7	5.422586921806598e14
1.292929292929293e-7	3.55982491127875e14
1.2832080200501253e-7	2.0156710101079872e14
1.27363184079602e-7	1.1259946140029438e14
1.2641975308641975e-7	1.417143217347328e14
1.2549019607843138e-7	2.3660697468583112e14
1.2457420924574208e-7	3.418341899870426e14
1.2367149758454104e-7	3.855031980143842e14
1.2278177458033572e-7	3.364364934838317e14
1.2190476190476188e-7	2.216644429340528e14
1.210401891252955e-7	9.274983342706894e13
1.2018779342723003e-7	1.511272692913679e13
1.1934731934731933e-7	1.5493178593823291e13
1.185185185185185e-7	8.255912872293423e13
1.1770114942528734e-7	1.566622710872054e14
1.1689497716894976e-7	1.9772100822934956e14
1.1609977324263038e-7	1.6602228162304444e14
1.1531531531531531e-7	9.501075784149958e13
1.1454138702460848e-7	2.3817584397794453e13
1.1377777777777777e-7	8.133784769464944e11
1.1302428256070639e-7	3.2654794870699168e13
1.1228070175438595e-7	8.644798531475728e13
1.1154684095860565e-7	1.139064785206406e14
1.1082251082251081e-7	9.257677884423083e13
1.1010752688172043e-7	4.3004998387924e13
1.0940170940170939e-7	1.720921193916358e13
1.0870488322717621e-7	5.0556268519397734e13
1.080168776371308e-7	1.2694711253225072e14
1.0733752620545073e-7	1.9154376673202425e14
1.0666666666666666e-7	1.9243341495779194e14
1.0600414078674947e-7	1.4368086206656878e14
1.0534979423868312e-7	1.1290771708283678e14
1.0470347648261758e-7	1.5878723169020544e14
1.040650406504065e-7	2.6420822048726844e14
1.0343434343434342e-7	3.3552654179645325e14
1.0281124497991966e-7	3.057265291848398e14
1.0219560878243514e-7	2.3867276098287103e14
1.0158730158730159e-7	2.984033965286007e14
1.009861932938856e-7	5.664863532217981e14
1.0039215686274509e-7	8.737736134289792e14
9.980506822612084e-8	9.290153842589032e14
