3.6312056737588646e-7	4.921773133760357e18
3.5555555555555553e-7	1.6623869367881638e19
3.482993197278911e-7	1.7884063252500882e18
3.413333333333333e-7	1.0477091423933202e19
3.34640522875817e-7	6.36065925588976e18
3.282051282051282e-7	1.2076961401915404e19
3.2201257861635214e-7	1.3072218939409203e19
3.160493827160493e-7	8.695568509404137e18
3.1030303030303027e-7	2.818597569508611e18
3.047619047619047e-7	1.6714726772906163e18
2.9941520467836257e-7	1.0212165438927914e17
2.942528735632184e-7	4.521981643857769e17
2.892655367231638e-7	6.041869556056478e18
2.844444444444444e-7	3.790244329606276e18
2.797814207650273e-7	1.8489820089553367e19
2.7526881720430106e-7	1.7693900326878306e19
2.7089947089947086e-7	1.9713944734518407e19
2.666666666666666e-7	2.3925134575917818e19
2.6256410256410255e-7	2.948928584685848e19
2.585858585858586e-7	3.3409774245248827e19
2.54726368159204e-7	3.8925857909992006e19
2.5098039215686275e-7	1.5504768132586717e19
2.4734299516908207e-7	1.6147532416354276e18
2.4380952380952376e-7	4.9116327595103265e19
2.4037558685446006e-7	1.906144779301191e20
2.37037037037037e-7	3.140818856609504e20
2.3378995433789952e-7	3.4139905345160203e20
2.3063063063063062e-7	3.102743870356212e20
2.2755555555555555e-7	1.916036146543214e20
2.245614035087719e-7	1.3973099948112393e20
2.2164502164502162e-7	9.430346069876169e19
2.1880341880341878e-7	7.674626467118429e19
2.160337552742616e-7	6.028810778488207e19
2.133333333333333e-7	4.964002251990791e19
2.1069958847736624e-7	4.0216236112906715e19
2.08130081300813e-7	2.943922112962262e19
2.0562248995983933e-7	2.522883064134148e19
2.0317460317460317e-7	1.4115863536329302e19
2.0078431372549018e-7	1.1016598976505403e19
1.9844961240310076e-7	5.251946718685505e18
1.961685823754789e-7	2.597274929964785e18
1.939393939393939e-7	1.367517072219004e18
1.9176029962546815e-7	3.0776412336400794e17
1.896296296296296e-7	1.805743960216074e17
1.8754578754578753e-7	1.0918623784728736e17
1.8550724637681157e-7	5.707829495033809e16
1.8351254480286738e-7	2.5774708650658972e16
1.8156028368794323e-7	2.244677308205107e17
1.7964912280701754e-7	8.402671891606926e16
1.7777777777777776e-7	9.71965671434694e16
1.7594501718213055e-7	5.1569574306090856e16
1.7414965986394556e-7	8.314495471104854e15
1.7239057239057235e-7	8.276401089612898e16
1.7066666666666666e-7	2.161336321921831e16
1.6897689768976896e-7	4.447968131092753e16
1.673202614379085e-7	3.1330434185032188e16
1.656957928802589e-7	1.5143355880739118e16
1.641025641025641e-7	3.0854414075567724e16
1.6253968253968253e-7	4.266571108850964e15
1.6100628930817607e-7	2.5912093832135924e16
1.5950155763239874e-7	1.578846929840128e16
1.5802469135802466e-7	2.552670316615542e15
1.565749235474006e-7	1.427526315366607e16
1.5515151515151514e-7	4.088636735810314e16
1.5375375375375375e-7	6.666301845825711e16
1.5238095238095236e-7	1.0177583637534867e17
1.510324483775811e-7	1.545126872368145e17
1.4970760233918129e-7	1.3944942796603294e17
1.4840579710144926e-7	1.350922273238987e17
1.471264367816092e-7	1.7964848728623984e17
1.4586894586894585e-7	1.9182329390105485e17
1.446327683615819e-7	3.09951606429848e17
1.434173669467787e-7	1.0075129267794626e17
1.422222222222222e-7	1.5606269876685373e17
1.4104683195592285e-7	1.1691083464083171e17
1.3989071038251365e-7	8.815318211872614e16
1.3875338753387534e-7	1.0618073714541466e15
1.3763440860215053e-7	3.28568959630118e16
1.3653333333333334e-7	1.1543310916500594e16
1.3544973544973543e-7	5.960617218288045e15
1.3438320209973753e-7	1.355482623269306e16
1.333333333333333e-7	2.383120492417607e15
1.3229974160206715e-7	4.75926681815414e15
1.3128205128205127e-7	3.5487022467936405e15
1.302798982188295e-7	6.99530136292464e15
1.292929292929293e-7	2.0964172958990662e14
1.2832080200501253e-7	5.152646656345038e15
1.27363184079602e-7	1.3799352132769945e15
1.2641975308641975e-7	1.1622973073963292e15
1.2549019607843138e-7	2.424620718364119e15
1.2457420924574208e-7	2.6922511133937394e14
1.2367149758454104e-7	1.666952325888594e15
1.2278177458033572e-7	2.1522529509074365e15
1.2190476190476188e-7	3.315392740698099e14
1.210401891252955e-7	1.8252486922097748e15
1.2018779342723003e-7	2.3700596454801495e15
1.1934731934731933e-7	2.6933374979519162e14
1.185185185185185e-7	5.2156400382357494e14
1.1770114942528734e-7	9.189676096530612e14
1.1689497716894976e-7	1.252563553375823e15
1.1609977324263038e-7	9.168056361628391e14
1.1531531531531531e-7	4.205424095571704e14
1.1454138702460848e-7	1.8235786147062672e14
1.1377777777777777e-7	1.5071196379689962e14
1.1302428256070639e-7	2.0195554227498888e14
1.1228070175438595e-7	3.244318745451756e14
1.1154684095860565e-7	2.566665921213688e14
1.1082251082251081e-7	4.020144918689964e14
1.1010752688172043e-7	1.6289901202098278e14
1.0940170940170939e-7	4.038003775570906e14
1.0870488322717621e-7	7.086289810230038e13
1.080168776371308e-7	4.2463536248877006e14
1.0733752620545073e-7	3.4007468339795742e13
1.0666666666666666e-7	4.307788266662966e14
1.0600414078674947e-7	3.922597292785328e13
1.0534979423868312e-7	3.763618194056021e14
1.0470347648261758e-7	4.281660866296146e13
1.040650406504065e-7	2.910756864576575e14
1.0343434343434342e-7	2.615898554526728e13
1.0281124497991966e-7	1.8496268037896128e14
1.0219560878243514e-7	1.9059407695695047e13
1.0158730158730159e-7	1.5254113464199056e14
1.009861932938856e-7	4.782137310045139e13
1.0039215686274509e-7	8.704427959370889e13
9.980506822612084e-8	7.603443259386425e13
