3.6312056737588646e-7	2.449629806188462e21
3.5555555555555553e-7	1.275706476026154e21
3.482993197278911e-7	6.046494954941079e20
3.413333333333333e-7	1.5288395694471806e21
3.34640522875817e-7	4.9844452370163224e20
3.282051282051282e-7	8.927795832604768e20
3.2201257861635214e-7	2.2820603748444165e21
3.160493827160493e-7	1.0065770310882873e21
3.1030303030303027e-7	5.938217051476638e20
3.047619047619047e-7	1.6287542502982112e21
2.9941520467836257e-7	9.282526475097373e20
2.942528735632184e-7	4.341291024368683e19
2.892655367231638e-7	3.055218922089485e20
2.844444444444444e-7	9.676926627436144e20
2.797814207650273e-7	7.260632544391943e20
2.7526881720430106e-7	3.7983506973459055e20
2.7089947089947086e-7	2.6749211475636663e20
2.666666666666666e-7	2.7401006177507797e20
2.6256410256410255e-7	5.5266879552709145e20
2.585858585858586e-7	2.6348678191850986e20
2.54726368159204e-7	1.925788152716172e20
2.5098039215686275e-7	1.4612376127610413e21
2.4734299516908207e-7	1.4419904869862164e21
2.4380952380952376e-7	1.490494239430032e21
2.4037558685446006e-7	1.9097512495682193e21
2.37037037037037e-7	2.361527779010992e21
2.3378995433789952e-7	1.3060086865522506e21
2.3063063063063062e-7	1.421646010436767e21
2.2755555555555555e-7	1.4292632748407852e21
2.245614035087719e-7	5.3970228274194796e20
2.2164502164502162e-7	2.255177618424166e20
2.1880341880341878e-7	3.087096457280656e20
2.160337552742616e-7	4.67973022064536e20
2.133333333333333e-7	1.655749932695006e20
2.1069958847736624e-7	2.4747294746448904e20
2.08130081300813e-7	4.635400792403108e20
2.0562248995983933e-7	3.026428884937672e20
2.0317460317460317e-7	2.0698021011964713e20
2.0078431372549018e-7	2.567860296800092e20
1.9844961240310076e-7	4.652124007366384e20
1.961685823754789e-7	1.8559157150513768e20
1.939393939393939e-7	1.1743381938061253e20
1.9176029962546815e-7	2.0651948762079583e20
1.896296296296296e-7	3.128063769958216e20
1.8754578754578753e-7	1.0817934205376047e20
1.8550724637681157e-7	2.0439191729503035e19
1.8351254480286738e-7	5.247894096841722e19
1.8156028368794323e-7	8.82101726153633e19
1.7964912280701754e-7	6.64262799356912e19
1.7777777777777776e-7	3.4837814484971192e19
1.7594501718213055e-7	3.3408016667213713e19
1.7414965986394556e-7	3.197368858295057e19
1.7239057239057235e-7	5.207208851748271e19
1.7066666666666666e-7	2.832709331612852e19
1.6897689768976896e-7	7.057936157041123e19
1.673202614379085e-7	3.530440107256905e19
1.656957928802589e-7	3.189152065335784e19
1.641025641025641e-7	4.433185665494422e19
1.6253968253968253e-7	1.866181503131437e19
1.6100628930817607e-7	1.4534387919991934e20
1.5950155763239874e-7	2.0054216228760994e20
1.5802469135802466e-7	1.6104603131223926e20
1.565749235474006e-7	3.102088939648681e19
1.5515151515151514e-7	5.539002781750065e19
1.5375375375375375e-7	2.1754487429060018e20
1.5238095238095236e-7	2.9775834688852e20
1.510324483775811e-7	4.485519926525366e20
1.4970760233918129e-7	4.275109773539091e20
1.4840579710144926e-7	2.8302746069691148e20
1.471264367816092e-7	2.3189659553765202e20
1.4586894586894585e-7	5.030325473724277e19
1.446327683615819e-7	1.5782026026056569e19
1.434173669467787e-7	8.046141296974344e18
1.422222222222222e-7	5.294242939214626e18
1.4104683195592285e-7	7.856536797582393e18
1.3989071038251365e-7	5.495455844866947e18
1.3875338753387534e-7	1.1898169110231772e18
1.3763440860215053e-7	5.244608284416616e17
1.3653333333333334e-7	7.458642697811512e17
1.3544973544973543e-7	3.335801155829156e17
1.3438320209973753e-7	1.0773831692908227e18
1.333333333333333e-7	5.484124723446343e17
1.3229974160206715e-7	3.247123683375028e17
1.3128205128205127e-7	1.886301517597784e17
1.302798982188295e-7	3.3486761473673396e16
1.292929292929293e-7	1.7730819238040035e17
1.2832080200501253e-7	1.8168719648719644e16
1.27363184079602e-7	1.074127797201175e17
1.2641975308641975e-7	1.2043058621559709e17
1.2549019607843138e-7	3.182931196602231e16
1.2457420924574208e-7	1.0576927644300034e17
1.2367149758454104e-7	2.5331674043050672e14
1.2278177458033572e-7	1.4237830975267174e16
1.2190476190476188e-7	1.2410735205558342e17
1.210401891252955e-7	1.95637494847845e16
1.2018779342723003e-7	3.2448309768551412e16
1.1934731934731933e-7	8.233227926156204e12
1.185185185185185e-7	2.765102835593951e16
1.1770114942528734e-7	1.4140778106634402e16
1.1689497716894976e-7	1.8642363730260188e16
1.1609977324263038e-7	2.528578778766356e16
1.1531531531531531e-7	2.113385322951696e16
1.1454138702460848e-7	6.77730134315968e16
1.1377777777777777e-7	1.1988406858688242e17
1.1302428256070639e-7	3.9918061617336486e17
1.1228070175438595e-7	2.6913351300467277e17
1.1154684095860565e-7	2.334999745667563e17
1.1082251082251081e-7	1.2456722506324964e18
1.1010752688172043e-7	1.270950546369014e18
1.0940170940170939e-7	4.995681724035708e15
1.0870488322717621e-7	1.2480107310376392e17
1.080168776371308e-7	4.62120822743985e17
1.0733752620545073e-7	1.6830196327559302e16
1.0666666666666666e-7	1.3212947865628042e18
1.0600414078674947e-7	1.440175263012085e18
1.0534979423868312e-7	7.514943820090631e18
1.0470347648261758e-7	9.322490836104753e18
1.040650406504065e-7	4.3926551495111854e18
1.0343434343434342e-7	7.304393377729716e18
1.0281124497991966e-7	7.155309678229096e17
1.0219560878243514e-7	2.3283662810092687e18
1.0158730158730159e-7	9.559682020781984e17
1.009861932938856e-7	2.854340661774511e18
1.0039215686274509e-7	4.277353063017219e18
9.980506822612084e-8	1.0047388942207086e18
