3.6312056737588646e-7	1.7688657790785382e20
3.5555555555555553e-7	3.643344387887586e19
3.482993197278911e-7	1.2583174544213503e20
3.413333333333333e-7	1.0714621192219166e20
3.34640522875817e-7	2.3851268747509354e20
3.282051282051282e-7	1.1213896602598679e20
3.2201257861635214e-7	1.4450787379179048e20
3.160493827160493e-7	3.876757664630212e19
3.1030303030303027e-7	8.082039760420944e19
3.047619047619047e-7	2.5008201685953237e19
2.9941520467836257e-7	6.338037812105707e19
2.942528735632184e-7	5.190682568507848e19
2.892655367231638e-7	3.253637207512714e20
2.844444444444444e-7	1.8561634369970446e19
2.797814207650273e-7	3.977910061347045e20
2.7526881720430106e-7	4.0851765542294055e20
2.7089947089947086e-7	2.9073239572695368e20
2.666666666666666e-7	7.891816502016301e20
2.6256410256410255e-7	6.024723297660084e20
2.585858585858586e-7	7.754088747728906e20
2.54726368159204e-7	8.103839705544634e20
2.5098039215686275e-7	1.944820733289557e21
2.4734299516908207e-7	1.389337874117321e21
2.4380952380952376e-7	2.035333682272844e21
2.4037558685446006e-7	2.086217536328699e21
2.37037037037037e-7	1.4066288964024785e21
2.3378995433789952e-7	2.395713042665279e21
2.3063063063063062e-7	2.162467424309752e21
2.2755555555555555e-7	1.9631960796361882e21
2.245614035087719e-7	1.4040607219996835e21
2.2164502164502162e-7	1.2543191573229522e21
2.1880341880341878e-7	3.951794535398991e20
2.160337552742616e-7	8.284499013267497e20
2.133333333333333e-7	7.103168302730227e20
2.1069958847736624e-7	5.425014538150402e20
2.08130081300813e-7	6.425947621852841e20
2.0562248995983933e-7	2.4600066865153003e20
2.0317460317460317e-7	9.894074524946853e19
2.0078431372549018e-7	5.971568258532896e19
1.9844961240310076e-7	1.5383688891672933e20
1.961685823754789e-7	8.154071525908283e19
1.939393939393939e-7	5.70706450099286e20
1.9176029962546815e-7	3.917437296940604e20
1.896296296296296e-7	6.987391357258682e20
1.8754578754578753e-7	6.768373759362999e20
1.8550724637681157e-7	6.01066199350495e20
1.8351254480286738e-7	5.92508313599587e20
1.8156028368794323e-7	5.306552944511121e20
1.7964912280701754e-7	2.954644511695185e20
1.7777777777777776e-7	4.407184225745926e20
1.7594501718213055e-7	9.199784678584078e19
1.7414965986394556e-7	2.2947947618476088e20
1.7239057239057235e-7	4.102249383101047e19
1.7066666666666666e-7	4.513091372897216e19
1.6897689768976896e-7	1.7144520073444657e19
1.673202614379085e-7	3.5559831660257167e18
1.656957928802589e-7	3.579257332172677e18
1.641025641025641e-7	9.102437235118846e18
1.6253968253968253e-7	2.501738291298595e19
1.6100628930817607e-7	3.0801335011472804e18
1.5950155763239874e-7	1.564318472382957e19
1.5802469135802466e-7	6.096934874810846e18
1.565749235474006e-7	1.3321801047483149e17
1.5515151515151514e-7	3.99255845178431e17
1.5375375375375375e-7	5.585903845099702e18
1.5238095238095236e-7	1.032067174063539e19
1.510324483775811e-7	1.9690685405295101e18
1.4970760233918129e-7	1.1084395819284017e19
1.4840579710144926e-7	4.79211352077688e18
1.471264367816092e-7	3.7051455389585683e17
1.4586894586894585e-7	2.695379793956078e18
1.446327683615819e-7	4.2224069934093804e18
1.434173669467787e-7	1.9895084161996734e19
1.422222222222222e-7	4.871863154459421e18
1.4104683195592285e-7	2.946259784938903e19
1.3989071038251365e-7	2.3379722459400053e19
1.3875338753387534e-7	1.6670572971611054e19
1.3763440860215053e-7	2.2843619056635888e19
1.3653333333333334e-7	2.183365515378838e19
1.3544973544973543e-7	1.186980690313999e19
1.3438320209973753e-7	1.2505933788225757e19
1.333333333333333e-7	1.4763327485373755e19
1.3229974160206715e-7	5.137014765689334e17
1.3128205128205127e-7	4.340501346078838e18
1.302798982188295e-7	7.746835782358522e17
1.292929292929293e-7	1.5675623273895908e18
1.2832080200501253e-7	2.972775562510617e17
1.27363184079602e-7	3.605983768648577e18
1.2641975308641975e-7	4.2483291178866396e18
1.2549019607843138e-7	3.724297306201396e17
1.2457420924574208e-7	2.490448592151128e18
1.2367149758454104e-7	1.0351921309380321e18
1.2278177458033572e-7	1.348119712842308e18
1.2190476190476188e-7	4.978322603077023e17
1.210401891252955e-7	2.448694620029081e18
1.2018779342723003e-7	7.662684009856024e16
1.1934731934731933e-7	4.60060184012085e17
1.185185185185185e-7	2.637540605322873e16
1.1770114942528734e-7	1.1924039562141486e18
1.1689497716894976e-7	4.174007966171193e17
1.1609977324263038e-7	7.501065726451404e17
1.1531531531531531e-7	4.061499817919807e17
1.1454138702460848e-7	1.812452354538715e17
1.1377777777777777e-7	1.7567006469327712e17
1.1302428256070639e-7	4.1462968926615014e17
1.1228070175438595e-7	8.741413330507464e17
1.1154684095860565e-7	3.2191909615378164e16
1.1082251082251081e-7	3.865109009564124e17
1.1010752688172043e-7	3.0937900238193434e17
1.0940170940170939e-7	1.2730090449657434e18
1.0870488322717621e-7	6.589121752368472e15
1.080168776371308e-7	2.8670810636150058e17
1.0733752620545073e-7	2.9926185049619117e17
1.0666666666666666e-7	3.426026553597985e17
1.0600414078674947e-7	1.6984641806052848e17
1.0534979423868312e-7	4.7687065065656024e16
1.0470347648261758e-7	3.587791926755651e17
1.040650406504065e-7	1.0797124971601816e17
1.0343434343434342e-7	1.1945967859303846e17
1.0281124497991966e-7	3.161274656200921e16
1.0219560878243514e-7	7.35312378051431e16
1.0158730158730159e-7	3.426931022229125e17
1.009861932938856e-7	6.27918031184069e16
1.0039215686274509e-7	8.539341017520442e16
9.980506822612084e-8	1.0532899231512512e17
