3.6312056737588646e-7	2.0254382598153018e20
3.5555555555555553e-7	1.5012329658461484e20
3.482993197278911e-7	1.4282791977618538e20
3.413333333333333e-7	1.0758171329599537e20
3.34640522875817e-7	1.5969575288767834e20
3.282051282051282e-7	6.903358370241662e19
3.2201257861635214e-7	1.330707997382119e19
3.160493827160493e-7	3.933423141721534e19
3.1030303030303027e-7	5.469363455427446e19
3.047619047619047e-7	1.2388877010378106e20
2.9941520467836257e-7	1.5959589213309428e19
2.942528735632184e-7	3.4216798262278075e20
2.892655367231638e-7	2.4654486609662965e20
2.844444444444444e-7	1.493795821495837e20
2.797814207650273e-7	6.541476848939475e20
2.7526881720430106e-7	4.069263697711841e20
2.7089947089947086e-7	7.616266096953042e20
2.666666666666666e-7	9.91121922906554e20
2.6256410256410255e-7	1.3189603872824723e21
2.585858585858586e-7	9.100960390049314e20
2.54726368159204e-7	1.6297776993650758e21
2.5098039215686275e-7	1.9212185079640036e21
2.4734299516908207e-7	1.522299486931345e21
2.4380952380952376e-7	2.89684032369354e21
2.4037558685446006e-7	2.503771368730783e21
2.37037037037037e-7	1.546527397396427e21
2.3378995433789952e-7	1.1568608315527408e21
2.3063063063063062e-7	1.0788193107931772e21
2.2755555555555555e-7	8.501187014815777e20
2.245614035087719e-7	1.1501523141838174e21
2.2164502164502162e-7	1.232816545011308e21
2.1880341880341878e-7	3.728382184833582e20
2.160337552742616e-7	4.0554022778048014e20
2.133333333333333e-7	1.924024823443601e20
2.1069958847736624e-7	1.9796203145889687e20
2.08130081300813e-7	3.386936884832152e20
2.0562248995983933e-7	6.067988431078848e20
2.0317460317460317e-7	3.2525947068341584e20
2.0078431372549018e-7	3.861390562464127e20
1.9844961240310076e-7	2.24517348670966e20
1.961685823754789e-7	4.438132238388369e19
1.939393939393939e-7	1.2542880501574104e20
1.9176029962546815e-7	1.760183402351377e20
1.896296296296296e-7	2.4629555825461238e20
1.8754578754578753e-7	3.317835870572857e20
1.8550724637681157e-7	5.119018460229367e20
1.8351254480286738e-7	3.1599068970163346e20
1.8156028368794323e-7	5.2592402989868325e20
1.7964912280701754e-7	3.030108841831152e20
1.7777777777777776e-7	3.220029987774181e20
1.7594501718213055e-7	2.531899066581859e20
1.7414965986394556e-7	1.910004818890389e20
1.7239057239057235e-7	1.2670982448619219e20
1.7066666666666666e-7	1.3883107094502176e20
1.6897689768976896e-7	3.692658632113131e19
1.673202614379085e-7	6.148820543729663e19
1.656957928802589e-7	1.2400893808069773e19
1.641025641025641e-7	5.223935604182392e18
1.6253968253968253e-7	3.752123567321108e18
1.6100628930817607e-7	2.5950317929849293e17
1.5950155763239874e-7	1.4834909141418418e19
1.5802469135802466e-7	1.5845361745929892e18
1.565749235474006e-7	9.54857587205808e18
1.5515151515151514e-7	8.784969281666594e18
1.5375375375375375e-7	6.138355458536083e18
1.5238095238095236e-7	2.1377718402241984e18
1.510324483775811e-7	1.066971505098569e19
1.4970760233918129e-7	1.2254218829725917e19
1.4840579710144926e-7	1.5226279640359043e17
1.471264367816092e-7	3.05185603464948e18
1.4586894586894585e-7	1.6449240080352192e18
1.446327683615819e-7	5.828048503029144e18
1.434173669467787e-7	7.872454137049223e18
1.422222222222222e-7	7.228929279126995e18
1.4104683195592285e-7	2.5300323233582907e19
1.3989071038251365e-7	1.2063356806551695e19
1.3875338753387534e-7	1.2181732356452147e19
1.3763440860215053e-7	1.0314520222242058e19
1.3653333333333334e-7	9.324922891368804e18
1.3544973544973543e-7	1.5826650160140862e16
1.3438320209973753e-7	9.861702349062838e17
1.333333333333333e-7	1.3573221491856707e18
1.3229974160206715e-7	3.5354016909961155e18
1.3128205128205127e-7	5.860588921732818e18
1.302798982188295e-7	2.4143386451650463e18
1.292929292929293e-7	7.86215872302288e18
1.2832080200501253e-7	1.9744883563008282e18
1.27363184079602e-7	8.36427318854004e17
1.2641975308641975e-7	3.5608206255116595e17
1.2549019607843138e-7	8.762100852309558e17
1.2457420924574208e-7	1.1372279345838364e18
1.2367149758454104e-7	2.8147827528882765e17
1.2278177458033572e-7	1.860683104564425e17
1.2190476190476188e-7	6.32214059546989e17
1.210401891252955e-7	7.44909951088012e17
1.2018779342723003e-7	6.998001261585914e16
1.1934731934731933e-7	2.7622839667639626e17
1.185185185185185e-7	4.318202075718678e16
1.1770114942528734e-7	5.938238297549548e17
1.1689497716894976e-7	1.0627176474361691e17
1.1609977324263038e-7	3.044662626087428e17
1.1531531531531531e-7	2.3296665258703514e17
1.1454138702460848e-7	2.6759580611959814e17
1.1377777777777777e-7	1.6750561150459226e17
1.1302428256070639e-7	3.535589055872513e17
1.1228070175438595e-7	2.1608863799596294e17
1.1154684095860565e-7	9.775388149529642e16
1.1082251082251081e-7	3.55867323678e17
1.1010752688172043e-7	1.9669107298302442e17
1.0940170940170939e-7	3.084529872885445e17
1.0870488322717621e-7	1.6226198180534467e17
1.080168776371308e-7	6.757642792212598e17
1.0733752620545073e-7	3.3680057502758816e17
1.0666666666666666e-7	4.2979739398138426e17
1.0600414078674947e-7	2.880730606131101e15
1.0534979423868312e-7	6.27607764883874e16
1.0470347648261758e-7	1.4159311935203276e16
1.040650406504065e-7	2.522381581754412e16
1.0343434343434342e-7	1.3678595626446498e17
1.0281124497991966e-7	9.705420853896818e15
1.0219560878243514e-7	3.810986741435668e16
1.0158730158730159e-7	8.517419587549168e16
1.009861932938856e-7	9.441385117144728e16
1.0039215686274509e-7	4.716994246222531e16
9.980506822612084e-8	7.609586529557317e16
