3.6312056737588646e-7	1.8157404012313513e20
3.5555555555555553e-7	2.1579677811967004e20
3.482993197278911e-7	1.4325616057350354e20
3.413333333333333e-7	1.0255499596709786e20
3.34640522875817e-7	1.5125142647432253e20
3.282051282051282e-7	4.144926958808102e19
3.2201257861635214e-7	1.5351492676611666e18
3.160493827160493e-7	2.930979167863662e19
3.1030303030303027e-7	9.089349771310993e19
3.047619047619047e-7	1.2170220951560226e20
2.9941520467836257e-7	3.6540102623472566e19
2.942528735632184e-7	4.214195396416159e20
2.892655367231638e-7	1.7896902007143845e20
2.844444444444444e-7	2.416222794908476e20
2.797814207650273e-7	6.471278863438979e20
2.7526881720430106e-7	4.8457076138169644e20
2.7089947089947086e-7	8.288927170251105e20
2.666666666666666e-7	1.0447313463062601e21
2.6256410256410255e-7	1.3014265515090153e21
2.585858585858586e-7	7.59132064307751e20
2.54726368159204e-7	1.8278764795585325e21
2.5098039215686275e-7	1.848865596443082e21
2.4734299516908207e-7	1.5512333762587976e21
2.4380952380952376e-7	2.1802245013469148e21
2.4037558685446006e-7	2.0589067986106492e21
2.37037037037037e-7	1.368744417463532e21
2.3378995433789952e-7	1.0685566066972913e21
2.3063063063063062e-7	8.225395169555068e20
2.2755555555555555e-7	3.6976475479719385e20
2.245614035087719e-7	6.77401532707815e20
2.2164502164502162e-7	9.539209353680375e20
2.1880341880341878e-7	3.900121993967717e20
2.160337552742616e-7	4.077565747299053e20
2.133333333333333e-7	2.2412897518800686e20
2.1069958847736624e-7	1.667236661347071e20
2.08130081300813e-7	2.111985356785816e20
2.0562248995983933e-7	5.4052602782874344e20
2.0317460317460317e-7	3.3430611963550984e20
2.0078431372549018e-7	4.098664666756138e20
1.9844961240310076e-7	3.028137595556262e20
1.961685823754789e-7	1.0315628835367415e20
1.939393939393939e-7	9.097076153914276e19
1.9176029962546815e-7	1.009580202150123e20
1.896296296296296e-7	1.4182646987053004e20
1.8754578754578753e-7	1.7050937453416317e20
1.8550724637681157e-7	3.8749680266731356e20
1.8351254480286738e-7	2.7444298521381487e20
1.8156028368794323e-7	4.344048492059651e20
1.7964912280701754e-7	3.825068277180472e20
1.7777777777777776e-7	3.545971270345957e20
1.7594501718213055e-7	3.149896945839936e20
1.7414965986394556e-7	3.030433157898573e20
1.7239057239057235e-7	1.5992584160341954e20
1.7066666666666666e-7	1.9495269187598677e20
1.6897689768976896e-7	7.735109966447192e19
1.673202614379085e-7	5.687770625631447e19
1.656957928802589e-7	3.2092156683573133e19
1.641025641025641e-7	1.1148557624357016e19
1.6253968253968253e-7	6.440999623906917e17
1.6100628930817607e-7	6.300044290591963e18
1.5950155763239874e-7	8.371846607948351e18
1.5802469135802466e-7	8.569486530090143e17
1.565749235474006e-7	1.818764228127314e18
1.5515151515151514e-7	2.6959865479994486e18
1.5375375375375375e-7	5.187090169737576e18
1.5238095238095236e-7	1.7801648616578493e18
1.510324483775811e-7	4.694113679690477e17
1.4970760233918129e-7	3.973097300573907e18
1.4840579710144926e-7	6.248496833163403e18
1.471264367816092e-7	1.243046329541409e19
1.4586894586894585e-7	6.641007611401801e18
1.446327683615819e-7	2.6259464300426535e19
1.434173669467787e-7	1.738813851495888e19
1.422222222222222e-7	9.153403019368827e18
1.4104683195592285e-7	7.525807655470768e18
1.3989071038251365e-7	5.457257230433506e18
1.3875338753387534e-7	1.1191995694102532e18
1.3763440860215053e-7	1.677313246106071e18
1.3653333333333334e-7	2.867340088990418e18
1.3544973544973543e-7	7.582966553995277e18
1.3438320209973753e-7	1.0271681444306547e19
1.333333333333333e-7	2.9630535649787177e18
1.3229974160206715e-7	5.779524831435971e18
1.3128205128205127e-7	2.2807747009302154e18
1.302798982188295e-7	8.689293571936714e16
1.292929292929293e-7	7.259871034934333e17
1.2832080200501253e-7	8.603651708671122e15
1.27363184079602e-7	2.740966861354951e18
1.2641975308641975e-7	1.281219862440394e18
1.2549019607843138e-7	7.666609526250202e17
1.2457420924574208e-7	6.853552813755883e16
1.2367149758454104e-7	3.618967979129727e17
1.2278177458033572e-7	3.7595637974516275e17
1.2190476190476188e-7	4.4607503061358835e17
1.210401891252955e-7	5.92821618913892e17
1.2018779342723003e-7	1.6266949844983424e16
1.1934731934731933e-7	1.5288936699821552e17
1.185185185185185e-7	1.390756248859592e17
1.1770114942528734e-7	8.491164345010191e17
1.1689497716894976e-7	1.046872343162719e17
1.1609977324263038e-7	5.929086499608694e16
1.1531531531531531e-7	6.12944180248816e16
1.1454138702460848e-7	3.576570869901967e17
1.1377777777777777e-7	2.9513410400823456e17
1.1302428256070639e-7	3.7564415186656275e17
1.1228070175438595e-7	9.885597270285472e16
1.1154684095860565e-7	8.4111754861402e16
1.1082251082251081e-7	1.8697239076523747e17
1.1010752688172043e-7	9.19077206589331e16
1.0940170940170939e-7	1.0547930294664114e16
1.0870488322717621e-7	4.291987798117041e16
1.080168776371308e-7	4.652616006204027e17
1.0733752620545073e-7	3.164489514057709e17
1.0666666666666666e-7	2.959143520811604e17
1.0600414078674947e-7	1.6383377402046832e17
1.0534979423868312e-7	3.967977754397943e17
1.0470347648261758e-7	7.00212192285239e16
1.040650406504065e-7	7.976630491810178e16
1.0343434343434342e-7	2.3384842484201796e16
1.0281124497991966e-7	7.525474636407085e16
1.0219560878243514e-7	2.3570500091283852e16
1.0158730158730159e-7	7.343894935169576e16
1.009861932938856e-7	1.0486807594442163e17
1.0039215686274509e-7	1.5825938212367092e16
9.980506822612084e-8	4.688023354799777e16
