3.6312056737588646e-7	3.259202191294726e21
3.5555555555555553e-7	1.0020199835520158e21
3.482993197278911e-7	1.1863413689884722e21
3.413333333333333e-7	1.9031138041433155e20
3.34640522875817e-7	3.623239238159245e20
3.282051282051282e-7	4.4090028788174225e20
3.2201257861635214e-7	2.320006882239464e20
3.160493827160493e-7	1.2700397393052333e20
3.1030303030303027e-7	1.0641771188628187e19
3.047619047619047e-7	3.348834356783972e20
2.9941520467836257e-7	2.9012547389309475e20
2.942528735632184e-7	1.3332671018788014e20
2.892655367231638e-7	3.7245173894700466e20
2.844444444444444e-7	4.7992346443930796e20
2.797814207650273e-7	1.762835823832886e19
2.7526881720430106e-7	3.183871792907611e20
2.7089947089947086e-7	3.5060752267017224e20
2.666666666666666e-7	8.891057806000328e19
2.6256410256410255e-7	6.847521149404073e19
2.585858585858586e-7	2.960963541942193e20
2.54726368159204e-7	8.528805954360014e19
2.5098039215686275e-7	1.1543647867963197e20
2.4734299516908207e-7	6.861060703148612e19
2.4380952380952376e-7	7.120412196521599e19
2.4037558685446006e-7	1.7546048782423317e20
2.37037037037037e-7	3.182143353839751e19
2.3378995433789952e-7	1.8953849569469825e20
2.3063063063063062e-7	7.530705269117959e19
2.2755555555555555e-7	2.5562755917892624e19
2.245614035087719e-7	8.465939435524866e19
2.2164502164502162e-7	2.1736486578685964e19
2.1880341880341878e-7	1.3278992027424445e20
2.160337552742616e-7	6.364587690928405e19
2.133333333333333e-7	3.3107236923267334e19
2.1069958847736624e-7	5.312181505528119e19
2.08130081300813e-7	1.8604848297319952e19
2.0562248995983933e-7	5.2553545474944205e19
2.0317460317460317e-7	2.7798381966039155e19
2.0078431372549018e-7	1.1425372338487181e19
1.9844961240310076e-7	2.4843434975438627e19
1.961685823754789e-7	4.257949965508977e18
1.939393939393939e-7	8.989057623746835e18
1.9176029962546815e-7	6.42638341830512e18
1.896296296296296e-7	4.76536491015907e17
1.8754578754578753e-7	3.673656554816808e18
1.8550724637681157e-7	6.623041772253384e17
1.8351254480286738e-7	8.025045288957678e17
1.8156028368794323e-7	1.0764881336808376e18
1.7964912280701754e-7	2.2381792342693888e17
1.7777777777777776e-7	1.2725246779262623e18
1.7594501718213055e-7	6.083825094198804e16
1.7414965986394556e-7	9.22205702720177e17
1.7239057239057235e-7	3.038203773861912e17
1.7066666666666666e-7	3.283573807438803e17
1.6897689768976896e-7	4.465250036286682e17
1.673202614379085e-7	3.24029636131392e17
1.656957928802589e-7	5.933555487611403e16
1.641025641025641e-7	9.151524336777542e17
1.6253968253968253e-7	1.2216016919602986e17
1.6100628930817607e-7	8.154154774706291e17
1.5950155763239874e-7	6.608119837938322e17
1.5802469135802466e-7	1.3574930697184154e17
1.565749235474006e-7	6.278364935655133e17
1.5515151515151514e-7	2.3347201387416444e16
1.5375375375375375e-7	1.6180274188022134e17
1.5238095238095236e-7	9.585449367133072e16
1.510324483775811e-7	1.4689318931992598e17
1.4970760233918129e-7	1.3234287148947234e16
1.4840579710144926e-7	2.7728368306552378e17
1.471264367816092e-7	2.947020225373755e16
1.4586894586894585e-7	1.7881356849000256e17
1.446327683615819e-7	1.3584482569260243e17
1.434173669467787e-7	3.668438752163172e16
1.422222222222222e-7	1.637306158806035e17
1.4104683195592285e-7	5.759302244206983e15
1.3989071038251365e-7	9.966562800219366e16
1.3875338753387534e-7	2.500101596913638e16
1.3763440860215053e-7	4.782292549602364e16
1.3653333333333334e-7	3.2420513508994704e16
1.3544973544973543e-7	3.869734409973176e16
1.3438320209973753e-7	4.1399424970120456e16
1.333333333333333e-7	1.2024024070723588e16
1.3229974160206715e-7	5.434361359283233e16
1.3128205128205127e-7	9.316470506309346e15
1.302798982188295e-7	3.151378234774395e16
1.292929292929293e-7	2.5273632863490508e16
1.2832080200501253e-7	8.605756987217955e15
1.27363184079602e-7	3.0467980356666444e16
1.2641975308641975e-7	9.626395698693178e15
1.2549019607843138e-7	1.953352462811843e16
1.2457420924574208e-7	1.6647117478338828e16
1.2367149758454104e-7	8.80766529026117e15
1.2278177458033572e-7	1.1613593179554288e16
1.2190476190476188e-7	8.354114758334264e15
1.210401891252955e-7	6.748607174096708e15
1.2018779342723003e-7	6.689322070407948e15
1.1934731934731933e-7	8.139776023566094e15
1.185185185185185e-7	8.009504604778594e15
1.1770114942528734e-7	9.378042505585116e15
1.1689497716894976e-7	1.0801531750206432e16
1.1609977324263038e-7	5.533922883352538e15
1.1531531531531531e-7	7.59586542136159e15
1.1454138702460848e-7	5.661348847293626e15
1.1377777777777777e-7	6.903909585793887e15
1.1302428256070639e-7	3.5105788551709045e15
1.1228070175438595e-7	1.212935924510613e16
1.1154684095860565e-7	4.340502261376144e15
1.1082251082251081e-7	7.081039079958656e15
1.1010752688172043e-7	1.5388556433218295e15
1.0940170940170939e-7	4.1262497285494065e15
1.0870488322717621e-7	5.096194919512267e15
1.080168776371308e-7	3.276233586193341e15
1.0733752620545073e-7	1.2301014592276035e15
1.0666666666666666e-7	1.4118793582829515e15
1.0600414078674947e-7	4.358395545775758e15
1.0534979423868312e-7	1.4477781208800595e15
1.0470347648261758e-7	2.0951473476688478e15
1.040650406504065e-7	8.563798361071367e15
1.0343434343434342e-7	4.056851973668346e14
1.0281124497991966e-7	4.2453432385204105e15
1.0219560878243514e-7	6.185275909783429e15
1.0158730158730159e-7	1.78546839771335e15
1.009861932938856e-7	3.4395662398622815e15
1.0039215686274509e-7	2.8780808457282745e15
9.980506822612084e-8	1.1789286882363422e14
