3.6312056737588646e-7	6.574041502355932e22
3.5555555555555553e-7	9.359164216970252e22
3.482993197278911e-7	8.347860529117303e22
3.413333333333333e-7	6.125475057639261e22
3.34640522875817e-7	1.943555254577528e22
3.282051282051282e-7	1.143942389861185e22
3.2201257861635214e-7	3.4588210495130226e21
3.160493827160493e-7	7.656650503068497e21
3.1030303030303027e-7	2.4319776552577623e22
3.047619047619047e-7	4.419698921326904e22
2.9941520467836257e-7	4.346848909860393e22
2.942528735632184e-7	4.686394991117951e22
2.892655367231638e-7	8.516102856804022e22
2.844444444444444e-7	9.48395632155937e22
2.797814207650273e-7	8.128828601995398e22
2.7526881720430106e-7	9.038269292039337e22
2.7089947089947086e-7	7.008051125952098e22
2.666666666666666e-7	3.2470369145108214e22
2.6256410256410255e-7	1.6574902972400752e22
2.585858585858586e-7	1.802767031193237e22
2.54726368159204e-7	1.0902868157500328e22
2.5098039215686275e-7	4.0892553648136294e21
2.4734299516908207e-7	3.313837686519286e21
2.4380952380952376e-7	2.821657340021152e21
2.4037558685446006e-7	3.828673486790882e21
2.37037037037037e-7	6.439360183163135e21
2.3378995433789952e-7	5.647765859991864e21
2.3063063063063062e-7	2.3222526967688156e21
2.2755555555555555e-7	2.5990472162688154e21
2.245614035087719e-7	1.3608273733119223e21
2.2164502164502162e-7	1.885306456901988e19
2.1880341880341878e-7	2.637986861240868e20
2.160337552742616e-7	9.383567481855404e17
2.133333333333333e-7	7.905381065198495e20
2.1069958847736624e-7	7.70071437478143e20
2.08130081300813e-7	3.997055654959278e19
2.0562248995983933e-7	2.2976575556272436e20
2.0317460317460317e-7	1.4370196046356662e20
2.0078431372549018e-7	3.206165352446131e20
1.9844961240310076e-7	6.068924736005966e20
1.961685823754789e-7	1.890561714046539e20
1.939393939393939e-7	2.5736828933794734e19
1.9176029962546815e-7	9.429857589592601e19
1.896296296296296e-7	2.5238409348304822e19
1.8754578754578753e-7	1.6263027636827472e20
1.8550724637681157e-7	1.6303121886818838e20
1.8351254480286738e-7	1.5689282249986585e19
1.8156028368794323e-7	2.5730123251872444e19
1.7964912280701754e-7	3.4695247747657073e19
1.7777777777777776e-7	2.146785590057234e18
1.7594501718213055e-7	1.4504046305174512e19
1.7414965986394556e-7	8.35256726391247e18
1.7239057239057235e-7	1.2077560286090918e19
1.7066666666666666e-7	2.2672078490556457e18
1.6897689768976896e-7	1.6682779189099545e19
1.673202614379085e-7	9.916064696712909e17
1.656957928802589e-7	1.0530992720966867e19
1.641025641025641e-7	4.483460614903246e18
1.6253968253968253e-7	2.1233297665773489e18
1.6100628930817607e-7	2.687647831467544e18
1.5950155763239874e-7	4.3292755282386616e18
1.5802469135802466e-7	3.037318311187564e17
1.565749235474006e-7	6.503110202212966e18
1.5515151515151514e-7	6.807244783493498e18
1.5375375375375375e-7	4.5629041065619034e17
1.5238095238095236e-7	5.217638779340454e18
1.510324483775811e-7	2.2132916931891315e17
1.4970760233918129e-7	1.977666032165332e18
1.4840579710144926e-7	1.7879389004857848e18
1.471264367816092e-7	2.408090525815221e17
1.4586894586894585e-7	1.1294229008791828e18
1.446327683615819e-7	1.3964327038036964e18
1.434173669467787e-7	2.1200610964006646e17
1.422222222222222e-7	1.0162833122012439e18
1.4104683195592285e-7	6.519476997520374e17
1.3989071038251365e-7	2.5783406973985914e17
1.3875338753387534e-7	5.766687223656957e17
1.3763440860215053e-7	3.5104532122131776e17
1.3653333333333334e-7	2.872286792431466e17
1.3544973544973543e-7	4.0818512060487194e17
1.3438320209973753e-7	3.7772046163346e17
1.333333333333333e-7	2.352608574130908e17
1.3229974160206715e-7	7.737605249573389e16
1.3128205128205127e-7	1.8091317455063917e17
1.302798982188295e-7	7.864837949051875e16
1.292929292929293e-7	8.968297971180238e16
1.2832080200501253e-7	4.556863479795315e17
1.27363184079602e-7	7.932802033518576e16
1.2641975308641975e-7	1.6908844488700502e17
1.2549019607843138e-7	3.295477282276897e16
1.2457420924574208e-7	9.123837966542454e15
1.2367149758454104e-7	2.83292485962516e16
1.2278177458033572e-7	1.6944792350564704e17
1.2190476190476188e-7	1.0989516554634963e17
1.210401891252955e-7	2.4521994485143094e17
1.2018779342723003e-7	2.9968117945747844e16
1.1934731934731933e-7	6.3787105465900184e16
1.185185185185185e-7	1.2670163185607226e16
1.1770114942528734e-7	1.2315589144331514e16
1.1689497716894976e-7	8.815216990186612e15
1.1609977324263038e-7	4.233604150633008e16
1.1531531531531531e-7	1.8439484307153376e16
1.1454138702460848e-7	2.3740023959725945e15
1.1377777777777777e-7	2.2342890757784104e16
1.1302428256070639e-7	4.420467868603775e15
1.1228070175438595e-7	1.0014969794530325e17
1.1154684095860565e-7	4.613270271858237e16
1.1082251082251081e-7	2.694212241724923e15
1.1010752688172043e-7	2.726876197101295e16
1.0940170940170939e-7	7.039547663849291e16
1.0870488322717621e-7	9.871524448483515e16
1.080168776371308e-7	2.33959239077205e15
1.0733752620545073e-7	1.708102647493653e17
1.0666666666666666e-7	5.640406227193012e16
1.0600414078674947e-7	4.3489980473875686e17
1.0534979423868312e-7	1.3515054458123616e17
1.0470347648261758e-7	3.617472568324375e17
1.040650406504065e-7	2.3299238762605997e17
1.0343434343434342e-7	2.1996557323267434e17
1.0281124497991966e-7	1.0601406261708672e17
1.0219560878243514e-7	1.2957936893500058e17
1.0158730158730159e-7	7.14131600301216e16
1.009861932938856e-7	3.896186671757537e16
1.0039215686274509e-7	1.3014615488312347e17
9.980506822612084e-8	2.619111753559451e16
