3.6312056737588646e-7	1.690927621270101e20
3.5555555555555553e-7	2.2727381172198182e20
3.482993197278911e-7	5.946878358457544e19
3.413333333333333e-7	1.3733602860804861e20
3.34640522875817e-7	1.3087469496600527e20
3.282051282051282e-7	2.0181134743869122e20
3.2201257861635214e-7	1.668136527154799e20
3.160493827160493e-7	1.875454662984102e20
3.1030303030303027e-7	1.2732632222319411e20
3.047619047619047e-7	1.0016836936225995e20
2.9941520467836257e-7	7.441866099003769e19
2.942528735632184e-7	5.055369925353385e19
2.892655367231638e-7	5.014467523766725e19
2.844444444444444e-7	7.650065149163754e19
2.797814207650273e-7	1.2980463354959163e20
2.7526881720430106e-7	1.4145635142615882e20
2.7089947089947086e-7	5.1842041119839224e20
2.666666666666666e-7	4.195513303247601e20
2.6256410256410255e-7	1.780826884895217e21
2.585858585858586e-7	1.6790931846552643e21
2.54726368159204e-7	3.9975729058488684e21
2.5098039215686275e-7	4.506618894946505e21
2.4734299516908207e-7	6.906679563992273e21
2.4380952380952376e-7	7.782009435749931e21
2.4037558685446006e-7	8.568707546948359e21
2.37037037037037e-7	6.504698215589319e21
2.3378995433789952e-7	6.253425827155017e21
2.3063063063063062e-7	3.6765565109875025e21
2.2755555555555555e-7	3.1240945559573994e21
2.245614035087719e-7	1.5048358894526524e21
2.2164502164502162e-7	1.0636806966451149e21
2.1880341880341878e-7	5.39496272535676e20
2.160337552742616e-7	2.3629763075404657e20
2.133333333333333e-7	2.488117992602185e20
2.1069958847736624e-7	2.828547310469405e19
2.08130081300813e-7	1.5871785822364762e20
2.0562248995983933e-7	1.0039649316800511e18
2.0317460317460317e-7	9.337755801993554e19
2.0078431372549018e-7	1.8959152565452165e18
1.9844961240310076e-7	4.050325601715269e19
1.961685823754789e-7	4.808488673192737e18
1.939393939393939e-7	1.2919123830121955e19
1.9176029962546815e-7	1.3081595456373604e19
1.896296296296296e-7	7.261962606315602e18
1.8754578754578753e-7	2.5929967622336147e19
1.8550724637681157e-7	8.692153558138e18
1.8351254480286738e-7	3.0792317407854055e19
1.8156028368794323e-7	7.388669189307728e18
1.7964912280701754e-7	2.215658374423904e19
1.7777777777777776e-7	3.6623602825473853e18
1.7594501718213055e-7	1.1621142378718794e19
1.7414965986394556e-7	2.2110941099698803e18
1.7239057239057235e-7	8.945442338173134e18
1.7066666666666666e-7	5.210932066776065e18
1.6897689768976896e-7	1.2022217854837735e19
1.673202614379085e-7	8.289671165685119e18
1.656957928802589e-7	1.3171476401134858e19
1.641025641025641e-7	8.254434586131277e18
1.6253968253968253e-7	1.0868353024146074e19
1.6100628930817607e-7	7.997384448437666e18
1.5950155763239874e-7	1.49232056356934e19
1.5802469135802466e-7	1.1801261823476689e19
1.565749235474006e-7	3.8301007331621904e19
1.5515151515151514e-7	2.619263373332553e19
1.5375375375375375e-7	8.080197758047938e19
1.5238095238095236e-7	6.439149885814976e19
1.510324483775811e-7	1.2879795739134928e20
1.4970760233918129e-7	1.2533567920665611e20
1.4840579710144926e-7	1.7615325725181277e20
1.471264367816092e-7	1.7547063943086703e20
1.4586894586894585e-7	2.181633889862784e20
1.446327683615819e-7	1.7912725298402535e20
1.434173669467787e-7	2.271486608735047e20
1.422222222222222e-7	1.4009849957548086e20
1.4104683195592285e-7	1.8777953148086655e20
1.3989071038251365e-7	9.051028512543601e19
1.3875338753387534e-7	1.2252725568135751e20
1.3763440860215053e-7	4.9933321179656045e19
1.3653333333333334e-7	6.622009537275162e19
1.3544973544973543e-7	2.2703481436296913e19
1.3438320209973753e-7	3.302380189032469e19
1.333333333333333e-7	8.417648612835576e18
1.3229974160206715e-7	1.7357687906764825e19
1.3128205128205127e-7	3.098114903175417e18
1.302798982188295e-7	9.660221813288501e18
1.292929292929293e-7	1.7329674660139592e18
1.2832080200501253e-7	4.643039335325262e18
1.27363184079602e-7	1.352297575750704e18
1.2641975308641975e-7	1.3535015747907645e18
1.2549019607843138e-7	1.2008983989197076e18
1.2457420924574208e-7	1.7355228165543837e17
1.2367149758454104e-7	1.4204589332236e18
1.2278177458033572e-7	4.064614094799716e17
1.2190476190476188e-7	1.7768701866720965e18
1.210401891252955e-7	7.18062058806446e17
1.2018779342723003e-7	1.6566194423020887e18
1.1934731934731933e-7	5.6696433559850566e17
1.185185185185185e-7	1.0205616350502303e18
1.1770114942528734e-7	3.147999692465818e17
1.1689497716894976e-7	5.1424544756898694e17
1.1609977324263038e-7	2.8399379632793738e17
1.1531531531531531e-7	6.099602015197156e17
1.1454138702460848e-7	2.8305888617508842e17
1.1377777777777777e-7	1.1033123866256777e18
1.1302428256070639e-7	1.041389564294081e17
1.1228070175438595e-7	1.54530667554673e18
1.1154684095860565e-7	8.999636210902174e15
1.1082251082251081e-7	1.8938493296576637e18
1.1010752688172043e-7	3.250573211997656e17
1.0940170940170939e-7	2.572295596374143e18
1.0870488322717621e-7	9.042930406561308e17
1.080168776371308e-7	3.7576143516235474e18
1.0733752620545073e-7	1.4308712599422835e18
1.0666666666666666e-7	4.858470438835729e18
1.0600414078674947e-7	1.8544008768240187e18
1.0534979423868312e-7	5.089052785735419e18
1.0470347648261758e-7	2.1281323892012047e18
1.040650406504065e-7	4.351272072763935e18
1.0343434343434342e-7	2.0348999804639598e18
1.0281124497991966e-7	3.1607074228406733e18
1.0219560878243514e-7	1.5316182821336148e18
1.0158730158730159e-7	2.0330269982930394e18
1.009861932938856e-7	9.084381111126999e17
1.0039215686274509e-7	1.1425038105845135e18
9.980506822612084e-8	4.762010230963145e17
