3.6312056737588646e-7	8.829890944420741e17
3.5555555555555553e-7	8.465843102048187e18
3.482993197278911e-7	2.398582098868842e18
3.413333333333333e-7	6.945907505233593e18
3.34640522875817e-7	2.2514669612010998e18
3.282051282051282e-7	2.2589623408791255e18
3.2201257861635214e-7	3.179013916427307e18
3.160493827160493e-7	2.1213675806008315e18
3.1030303030303027e-7	2.7031568832684047e18
3.047619047619047e-7	2.2660858056975857e18
2.9941520467836257e-7	1.5834731411727388e18
2.942528735632184e-7	1.397944514759034e18
2.892655367231638e-7	7.937195631133183e17
2.844444444444444e-7	9.853877574513425e17
2.797814207650273e-7	1.940384635949311e17
2.7526881720430106e-7	1.941866301004368e18
2.7089947089947086e-7	4.882666791472412e16
2.666666666666666e-7	3.294337703589833e18
2.6256410256410255e-7	9.338362012119498e16
2.585858585858586e-7	2.9506596522554783e18
2.54726368159204e-7	4.838702710253313e17
2.5098039215686275e-7	3.837904177648196e18
2.4734299516908207e-7	4.92825242679463e17
2.4380952380952376e-7	2.1382013654250957e18
2.4037558685446006e-7	2.2618069771032646e17
2.37037037037037e-7	1.0250110237677124e18
2.3378995433789952e-7	2.258606257229364e17
2.3063063063063062e-7	7.49376584822814e17
2.2755555555555555e-7	3.89141648948868e17
2.245614035087719e-7	8.084562843096551e15
2.2164502164502162e-7	4.545303731212087e17
2.1880341880341878e-7	1.4046647765350736e17
2.160337552742616e-7	1.6006784135539292e16
2.133333333333333e-7	7.464208920334059e16
2.1069958847736624e-7	1.0407638125066046e17
2.08130081300813e-7	3.372746699676191e16
2.0562248995983933e-7	3.3326317239914944e16
2.0317460317460317e-7	8.446812953503643e16
2.0078431372549018e-7	2.648452893762521e16
1.9844961240310076e-7	3.900424929266989e16
1.961685823754789e-7	6.511884058705274e16
1.939393939393939e-7	1.6229751132530384e16
1.9176029962546815e-7	2.8020560574098736e16
1.896296296296296e-7	2.848762033711779e16
1.8754578754578753e-7	4.786407167515001e15
1.8550724637681157e-7	2.864080391737071e16
1.8351254480286738e-7	3.05779071376557e15
1.8156028368794323e-7	2.5927076317063376e16
1.7964912280701754e-7	5.079952138931724e15
1.7777777777777776e-7	2.2038284128177772e16
1.7594501718213055e-7	4.226043337981445e15
1.7414965986394556e-7	1.6313507096324732e16
1.7239057239057235e-7	1.6477745465772598e15
1.7066666666666666e-7	1.0338181347571682e16
1.6897689768976896e-7	3.115677323935206e15
1.673202614379085e-7	2.254339339821244e15
1.656957928802589e-7	7.286325857749101e15
1.641025641025641e-7	3.2472387782599475e15
1.6253968253968253e-7	1.3737381670459755e15
1.6100628930817607e-7	5.744807447083265e15
1.5950155763239874e-7	5.79198072137507e15
1.5802469135802466e-7	3.6017423306154175e15
1.565749235474006e-7	1.5813828414598535e15
1.5515151515151514e-7	8.739807837500425e14
1.5375375375375375e-7	6.517697462718782e14
1.5238095238095236e-7	5.632614869579531e14
1.510324483775811e-7	6.650638630933774e14
1.4970760233918129e-7	7.964984426256958e14
1.4840579710144926e-7	9.182223950539372e14
1.471264367816092e-7	8.88540734287638e14
1.4586894586894585e-7	5.788708373617008e14
1.446327683615819e-7	6.38690756914923e14
1.434173669467787e-7	3.868470688482315e14
1.422222222222222e-7	2.956169540022805e14
1.4104683195592285e-7	2.013032270500994e14
1.3989071038251365e-7	2.0342769587604897e14
1.3875338753387534e-7	2.279832502124712e14
1.3763440860215053e-7	2.3909846417175744e14
1.3653333333333334e-7	1.7418279186668888e14
1.3544973544973543e-7	1.9655974093701022e14
1.3438320209973753e-7	1.560219639156058e14
1.333333333333333e-7	1.666658130105603e14
1.3229974160206715e-7	1.311756559711373e14
1.3128205128205127e-7	1.0866075606330658e14
1.302798982188295e-7	8.153235672297312e13
1.292929292929293e-7	5.820121631054382e13
1.2832080200501253e-7	1.006871537289391e14
1.27363184079602e-7	5.976324574451772e13
1.2641975308641975e-7	1.1678179578462223e14
1.2549019607843138e-7	5.836408912031419e13
1.2457420924574208e-7	6.2231906734439914e13
1.2367149758454104e-7	6.0458220966307164e13
1.2278177458033572e-7	4.059393338108235e13
1.2190476190476188e-7	8.999517764154932e12
1.210401891252955e-7	2.707422887479339e13
1.2018779342723003e-7	3.583576097474042e13
1.1934731934731933e-7	3.529441481526401e13
1.185185185185185e-7	3.1237743738339805e13
1.1770114942528734e-7	4.5248784873980945e13
1.1689497716894976e-7	1.4017585679294256e13
1.1609977324263038e-7	8.3752197496141875e12
1.1531531531531531e-7	3.696672811411673e12
1.1454138702460848e-7	2.2643130671848813e12
1.1377777777777777e-7	2.837072785090058e13
1.1302428256070639e-7	3.2196023674707234e13
1.1228070175438595e-7	1.8942408175225188e13
1.1154684095860565e-7	1.3029870596090582e13
1.1082251082251081e-7	1.1283377628363213e12
1.1010752688172043e-7	1.1120954155459272e12
1.0940170940170939e-7	5.246458432170102e12
1.0870488322717621e-7	1.6584568340774338e13
1.080168776371308e-7	3.0427177178320503e12
1.0733752620545073e-7	2.595332342235217e13
1.0666666666666666e-7	2.2687505836291742e13
1.0600414078674947e-7	3.352538847332572e12
1.0534979423868312e-7	7.544954992689231e11
1.0470347648261758e-7	2.1493610209026643e12
1.040650406504065e-7	5.719508926532849e12
1.0343434343434342e-7	7.717849867082639e12
1.0281124497991966e-7	1.647704322796006e13
1.0219560878243514e-7	6.194570539746889e12
1.0158730158730159e-7	5.665736490429341e12
1.009861932938856e-7	4.2753144716047773e12
1.0039215686274509e-7	7.466744032229329e11
9.980506822612084e-8	3.591667752443625e12
