3.6312056737588646e-7	2.464286619152776e20
3.5555555555555553e-7	9.234523908373355e19
3.482993197278911e-7	1.2483747673788206e20
3.413333333333333e-7	1.1153128307684755e20
3.34640522875817e-7	3.1925204966509144e20
3.282051282051282e-7	1.485491340042664e20
3.2201257861635214e-7	2.9788120097876856e20
3.160493827160493e-7	5.813314069860249e19
3.1030303030303027e-7	2.6458880534038616e20
3.047619047619047e-7	4.281036038390493e19
2.9941520467836257e-7	1.298891850132519e20
2.942528735632184e-7	1.4791478607189095e20
2.892655367231638e-7	5.316999470172918e20
2.844444444444444e-7	1.250761256633954e20
2.797814207650273e-7	8.371378823413748e20
2.7526881720430106e-7	1.0969116188523955e21
2.7089947089947086e-7	6.940404809902283e20
2.666666666666666e-7	1.9947711867305599e21
2.6256410256410255e-7	1.6045939190251122e21
2.585858585858586e-7	1.9737428720597333e21
2.54726368159204e-7	2.505335157483236e21
2.5098039215686275e-7	3.9001579664374927e21
2.4734299516908207e-7	3.484000290614024e21
2.4380952380952376e-7	4.764747692772954e21
2.4037558685446006e-7	6.518578043849685e21
2.37037037037037e-7	4.564495067968608e21
2.3378995433789952e-7	6.550993131224203e21
2.3063063063063062e-7	4.899221230939808e21
2.2755555555555555e-7	4.46089266667621e21
2.245614035087719e-7	3.937127341770861e21
2.2164502164502162e-7	3.860642854340068e21
2.1880341880341878e-7	2.64119919450664e21
2.160337552742616e-7	3.6229154109487154e21
2.133333333333333e-7	2.6662180127284543e21
2.1069958847736624e-7	1.9478571477571779e21
2.08130081300813e-7	1.6249864758884106e21
2.0562248995983933e-7	4.696914403001358e20
2.0317460317460317e-7	4.242364397461305e20
2.0078431372549018e-7	5.7472004702583685e20
1.9844961240310076e-7	9.955401132659536e20
1.961685823754789e-7	1.1539733015892201e21
1.939393939393939e-7	2.3579323368820397e21
1.9176029962546815e-7	1.6247732072468274e21
1.896296296296296e-7	2.6751112366995003e21
1.8754578754578753e-7	1.8994279470772802e21
1.8550724637681157e-7	1.920902523772649e21
1.8351254480286738e-7	1.6210691269677647e21
1.8156028368794323e-7	1.158521450374074e21
1.7964912280701754e-7	9.103568669884955e20
1.7777777777777776e-7	7.528113467663497e20
1.7594501718213055e-7	2.7815706245971585e20
1.7414965986394556e-7	4.115798107192167e20
1.7239057239057235e-7	5.0211529471298355e19
1.7066666666666666e-7	1.0436924138370543e20
1.6897689768976896e-7	2.046281116010702e19
1.673202614379085e-7	1.0982178034877521e18
1.656957928802589e-7	2.187588080238953e17
1.641025641025641e-7	6.648626124627495e18
1.6253968253968253e-7	2.006990229675609e19
1.6100628930817607e-7	5.066166280130339e18
1.5950155763239874e-7	1.4873973101988528e19
1.5802469135802466e-7	2.1464320062025187e19
1.565749235474006e-7	9.37430864914481e17
1.5515151515151514e-7	1.1253161975342322e19
1.5375375375375375e-7	1.1035461525461852e19
1.5238095238095236e-7	1.8418249323613204e19
1.510324483775811e-7	8.75410997019522e17
1.4970760233918129e-7	1.6634810602465567e19
1.4840579710144926e-7	2.0384097459251827e19
1.471264367816092e-7	3.809922407789362e18
1.4586894586894585e-7	2.911481648780809e19
1.446327683615819e-7	2.935500030355252e19
1.434173669467787e-7	5.591182158901969e19
1.422222222222222e-7	3.563757444116496e19
1.4104683195592285e-7	7.81051978603913e19
1.3989071038251365e-7	5.929313663259718e19
1.3875338753387534e-7	4.7406690314988814e19
1.3763440860215053e-7	4.831759913018565e19
1.3653333333333334e-7	3.477098195660806e19
1.3544973544973543e-7	1.9530910298816782e19
1.3438320209973753e-7	1.1592412524172782e19
1.333333333333333e-7	2.0246259186648236e19
1.3229974160206715e-7	3.3951509588433976e18
1.3128205128205127e-7	9.2413080844618e18
1.302798982188295e-7	1.078027004652545e19
1.292929292929293e-7	1.5220269628993995e19
1.2832080200501253e-7	8.832706099677696e18
1.27363184079602e-7	1.5423723386144158e19
1.2641975308641975e-7	1.4501960540401537e19
1.2549019607843138e-7	7.161809653073385e18
1.2457420924574208e-7	8.139052105580046e18
1.2367149758454104e-7	6.172072797989476e18
1.2278177458033572e-7	7.403705679306164e18
1.2190476190476188e-7	1.2255623162977126e18
1.210401891252955e-7	5.00235275494125e18
1.2018779342723003e-7	1.9806427090730737e18
1.1934731934731933e-7	2.5252499834647736e18
1.185185185185185e-7	1.9545314300675037e17
1.1770114942528734e-7	2.3291405299227884e18
1.1689497716894976e-7	4.371688130739721e17
1.1609977324263038e-7	6.852829793323346e17
1.1531531531531531e-7	7.95210411637409e17
1.1454138702460848e-7	1.4715310137022484e18
1.1377777777777777e-7	3.046147029693994e18
1.1302428256070639e-7	1.9659351999836004e18
1.1228070175438595e-7	1.2398107579525921e18
1.1154684095860565e-7	1.0954231304344933e18
1.1082251082251081e-7	1.0239007512987978e18
1.1010752688172043e-7	6.147026734893612e17
1.0940170940170939e-7	8.305629341014601e17
1.0870488322717621e-7	1.1976089908239253e17
1.080168776371308e-7	1.7229019049491773e17
1.0733752620545073e-7	5.833130646884326e17
1.0666666666666666e-7	1.0556929017999726e17
1.0600414078674947e-7	2.1225174846107338e17
1.0534979423868312e-7	2.067457253256395e17
1.0470347648261758e-7	2.7307973687570003e17
1.040650406504065e-7	9.051478311510262e16
1.0343434343434342e-7	1.0002090249008888e17
1.0281124497991966e-7	2.313529482599748e17
1.0219560878243514e-7	2.1793667647330876e16
1.0158730158730159e-7	2.3976105286886045e17
1.009861932938856e-7	1.3535634218791414e14
1.0039215686274509e-7	1.3773338966363166e17
9.980506822612084e-8	1.0993002529764606e16
