3.6312056737588646e-7	8.373516616460804e19
3.5555555555555553e-7	5.142658427363535e20
3.482993197278911e-7	4.1733645673393136e19
3.413333333333333e-7	2.010421190211971e20
3.34640522875817e-7	2.0678071790298926e20
3.282051282051282e-7	4.424773051268547e19
3.2201257861635214e-7	3.614481944985892e20
3.160493827160493e-7	1.4084384943903277e20
3.1030303030303027e-7	2.1668618567919095e20
3.047619047619047e-7	3.9796544314474706e20
2.9941520467836257e-7	1.8729891390073884e20
2.942528735632184e-7	2.4806625021873137e20
2.892655367231638e-7	4.118160514434268e20
2.844444444444444e-7	3.293020178405321e20
2.797814207650273e-7	1.3673718880036584e20
2.7526881720430106e-7	1.3472910704263384e20
2.7089947089947086e-7	7.423663719017918e19
2.666666666666666e-7	1.5348111326045753e20
2.6256410256410255e-7	2.8836105782270126e20
2.585858585858586e-7	2.592282324808519e20
2.54726368159204e-7	6.357354874811198e20
2.5098039215686275e-7	1.0275764632211211e21
2.4734299516908207e-7	1.0500411150584093e21
2.4380952380952376e-7	7.912715154826352e20
2.4037558685446006e-7	9.26661879619756e20
2.37037037037037e-7	5.986432974297789e20
2.3378995433789952e-7	1.7535855560189556e20
2.3063063063063062e-7	1.4459167521090058e19
2.2755555555555555e-7	7.274540755579513e19
2.245614035087719e-7	4.6897642840944194e20
2.2164502164502162e-7	5.364565735827561e20
2.1880341880341878e-7	4.663547698570877e20
2.160337552742616e-7	5.0029340936139905e20
2.133333333333333e-7	2.238105151570144e20
2.1069958847736624e-7	6.68169876938691e18
2.08130081300813e-7	3.031827419250647e18
2.0562248995983933e-7	1.3665582284183146e19
2.0317460317460317e-7	5.319367913435001e19
2.0078431372549018e-7	4.885515409421854e19
1.9844961240310076e-7	2.987408668746007e19
1.961685823754789e-7	9.760418964612108e18
1.939393939393939e-7	2.48893845443512e18
1.9176029962546815e-7	1.6104904054608105e19
1.896296296296296e-7	3.4173472280921514e19
1.8754578754578753e-7	6.920980219011615e19
1.8550724637681157e-7	1.0346131113633661e20
1.8351254480286738e-7	1.0020727195536651e20
1.8156028368794323e-7	5.1333086609939276e19
1.7964912280701754e-7	5.941963778266913e19
1.7777777777777776e-7	6.337882849382113e19
1.7594501718213055e-7	5.369239622104241e19
1.7414965986394556e-7	4.054114766667432e19
1.7239057239057235e-7	4.434818691769895e19
1.7066666666666666e-7	1.7770176243144952e19
1.6897689768976896e-7	8.597377454572124e18
1.673202614379085e-7	6.233063411317578e18
1.656957928802589e-7	2.570612560643484e18
1.641025641025641e-7	2.387102237416104e18
1.6253968253968253e-7	5.842948548605373e17
1.6100628930817607e-7	7.825888806450547e17
1.5950155763239874e-7	5.883248142548728e17
1.5802469135802466e-7	1.2818764480880297e18
1.565749235474006e-7	1.7618517529522442e18
1.5515151515151514e-7	1.0094564597962808e18
1.5375375375375375e-7	1.375242388993334e18
1.5238095238095236e-7	1.8402710992140726e18
1.510324483775811e-7	1.2993118769768837e18
1.4970760233918129e-7	4.007727901247899e17
1.4840579710144926e-7	5.52456372852221e17
1.471264367816092e-7	9.26115470746366e16
1.4586894586894585e-7	1.61661559978811e17
1.446327683615819e-7	1.229541604854145e17
1.434173669467787e-7	7.842263190100678e16
1.422222222222222e-7	1.6326835891788842e17
1.4104683195592285e-7	6.420021706906619e16
1.3989071038251365e-7	2.391498894952624e17
1.3875338753387534e-7	1.2312402635158662e17
1.3763440860215053e-7	2.696067222446045e17
1.3653333333333334e-7	2.3451585621178224e17
1.3544973544973543e-7	3.016714986859894e17
1.3438320209973753e-7	2.0463134741973126e17
1.333333333333333e-7	1.5567293612891462e17
1.3229974160206715e-7	1.3829558453713739e17
1.3128205128205127e-7	1.4271452811023147e17
1.302798982188295e-7	1.2946969809447133e17
1.292929292929293e-7	9.60124719714339e16
1.2832080200501253e-7	9.160972707303757e16
1.27363184079602e-7	4.7643614537155224e16
1.2641975308641975e-7	4.105040233955486e16
1.2549019607843138e-7	6.633932447418954e15
1.2457420924574208e-7	6.204567123359836e15
1.2367149758454104e-7	9.998623106424191e14
1.2278177458033572e-7	6.810240833804338e15
1.2190476190476188e-7	4.3232316261701375e15
1.210401891252955e-7	1.1592528489278072e16
1.2018779342723003e-7	3.4551627977200715e15
1.1934731934731933e-7	8.858704343520562e15
1.185185185185185e-7	1.259894574607477e15
1.1770114942528734e-7	3.859477318190766e15
1.1689497716894976e-7	9.233646326202598e14
1.1609977324263038e-7	1.0065509088515095e15
1.1531531531531531e-7	7.836195410397649e14
1.1454138702460848e-7	3.068059118381882e14
1.1377777777777777e-7	5.852123384812531e13
1.1302428256070639e-7	2.5200713813907485e15
1.1228070175438595e-7	1.2685311516003889e14
1.1154684095860565e-7	3.332293211668692e14
1.1082251082251081e-7	1.226241683210993e14
1.1010752688172043e-7	8.639427904865568e14
1.0940170940170939e-7	1.8036905484611544e14
1.0870488322717621e-7	1.8456478998330745e15
1.080168776371308e-7	9.319700227297436e13
1.0733752620545073e-7	2.0967479352922902e15
1.0666666666666666e-7	2.686101425012544e15
1.0600414078674947e-7	4.800395700551075e14
1.0534979423868312e-7	7.022690113779389e14
1.0470347648261758e-7	4.821531717661136e14
1.040650406504065e-7	1.629379774223048e15
1.0343434343434342e-7	1.8617607750741538e15
1.0281124497991966e-7	2.3316071067167635e15
1.0219560878243514e-7	2.337523212523271e15
1.0158730158730159e-7	3.986624320727815e14
1.009861932938856e-7	1.1704919801209388e14
1.0039215686274509e-7	2.6020203143929508e13
9.980506822612084e-8	2.6934897916067094e14
