-2.846413612357564e-14	5.257171133333318e15
-2.8352948091842922e-14	5.41982996687063e15
-2.8241760060110207e-14	2.26982578724974e15
-2.813057202837749e-14	4.9144289186945656e14
-2.801938399664477e-14	1.516264305721464e15
-2.7908195964912055e-14	2.4075576679394895e15
-2.7797007933179336e-14	1.5787632297104158e15
-2.768581990144662e-14	3.432585253664516e14
-2.7574631869713902e-14	7.807870700935505e13
-2.7463443837981184e-14	9.210398864374181e14
-2.735225580624847e-14	2.0187776508717688e15
-2.724106777451575e-14	1.9651536460453515e15
-2.7129879742783032e-14	8.219357402148964e14
-2.7018691711050316e-14	1.1317473861801048e15
-2.6907503679317598e-14	3.991957091207608e15
-2.679631564758488e-14	6.018610475415592e15
-2.6685127615852164e-14	4.77714816953079e15
-2.6573939584119446e-14	4.476235145878448e15
-2.6462751552386727e-14	9.571122862618994e15
-2.6351563520654012e-14	1.5759975300686104e16
-2.6240375488921293e-14	1.675161892751999e16
-2.6129187457188578e-14	1.7624623604681156e16
-2.601799942545586e-14	2.915083912005226e16
-2.590681139372314e-14	4.988295129914772e16
-2.5795623361990426e-14	7.0458709239029016e16
-2.5684435330257707e-14	9.902043127823858e16
-2.557324729852499e-14	1.6159923544047677e17
-2.5462059266792273e-14	2.6287632652163818e17
-2.5350871235059555e-14	3.606096756400348e17
-2.5239683203326836e-14	3.9689574953771686e17
-2.512849517159412e-14	3.4930699845594086e17
-2.5017307139861403e-14	2.418287781114877e17
-2.4906119108128687e-14	1.2137236386065542e17
-2.479493107639597e-14	4.30135068205396e16
-2.468374304466325e-14	5.837931900972944e16
-2.4572555012930535e-14	1.735289887041715e17
-2.4461366981197817e-14	3.0915025774839584e17
-2.4350178949465098e-14	3.436433886369148e17
-2.4238990917732383e-14	2.312193119288125e17
-2.4127802885999664e-14	6.610795818752769e16
-2.4016614854266946e-14	1.0199744770505171e15
-2.390542682253423e-14	9.852072275041078e16
-2.3794238790801512e-14	2.7528714398265914e17
-2.3683050759068793e-14	3.890086495505562e17
-2.3571862727336078e-14	3.6561664651192614e17
-2.346067469560336e-14	2.456740213665568e17
-2.3349486663870644e-14	1.2826711737460686e17
-2.3238298632137926e-14	7.976886107428338e16
-2.3127110600405207e-14	8.729550185249592e16
-2.3015922568672492e-14	9.098063608101211e16
-2.2904734536939774e-14	6.039629022396958e16
-2.2793546505207055e-14	3.4396920634148612e16
-2.268235847347434e-14	7.536772340290059e16
-2.257117044174162e-14	1.8549407143304976e17
-2.2459982410008903e-14	2.856215705492488e17
-2.2348794378276187e-14	2.8960904290893165e17
-2.223760634654347e-14	1.9329434082176406e17
-2.212641831481075e-14	7.779198699448464e16
-2.2015230283078035e-14	2.4799867449715296e16
-2.1904042251345317e-14	3.8395496840796296e16
-2.17928542196126e-14	5.644528778798669e16
-2.1681666187879883e-14	3.4965919584398604e16
-2.1570478156147164e-14	8.062816185135174e15
-2.145929012441445e-14	4.92992449625217e16
-2.134810209268173e-14	1.7183557610752186e17
-2.1236914060949012e-14	2.8805809377892186e17
-2.1125726029216297e-14	2.9353304492491104e17
-2.1014537997483578e-14	1.869719139344882e17
-2.090334996575086e-14	7.583581630210213e16
-2.0792161934018145e-14	5.04677837418376e16
-2.0680973902285426e-14	8.29985418517353e16
-2.056978587055271e-14	8.242093172679314e16
-2.0458597838819992e-14	3.0424994661906356e16
-2.0347409807087274e-14	1.1552503910203228e16
-2.023622177535456e-14	9.486644319300922e16
-2.012503374362184e-14	2.28209852883496e17
-2.001384571188912e-14	2.893785975759088e17
-1.9902657680156406e-14	2.2777117574486538e17
-1.9791469648423688e-14	1.151817195902633e17
-1.968028161669097e-14	5.102957873296655e16
-1.9569093584958254e-14	5.20080502459109e16
-1.9457905553225535e-14	5.8591055461223096e16
-1.9346717521492817e-14	3.0805478219964736e16
-1.92355294897601e-14	2.384251269605092e15
-1.9124341458027383e-14	3.177190376963892e16
-1.9013153426294668e-14	1.2056687024991811e17
-1.890196539456195e-14	2.010979040848425e17
-1.879077736282923e-14	2.055001004875039e17
-1.8679589331096515e-14	1.3564991758871891e17
-1.8568401299363797e-14	5.739748715619378e16
-1.845721326763108e-14	2.8583876392585844e16
-1.8346025235898363e-14	4.1907004094091896e16
-1.8234837204165645e-14	4.608620069727809e16
-1.8123649172432926e-14	2.008717537924665e16
-1.801246114070021e-14	1.0253268004493884e16
-1.7901273108967492e-14	7.724709317504666e16
-1.7790085077234774e-14	2.0838600474715635e17
-1.767889704550206e-14	3.065175025867347e17
-1.756770901376934e-14	2.866459593332482e17
-1.7456520982036625e-14	1.7504586292748867e17
-1.7345332950303906e-14	8.47195315379622e16
-1.7234144918571188e-14	8.521085590839552e16
-1.7122956886838473e-14	1.2530829736810822e17
-1.7011768855105754e-14	1.1157196870928386e17
-1.6900580823373036e-14	4.5026642015068344e16
-1.678939279164032e-14	3.256254452227352e16
-1.6678204759907602e-14	1.4751807414463968e17
-1.6567016728174883e-14	3.178108746399583e17
-1.6455828696442168e-14	3.939653582902324e17
-1.634464066470945e-14	3.182701761302494e17
-1.6233452632976734e-14	1.8429670736359574e17
-1.6122264601244016e-14	1.1750262822207062e17
-1.6011076569511297e-14	1.3294085426575053e17
-1.5899888537778582e-14	1.431461089643032e17
-1.5788700506045863e-14	9.039187553523766e16
-1.5677512474313145e-14	2.8083808676286224e16
-1.556632444258043e-14	5.3930429518588584e16
-1.545513641084771e-14	1.8422814183539434e17
-1.5343948379114993e-14	3.22101487330006e17
-1.5232760347382277e-14	3.548260383127726e17
-1.512157231564956e-14	2.6854022167612675e17
-1.501038428391684e-14	1.5492152540364214e17
-1.4899196252184125e-14	1.068875757567056e17
-1.4788008220451407e-14	1.2196605170609246e17
-1.467682018871869e-14	1.2223789920256109e17
-1.4565632156985973e-14	6.594118779097576e16
-1.4454444125253254e-14	1.4053865769273188e16
-1.434325609352054e-14	6.188398131762512e16
-1.423206806178782e-14	2.1085362833857827e17
-1.4120880030055104e-14	3.424464701737165e17
-1.4009691998322385e-14	3.415623677138938e17
-1.3898503966589668e-14	2.27209680146003e17
-1.3787315934856951e-14	1.2704486898006325e17
-1.3676127903124234e-14	1.2283081836981373e17
-1.3564939871391516e-14	1.6020025694890294e17
-1.3453751839658799e-14	1.3656684444641744e17
-1.3342563807926082e-14	5.038636981248071e16
-1.3231375776193364e-14	1.4151235048805788e16
-1.3120187744460647e-14	1.1158807497670213e17
-1.300899971272793e-14	2.828793915700975e17
-1.2897811680995213e-14	3.847295107187536e17
-1.2786623649262494e-14	3.493399466507964e17
-1.2675435617529777e-14	2.4893526373465338e17
-1.256424758579706e-14	1.9830686850171014e17
-1.2453059554064344e-14	2.2197592827749424e17
-1.2341871522331625e-14	2.4005706456941418e17
-1.2230683490598908e-14	1.7939879882034227e17
-1.2119495458866191e-14	7.79074554291968e16
-1.2008307427133473e-14	6.1004724663407784e16
-1.1897119395400756e-14	2.055864945547102e17
-1.1785931363668039e-14	4.348563436404481e17
-1.1674743331935322e-14	5.750855232244627e17
-1.1563555300202604e-14	5.3606273860700954e17
-1.1452367268469887e-14	4.14696270974155e17
-1.134117923673717e-14	3.809956423347284e17
-1.1229991205004451e-14	4.665263160273476e17
-1.1118803173271735e-14	5.216026620767311e17
-1.1007615141539018e-14	4.115362645890614e17
-1.08964271098063e-14	2.0728059528271363e17
-1.0785239078073582e-14	1.1819191892093762e17
-1.0674051046340865e-14	2.4640592523776864e17
-1.0562863014608148e-14	4.719216147764543e17
-1.045167498287543e-14	5.99419004444264e17
-1.0340486951142713e-14	5.681107662362669e17
-1.0229298919409996e-14	4.8110896475013325e17
-1.011811088767728e-14	4.6341293235904576e17
-1.000692285594456e-14	5.4172867292196224e17
-9.895734824211844e-15	6.555994456730529e17
-9.784546792479127e-15	7.356437422864724e17
-9.673358760746408e-15	7.473388224122811e17
-9.562170729013692e-15	6.864336736444316e17
-9.450982697280975e-15	5.787464607035109e17
-9.339794665548258e-15	5.1022657619951904e17
-9.22860663381554e-15	6.355814730931217e17
-9.117418602082822e-15	1.0925990132855203e18
-9.006230570350105e-15	1.8621091662908234e18
-8.895042538617387e-15	2.7555535631082583e18
-8.78385450688467e-15	3.63034341948988e18
-8.672666475151953e-15	4.612713322930229e18
-8.561478443419236e-15	5.978601714354173e18
-8.450290411686518e-15	7.733510019334622e18
-8.339102379953801e-15	9.413905824644178e18
-8.227914348221084e-15	1.0463715643513962e19
-8.116726316488367e-15	1.0826551580312408e19
-8.005538284755649e-15	1.111808827150556e19
-7.894350253022932e-15	1.230414800652579e19
-7.783162221290215e-15	1.531869495057863e19
-7.671974189557496e-15	2.0737652492973728e19
-7.56078615782478e-15	2.820122583773001e19
-7.449598126092062e-15	3.581572496388482e19
-7.338410094359346e-15	4.059481314438715e19
-7.227222062626627e-15	4.037570303524097e19
-7.11603403089391e-15	3.5712959449507578e19
-7.0048459991611925e-15	2.959673119507823e19
-6.893657967428476e-15	2.4975353440511173e19
-6.782469935695758e-15	2.269698232417008e19
-6.671281903963041e-15	2.2123982632791556e19
-6.560093872230323e-15	2.3430926101540565e19
-6.4489058404976064e-15	2.843770265729601e19
-6.337717808764889e-15	3.855045641817602e19
-6.226529777032172e-15	5.198383947642006e19
-6.115341745299454e-15	6.361364733678516e19
-6.0041537135667364e-15	6.816364046756921e19
-5.8929656818340195e-15	6.393466513299832e19
-5.781777650101302e-15	5.371153188067717e19
-5.670589618368585e-15	4.2334085254033514e19
-5.559401586635867e-15	3.3601149784048312e19
-5.44821355490315e-15	2.9347674643069706e19
-5.337025523170433e-15	3.064405717069587e19
-5.225837491437715e-15	3.851811092299019e19
-5.114649459704998e-15	5.252051866349752e19
-5.00346142797228e-15	6.881404980295968e19
-4.8922733962395635e-15	8.093361153801493e19
-4.781085364506846e-15	8.364693336866436e19
-4.669897332774129e-15	7.651672445737764e19
-4.558709301041411e-15	6.368198983115374e19
-4.4475212693086935e-15	5.035394396778248e19
-4.3363332375759766e-15	3.974662652765799e19
-4.225145205843259e-15	3.2904924997853757e19
-4.113957174110542e-15	3.019243915941298e19
-4.002769142377824e-15	3.1812301379330056e19
-3.891581110645107e-15	3.685760299732677e19
-3.78039307891239e-15	4.269929655433637e19
-3.669205047179673e-15	4.607374701875509e19
-3.558017015446955e-15	4.504451474732613e19
-3.446828983714238e-15	4.001540832576905e19
-3.3356409519815205e-15	3.308566008265115e19
-3.2244529202488032e-15	2.6610900634657055e19
-3.113264888516086e-15	2.2180477764272472e19
-3.0020768567833682e-15	2.0402261218399937e19
-2.890888825050651e-15	2.106687662061574e19
-2.7797007933179336e-15	2.324211113720562e19
-2.6685127615852163e-15	2.540623428187197e19
-2.557324729852499e-15	2.6019082376188596e19
-2.4461366981197817e-15	2.444032399849594e19
-2.3349486663870644e-15	2.13887982486727e19
-2.2237606346543467e-15	1.8294906414739034e19
-2.1125726029216294e-15	1.6050628735101497e19
-2.001384571188912e-15	1.4450395825015038e19
-1.890196539456195e-15	1.2873119750800906e19
-1.7790085077234776e-15	1.1275388397132503e19
-1.6678204759907603e-15	1.02440184568116e19
-1.556632444258043e-15	1.0119578852885705e19
-1.4454444125253255e-15	1.037568476944281e19
-1.3342563807926082e-15	1.0037961638714518e19
-1.2230683490598909e-15	8.609638338978712e18
-1.1118803173271734e-15	6.463045835901781e18
-1.000692285594456e-15	4.408738363942587e18
-8.895042538617388e-16	3.0317873354264325e18
-7.783162221290215e-16	2.4119864755298324e18
-6.671281903963041e-16	2.2889604434414141e18
-5.559401586635867e-16	2.3609834813972685e18
-4.447521269308694e-16	2.453730769294802e18
-3.3356409519815204e-16	2.507411831414369e18
-2.223760634654347e-16	2.489811651325386e18
-1.1118803173271735e-16	2.374907854428479e18
0.0	2.2047781761708104e18
1.1118803173271735e-16	2.0986804584901294e18
2.223760634654347e-16	2.123593837285567e18
3.3356409519815204e-16	2.174587202052253e18
4.447521269308694e-16	2.0720105450749983e18
5.559401586635867e-16	1.8018985222338345e18
6.671281903963041e-16	1.582339391459472e18
7.783162221290215e-16	1.6292923522415816e18
8.895042538617388e-16	1.895165612490852e18
1.000692285594456e-15	2.1020083710737728e18
1.1118803173271734e-15	2.0188075364604147e18
1.2230683490598909e-15	1.654308467416917e18
1.3342563807926082e-15	1.1919604012571336e18
1.4454444125253255e-15	8.076664066279158e17
1.556632444258043e-15	5.720184146138338e17
1.6678204759907603e-15	4.6511586040583904e17
1.7790085077234776e-15	4.215358444976329e17
1.890196539456195e-15	3.690904781457376e17
2.001384571188912e-15	2.7244482074846128e17
2.1125726029216294e-15	1.6139960721114157e17
2.2237606346543467e-15	1.0617528435028483e17
2.3349486663870644e-15	1.536979941204943e17
2.4461366981197817e-15	2.8343328780722912e17
2.557324729852499e-15	4.176695515741358e17
2.6685127615852163e-15	4.728830244311576e17
2.7797007933179336e-15	4.180519135843079e17
2.890888825050651e-15	3.032236545673118e17
3.0020768567833682e-15	2.2845554157762662e17
3.113264888516086e-15	2.6290716045157738e17
3.2244529202488032e-15	3.80304787381264e17
3.3356409519815205e-15	4.775297611951787e17
3.446828983714238e-15	4.647422430748462e17
3.558017015446955e-15	3.4177308139716986e17
3.669205047179673e-15	1.9229044537263248e17
3.78039307891239e-15	1.0978537419785198e17
3.891581110645107e-15	1.2509455420178838e17
4.002769142377824e-15	1.9120128701898794e17
4.113957174110542e-15	2.298833985622032e17
4.225145205843259e-15	2.0080900212344102e17
4.3363332375759766e-15	1.3771441447506851e17
4.4475212693086935e-15	1.184081362690384e17
4.558709301041411e-15	1.9022346036865923e17
4.669897332774129e-15	3.183717552553308e17
4.781085364506846e-15	4.0978994963451814e17
4.8922733962395635e-15	3.933446183433634e17
5.00346142797228e-15	2.7983445681958442e17
5.114649459704998e-15	1.4553890345909e17
5.225837491437715e-15	6.108433330436693e16
5.337025523170433e-15	3.900018038936435e16
5.44821355490315e-15	4.514576025311859e16
5.559401586635867e-15	4.802555531201113e16
5.670589618368585e-15	4.713175856244414e16
5.781777650101302e-15	5.709176162239019e16
5.8929656818340195e-15	7.795638717108242e16
6.0041537135667364e-15	9.041299624995475e16
6.115341745299454e-15	7.77064539050743e16
6.226529777032172e-15	4.488474758484912e16
6.337717808764889e-15	1.3691427345788392e16
6.4489058404976064e-15	7.813460927627746e14
6.560093872230323e-15	3.447437836089415e15
6.671281903963041e-15	7.633500552668996e15
6.782469935695758e-15	9.184243988153508e15
6.893657967428476e-15	2.3215821260425436e16
7.0048459991611925e-15	6.675833954158045e16
7.11603403089391e-15	1.3133937025930746e17
7.227222062626627e-15	1.7988995317517734e17
7.338410094359346e-15	1.7834939692780112e17
7.449598126092062e-15	1.3018557385316622e17
7.56078615782478e-15	7.512221753642837e16
7.671974189557496e-15	5.292978043456743e16
7.783162221290215e-15	7.018694628932795e16
7.894350253022932e-15	1.0009841787517283e17
8.005538284755649e-15	1.0976250801164085e17
8.116726316488367e-15	8.813823085798939e16
8.227914348221084e-15	5.327874112368634e16
8.339102379953801e-15	3.438759840820115e16
8.450290411686518e-15	4.316914875455998e16
8.561478443419236e-15	6.162923116413257e16
8.672666475151953e-15	6.208560613886506e16
8.78385450688467e-15	4.020651569558995e16
8.895042538617387e-15	2.2668801098055404e16
9.006230570350105e-15	3.8471288397260696e16
9.117418602082822e-15	8.647856386935014e16
9.22860663381554e-15	1.3510458035308397e17
9.339794665548258e-15	1.512010739179414e17
9.450982697280975e-15	1.2635607345602947e17
9.562170729013692e-15	7.921849094764733e16
9.673358760746408e-15	3.785274801856299e16
9.784546792479127e-15	1.815493490777446e16
9.895734824211844e-15	1.4317358585685424e16
1.000692285594456e-14	1.0411645098186972e16
1.011811088767728e-14	3.617952585102506e15
1.0229298919409996e-14	1.240411776136666e16
1.0340486951142713e-14	5.562469481690126e16
1.045167498287543e-14	1.247841075010977e17
1.0562863014608148e-14	1.8377681900433078e17
1.0674051046340865e-14	1.980731098956217e17
1.0785239078073582e-14	1.6165040518318262e17
1.08964271098063e-14	9.767116798689408e16
1.1007615141539018e-14	3.93457583021748e16
1.1118803173271735e-14	9.22794936857842e15
1.1229991205004451e-14	7.643327370164504e15
1.134117923673717e-14	1.6335184572319934e16
1.1452367268469887e-14	1.820825273661636e16
1.1563555300202604e-14	1.6831284463669134e16
1.1674743331935322e-14	3.18050007086944e16
1.1785931363668039e-14	7.189901962228845e16
1.1897119395400756e-14	1.1855241638476826e17
1.2008307427133473e-14	1.412544981990795e17
1.2119495458866191e-14	1.2604060030123613e17
1.2230683490598908e-14	8.553558737373578e16
1.2341871522331625e-14	4.607256480794541e16
1.2453059554064344e-14	2.9658141445417776e16
1.256424758579706e-14	4.21333904551942e16
1.2675435617529777e-14	6.956531823984318e16
1.2786623649262494e-14	8.776590751434669e16
1.2897811680995213e-14	8.342374876189776e16
1.300899971272793e-14	6.650292119422656e16
1.3120187744460647e-14	5.676254621930158e16
1.3231375776193364e-14	5.973216711466889e16
1.3342563807926082e-14	6.27453653059833e16
1.3453751839658799e-14	5.378360949835806e16
1.3564939871391516e-14	3.68616670290845e16
1.3676127903124234e-14	2.8468348751723756e16
1.3787315934856951e-14	4.50196863920607e16
1.3898503966589668e-14	9.18275390468816e16
1.4009691998322385e-14	1.5395090464729155e17
1.4120880030055104e-14	1.9675817639151098e17
1.423206806178782e-14	1.8836001233159933e17
1.434325609352054e-14	1.30046983267323e17
1.4454444125253254e-14	5.865372415104132e16
1.4565632156985973e-14	1.262949374982699e16
1.467682018871869e-14	6.986521150697967e13
1.4788008220451407e-14	2.960731742709774e15
1.4899196252184125e-14	3.984034530960503e15
1.501038428391684e-14	1.9279136501424418e15
1.512157231564956e-14	8.058236364737742e15
1.5232760347382277e-14	3.6018947180136824e16
1.5343948379114993e-14	8.904281718900392e16
1.545513641084771e-14	1.4728318489923008e17
1.556632444258043e-14	1.7382122608801152e17
1.5677512474313145e-14	1.4691982906867194e17
1.5788700506045863e-14	8.610620137308166e16
1.5899888537778582e-14	3.575255821580776e16
1.6011076569511297e-14	2.245793232318614e16
1.6122264601244016e-14	3.677344467944598e16
1.6233452632976734e-14	5.370146274065786e16
1.634464066470945e-14	5.823447916331127e16
1.6455828696442168e-14	5.084731439063062e16
1.6567016728174883e-14	4.240674220851634e16
1.6678204759907602e-14	4.7710012785754216e16
1.678939279164032e-14	7.140126114174686e16
1.6900580823373036e-14	9.546518785313701e16
1.7011768855105754e-14	9.354225200681165e16
1.7122956886838473e-14	6.465089181346357e16
1.7234144918571188e-14	4.0981451791514456e16
1.7345332950303906e-14	5.410633499013331e16
1.7456520982036625e-14	1.0372855798266366e17
1.756770901376934e-14	1.6594193213484714e17
1.767889704550206e-14	2.16886749329065e17
1.7790085077234774e-14	2.3663030983103248e17
1.7901273108967492e-14	2.076963737210967e17
1.801246114070021e-14	1.335954814581474e17
1.8123649172432926e-14	5.221190964970873e16
1.8234837204165645e-14	7.388797905819282e15
1.8346025235898363e-14	5.614356561852426e15
1.845721326763108e-14	1.6864040032387324e16
1.8568401299363797e-14	1.6739764885491984e16
1.8679589331096515e-14	1.0122985309429284e16
1.879077736282923e-14	1.451076755317992e16
1.890196539456195e-14	4.037165501846591e16
1.9013153426294668e-14	8.90586144564474e16
1.9124341458027383e-14	1.4756046179095978e17
1.92355294897601e-14	1.8121959832579187e17
1.9346717521492817e-14	1.5794566480453446e17
1.9457905553225535e-14	9.24830197710607e16
1.9569093584958254e-14	4.429221655075561e16
1.968028161669097e-14	5.456122408802912e16
1.9791469648423688e-14	1.024328391169354e17
1.9902657680156406e-14	1.3834651543621058e17
2.001384571188912e-14	1.4034660042887408e17
2.012503374362184e-14	1.1804220393099395e17
2.023622177535456e-14	8.306468279795514e16
2.0347409807087274e-14	4.531062038012801e16
2.0458597838819992e-14	2.398334822405698e16
2.056978587055271e-14	2.9228616522688056e16
2.0680973902285426e-14	3.954690306682057e16
2.0792161934018145e-14	2.8693478749620136e16
2.090334996575086e-14	1.0227552907107288e16
2.1014537997483578e-14	2.33564523961297e16
2.1125726029216297e-14	7.864938463178998e16
2.1236914060949012e-14	1.529341023962491e17
2.134810209268173e-14	2.3273271249205725e17
2.145929012441445e-14	3.1540844199982176e17
2.1570478156147164e-14	3.637391749330858e17
2.1681666187879883e-14	3.201936464503034e17
2.17928542196126e-14	1.9580975736590352e17
2.1904042251345317e-14	9.25521396859624e16
2.2015230283078035e-14	9.172226071407645e16
2.212641831481075e-14	1.5650419791359626e17
2.223760634654347e-14	1.91199962983447e17
2.2348794378276187e-14	1.6287843995137923e17
2.2459982410008903e-14	1.1013244863734326e17
2.257117044174162e-14	6.286866022498912e16
2.268235847347434e-14	2.3903988287624068e16
2.2793546505207055e-14	1.3915072667414446e16
2.2904734536939774e-14	5.537322564041386e16
2.3015922568672492e-14	1.091004609880689e17
2.3127110600405207e-14	1.0578257480821038e17
2.3238298632137926e-14	5.675192843850392e16
2.3349486663870644e-14	5.5379115508941384e16
2.346067469560336e-14	1.4333483027404371e17
2.3571862727336078e-14	2.5941899689328326e17
2.3683050759068793e-14	3.579397192800714e17
2.3794238790801512e-14	4.763684834492928e17
2.390542682253423e-14	6.124994263397516e17
2.4016614854266946e-14	6.407143303852196e17
2.4127802885999664e-14	4.813611366157032e17
2.4238990917732383e-14	2.8555240803701226e17
2.4350178949465098e-14	2.862992462242738e17
2.4461366981197817e-14	4.815588178992083e17
2.4572555012930535e-14	6.375945987926446e17
2.468374304466325e-14	6.286378058251983e17
2.479493107639597e-14	5.833411699518935e17
2.4906119108128687e-14	6.206917488116675e17
2.5017307139861403e-14	6.565623080018799e17
2.512849517159412e-14	6.577919065705622e17
2.5239683203326836e-14	9.132314134422694e17
2.5350871235059555e-14	1.731442603885749e18
2.5462059266792273e-14	2.861288344991742e18
2.557324729852499e-14	3.5174062661451315e18
2.5684435330257707e-14	3.1524691179619983e18
2.5795623361990426e-14	2.0504870216566285e18
2.590681139372314e-14	9.96700116958921e17
2.601799942545586e-14	4.731516669702003e17
2.6129187457188578e-14	3.5394642861838035e17
2.6240375488921293e-14	3.00968004257519e17
2.6351563520654012e-14	1.9693339894602038e17
2.6462751552386727e-14	1.2346968606906878e17
2.6573939584119446e-14	1.1637938809710931e17
2.6685127615852164e-14	1.1259727435026853e17
2.679631564758488e-14	7.711322115329786e16
2.6907503679317598e-14	4.682104901122171e16
2.7018691711050316e-14	4.725397407088673e16
2.7129879742783032e-14	5.1735302702641064e16
2.724106777451575e-14	3.713628733759505e16
2.735225580624847e-14	2.036189951358773e16
2.7463443837981184e-14	2.0307129174143144e16
2.7574631869713902e-14	2.5502176713582404e16
2.768581990144662e-14	1.9597559438758976e16
2.7797007933179336e-14	9.395599777281446e15
2.7908195964912055e-14	8.278749740227937e15
2.801938399664477e-14	1.2358475215107732e16
2.813057202837749e-14	1.0569868570931996e16
2.8241760060110207e-14	4.459068034440221e15
2.8352948091842922e-14	2.7186676491440715e15
