3.6312056737588646e-7	3.316083034035144e20
3.5555555555555553e-7	1.2557422086264434e21
3.482993197278911e-7	3.24130885989614e20
3.413333333333333e-7	6.324633503513616e20
3.34640522875817e-7	8.331530783419386e20
3.282051282051282e-7	2.261855424490052e20
3.2201257861635214e-7	5.8512515034184994e20
3.160493827160493e-7	3.051724107074278e20
3.1030303030303027e-7	7.20073741271077e19
3.047619047619047e-7	1.2597628363216183e20
2.9941520467836257e-7	2.553793500810637e19
2.942528735632184e-7	7.530047786918247e19
2.892655367231638e-7	4.618048194929503e20
2.844444444444444e-7	8.391012518078466e20
2.797814207650273e-7	8.478136506757554e20
2.7526881720430106e-7	8.445913685037616e20
2.7089947089947086e-7	2.945425293017681e20
2.666666666666666e-7	7.239742344004817e19
2.6256410256410255e-7	1.542899892062906e20
2.585858585858586e-7	5.684363046801572e20
2.54726368159204e-7	6.615080484526461e20
2.5098039215686275e-7	3.994695352675276e20
2.4734299516908207e-7	1.2929320083683906e20
2.4380952380952376e-7	2.875516123029597e19
2.4037558685446006e-7	9.356191510831687e19
2.37037037037037e-7	4.6396867509758394e20
2.3378995433789952e-7	6.093982294726489e20
2.3063063063063062e-7	2.574177905423793e20
2.2755555555555555e-7	8.523837921552769e19
2.245614035087719e-7	6.7022974143756845e19
2.2164502164502162e-7	1.599127742763738e20
2.1880341880341878e-7	3.746227417424218e20
2.160337552742616e-7	3.2750634230005885e20
2.133333333333333e-7	1.7776832767888136e19
2.1069958847736624e-7	1.2815814040949934e20
2.08130081300813e-7	2.1849526871094002e20
2.0562248995983933e-7	5.322142419710656e19
2.0317460317460317e-7	2.7768128434096435e18
2.0078431372549018e-7	1.2404302499842175e19
1.9844961240310076e-7	2.5489568911717695e19
1.961685823754789e-7	2.368089612715139e19
1.939393939393939e-7	4.563349334719141e19
1.9176029962546815e-7	3.703349792173851e19
1.896296296296296e-7	3.813982938636729e19
1.8754578754578753e-7	2.721748780332553e19
1.8550724637681157e-7	1.1077526133675948e19
1.8351254480286738e-7	3.1238939012839946e18
1.8156028368794323e-7	8.185415200385587e18
1.7964912280701754e-7	3.1698101484609122e19
1.7777777777777776e-7	5.194616381128495e19
1.7594501718213055e-7	4.9104335656270094e19
1.7414965986394556e-7	2.75319722396754e19
1.7239057239057235e-7	3.2856500582115656e19
1.7066666666666666e-7	5.1760738233217606e19
1.6897689768976896e-7	2.691155126149899e19
1.673202614379085e-7	2.3701635836838973e19
1.656957928802589e-7	1.682766806079472e19
1.641025641025641e-7	4.99523350329208e18
1.6253968253968253e-7	3.6349455975806177e18
1.6100628930817607e-7	2.2587689831686752e17
1.5950155763239874e-7	2.0132956230149978e17
1.5802469135802466e-7	2.5450279130290515e17
1.565749235474006e-7	1.4259358563441456e16
1.5515151515151514e-7	1.9143352703931296e17
1.5375375375375375e-7	1.017691074540169e16
1.5238095238095236e-7	4.2227890885803625e15
1.510324483775811e-7	3.351939384520392e17
1.4970760233918129e-7	2.4443710205581098e17
1.4840579710144926e-7	7.463376161541902e17
1.471264367816092e-7	3.606350168012657e17
1.4586894586894585e-7	6.443501257524486e17
1.446327683615819e-7	1.9623937778087094e17
1.434173669467787e-7	3.953473767603234e17
1.422222222222222e-7	1.6944362161239562e17
1.4104683195592285e-7	3.413429443240871e17
1.3989071038251365e-7	1.30847855195085e17
1.3875338753387534e-7	2.3312651043238662e17
1.3763440860215053e-7	7.24454717149968e16
1.3653333333333334e-7	1.1457278499909293e17
1.3544973544973543e-7	1.5068199522930864e16
1.3438320209973753e-7	9.331136743686848e15
1.333333333333333e-7	1.85279973432495e16
1.3229974160206715e-7	4.66349796231661e15
1.3128205128205127e-7	2.5938721474090708e16
1.302798982188295e-7	1.4533265460715136e16
1.292929292929293e-7	1.0889694633985106e16
1.2832080200501253e-7	7.573489298175372e15
1.27363184079602e-7	2.4668438371560105e15
1.2641975308641975e-7	4.6868801416945575e14
1.2549019607843138e-7	1.0686448850442034e16
1.2457420924574208e-7	7.613536881111375e14
1.2367149758454104e-7	1.1758512306600696e16
1.2278177458033572e-7	4.189269311696726e14
1.2190476190476188e-7	4.270380290707072e15
1.210401891252955e-7	7.149205821118112e13
1.2018779342723003e-7	1.4166081190596372e15
1.1934731934731933e-7	1.9655548650487425e14
1.185185185185185e-7	1.8356949391508762e15
1.1770114942528734e-7	1.1250743702447608e14
1.1689497716894976e-7	2.328202466384065e15
1.1609977324263038e-7	1.1595031225548716e14
1.1531531531531531e-7	1.4908852017605458e15
1.1454138702460848e-7	9.835788791863317e13
1.1377777777777777e-7	2.288826816601933e14
1.1302428256070639e-7	3.0947977328510306e14
1.1228070175438595e-7	2.7635506932856406e14
1.1154684095860565e-7	2.413573040108804e14
1.1082251082251081e-7	1.1096903813380724e15
1.1010752688172043e-7	2.349988206731236e14
1.0940170940170939e-7	6.737416905256538e14
1.0870488322717621e-7	4.085308670763944e14
1.080168776371308e-7	4.82532778379889e14
1.0733752620545073e-7	4.4689932811602394e14
1.0666666666666666e-7	2.8639016196432944e14
1.0600414078674947e-7	2.612946439508644e14
1.0534979423868312e-7	7.328789566946796e14
1.0470347648261758e-7	5.944524116582438e14
1.040650406504065e-7	3.9705251243443356e14
1.0343434343434342e-7	1.4139228649122352e15
1.0281124497991966e-7	2.3408796703073134e14
1.0219560878243514e-7	1.3208945232358942e15
1.0158730158730159e-7	3.170414224353658e14
1.009861932938856e-7	6.899893515713761e14
1.0039215686274509e-7	3.943498101106434e14
9.980506822612084e-8	2.2913006838173534e14
