3.6312056737588646e-7	4.657571405277065e18
3.5555555555555553e-7	6.125932100956649e18
3.482993197278911e-7	9.401705741171945e18
3.413333333333333e-7	8.805612517064806e18
3.34640522875817e-7	8.683817524060825e18
3.282051282051282e-7	4.734249225324545e18
3.2201257861635214e-7	6.785808152612369e18
3.160493827160493e-7	4.020812531082151e18
3.1030303030303027e-7	4.226843826535491e18
3.047619047619047e-7	2.6965536078157384e18
2.9941520467836257e-7	2.557848461508258e18
2.942528735632184e-7	1.847877851122281e18
2.892655367231638e-7	9.755068837202108e17
2.844444444444444e-7	2.893355928103877e18
2.797814207650273e-7	2.0172246921320688e17
2.7526881720430106e-7	7.016426861051005e18
2.7089947089947086e-7	2.179193621731476e17
2.666666666666666e-7	8.847518676294807e18
2.6256410256410255e-7	2.987491942687513e18
2.585858585858586e-7	1.796461141322275e19
2.54726368159204e-7	1.1637022377556849e19
2.5098039215686275e-7	3.05947191687002e19
2.4734299516908207e-7	1.703669431570169e19
2.4380952380952376e-7	2.201809664512521e19
2.4037558685446006e-7	1.637750676701419e19
2.37037037037037e-7	1.1797828934905143e19
2.3378995433789952e-7	8.313106210208327e18
2.3063063063063062e-7	2.1170689321476995e18
2.2755555555555555e-7	2.2045724860113792e18
2.245614035087719e-7	1.1671526684729416e18
2.2164502164502162e-7	1.3819479271036715e17
2.1880341880341878e-7	1.3377953810672027e17
2.160337552742616e-7	9.074973905639286e17
2.133333333333333e-7	4.045384178860022e17
2.1069958847736624e-7	7.564138051098995e16
2.08130081300813e-7	2.1707010825915526e17
2.0562248995983933e-7	9.730935111860652e15
2.0317460317460317e-7	1.4704306346283296e17
2.0078431372549018e-7	1.7382607532376195e17
1.9844961240310076e-7	1.7702966226987052e16
1.961685823754789e-7	1.1526978641989363e17
1.939393939393939e-7	4.242100954347984e16
1.9176029962546815e-7	3.6597524828577896e16
1.896296296296296e-7	5.0811879521814056e16
1.8754578754578753e-7	1.4796449277763062e16
1.8550724637681157e-7	5.790964269893615e16
1.8351254480286738e-7	1.5697391776935878e16
1.8156028368794323e-7	5.4343368452253736e16
1.7964912280701754e-7	1.9630902654357444e16
1.7777777777777776e-7	3.461220786453071e16
1.7594501718213055e-7	2.659689795991934e16
1.7414965986394556e-7	6.26219554076194e15
1.7239057239057235e-7	2.4577207423756124e16
1.7066666666666666e-7	6.569457649551028e15
1.6897689768976896e-7	2.6063559817141055e15
1.673202614379085e-7	1.6807098109031512e16
1.656957928802589e-7	1.490727984576858e16
1.641025641025641e-7	3.496018586054217e15
1.6253968253968253e-7	1.2864731601093928e15
1.6100628930817607e-7	7.10524096188116e15
1.5950155763239874e-7	5.656518209227201e15
1.5802469135802466e-7	7.926084679373742e15
1.565749235474006e-7	3.5175957378426465e15
1.5515151515151514e-7	4.353048966840232e15
1.5375375375375375e-7	2.8700066798361195e15
1.5238095238095236e-7	3.1941269768504365e15
1.510324483775811e-7	3.4163018959554055e15
1.4970760233918129e-7	2.60532256723853e15
1.4840579710144926e-7	3.012682477769528e15
1.471264367816092e-7	1.6532074496101265e15
1.4586894586894585e-7	1.894489368634306e15
1.446327683615819e-7	1.0394752541130702e15
1.434173669467787e-7	1.084810500278211e15
1.422222222222222e-7	9.021779866463458e14
1.4104683195592285e-7	6.679419713505859e14
1.3989071038251365e-7	1.0033159759587905e15
1.3875338753387534e-7	5.276639550490249e14
1.3763440860215053e-7	8.735090356429591e14
1.3653333333333334e-7	4.6360431731911725e14
1.3544973544973543e-7	6.697102817989756e14
1.3438320209973753e-7	3.9588088457306325e14
1.333333333333333e-7	4.25727605104656e14
1.3229974160206715e-7	3.5554815246894275e14
1.3128205128205127e-7	2.26148157529016e14
1.302798982188295e-7	2.8877347559067644e14
1.292929292929293e-7	1.6960250763026306e14
1.2832080200501253e-7	2.553579090003924e14
1.27363184079602e-7	1.884131216516689e14
1.2641975308641975e-7	2.3050435587837325e14
1.2549019607843138e-7	1.621221492961079e14
1.2457420924574208e-7	1.1019362704390534e14
1.2367149758454104e-7	1.088749570083458e14
1.2278177458033572e-7	1.0377203623249184e14
1.2190476190476188e-7	7.238902187847162e13
1.210401891252955e-7	7.919617792910683e13
1.2018779342723003e-7	5.079959420264708e13
1.1934731934731933e-7	7.52646332552503e13
1.185185185185185e-7	4.6838801349084266e13
1.1770114942528734e-7	1.6622086014730188e14
1.1689497716894976e-7	4.990209067703525e13
1.1609977324263038e-7	2.4044068460721035e13
1.1531531531531531e-7	5.3013571931904205e11
1.1454138702460848e-7	2.0040536991902875e13
1.1377777777777777e-7	3.884315207779059e13
1.1302428256070639e-7	3.5271087587372945e13
1.1228070175438595e-7	1.4356653170608031e13
1.1154684095860565e-7	2.6181559448941625e13
1.1082251082251081e-7	7.408482577057621e12
1.1010752688172043e-7	1.1521636808396844e13
1.0940170940170939e-7	2.1204673949967215e13
1.0870488322717621e-7	8.841772585088662e12
1.080168776371308e-7	2.4976721918108344e13
1.0733752620545073e-7	8.742390639376887e11
1.0666666666666666e-7	1.7487635999325822e13
1.0600414078674947e-7	1.0766307309925688e12
1.0534979423868312e-7	2.1340900134890105e13
1.0470347648261758e-7	1.2496390712136527e13
1.040650406504065e-7	1.2221376379833662e13
1.0343434343434342e-7	1.6329049924449576e13
1.0281124497991966e-7	4.815229196215689e12
1.0219560878243514e-7	2.1630065746740188e13
1.0158730158730159e-7	4.564434075234932e11
1.009861932938856e-7	1.1299964110782928e13
1.0039215686274509e-7	2.1015382367656372e12
9.980506822612084e-8	5.382825481350495e12
