3.6312056737588646e-7	2.374686297717056e19
3.5555555555555553e-7	1.0158411777137721e20
3.482993197278911e-7	2.9105553727858934e19
3.413333333333333e-7	5.486771211459366e19
3.34640522875817e-7	1.5115513983648954e19
3.282051282051282e-7	2.499182302943951e19
3.2201257861635214e-7	8.093153978195677e18
3.160493827160493e-7	2.7911572507296846e19
3.1030303030303027e-7	2.13409526237731e19
3.047619047619047e-7	3.6438981737336422e19
2.9941520467836257e-7	4.41714963907044e19
2.942528735632184e-7	1.9578839352756273e19
2.892655367231638e-7	9.0061961820956e19
2.844444444444444e-7	2.1972778576767926e19
2.797814207650273e-7	1.722943768164228e20
2.7526881720430106e-7	1.2481081277386321e20
2.7089947089947086e-7	3.5136169164457476e20
2.666666666666666e-7	2.9056771416349498e20
2.6256410256410255e-7	6.1493544923926e20
2.585858585858586e-7	3.188645258823234e20
2.54726368159204e-7	6.158735806870716e20
2.5098039215686275e-7	2.448787894725857e20
2.4734299516908207e-7	4.116439122772133e20
2.4380952380952376e-7	1.4740876193848148e20
2.4037558685446006e-7	1.932727377492533e20
2.37037037037037e-7	7.398696935505715e19
2.3378995433789952e-7	7.995375977723992e19
2.3063063063063062e-7	3.922030927595525e19
2.2755555555555555e-7	3.779179759328408e19
2.245614035087719e-7	2.4265768988866646e19
2.2164502164502162e-7	2.024137079952661e19
2.1880341880341878e-7	1.415117611362801e19
2.160337552742616e-7	7.823524288665591e18
2.133333333333333e-7	9.29504514452277e18
2.1069958847736624e-7	3.477868550403068e18
2.08130081300813e-7	9.251673465060172e18
2.0562248995983933e-7	6.203870083615945e18
2.0317460317460317e-7	8.900202218638176e18
2.0078431372549018e-7	8.670009921878878e18
